"DE1 0AQ",10,435996,335424,"E92000001","E19000001","E18000004","","E06000015","E05001770"
"DE1 0FD",10,435996,335424,"E92000001","E19000001","E18000004","","E06000015","E05001770"
"DE1 0GP",10,435996,335424,"E92000001","E19000001","E18000004","","E06000015","E05001770"
"DE1 0GQ",10,435996,335424,"E92000001","E19000001","E18000004","","E06000015","E05001770"
"DE1 0GR",10,435996,335424,"E92000001","E19000001","E18000004","","E06000015","E05001770"
"DE1 0GS",10,435996,335424,"E92000001","E19000001","E18000004","","E06000015","E05001770"
"DE1 0HN",10,435996,335424,"E92000001","E19000001","E18000004","","E06000015","E05001770"
"DE1 0HP",10,435996,335424,"E92000001","E19000001","E18000004","","E06000015","E05001770"
"DE1 0JR",10,435996,335424,"E92000001","E19000001","E18000004","","E06000015","E05001770"
"DE1 0NP",10,435996,335424,"E92000001","E19000001","E18000004","","E06000015","E05001770"
"DE1 0NQ",10,435996,335424,"E92000001","E19000001","E18000004","","E06000015","E05001770"
"DE1 0PG",10,435996,335424,"E92000001","E19000001","E18000004","","E06000015","E05001770"
"DE1 0PR",10,435996,335424,"E92000001","E19000001","E18000004","","E06000015","E05001770"
"DE1 0QU",10,435996,335424,"E92000001","E19000001","E18000004","","E06000015","E05001770"
"DE1 0RN",10,435996,335424,"E92000001","E19000001","E18000004","","E06000015","E05001770"
"DE1 0RY",10,435996,335424,"E92000001","E19000001","E18000004","","E06000015","E05001770"
"DE1 0SZ",10,435996,335424,"E92000001","E19000001","E18000004","","E06000015","E05001770"
"DE1 0TB",10,435996,335424,"E92000001","E19000001","E18000004","","E06000015","E05001770"
"DE1 0TD",10,435996,335424,"E92000001","E19000001","E18000004","","E06000015","E05001770"
"DE1 0TL",10,435996,335424,"E92000001","E19000001","E18000004","","E06000015","E05001770"
"DE1 0UJ",10,435996,335424,"E92000001","E19000001","E18000004","","E06000015","E05001770"
"DE1 0UP",10,435996,335424,"E92000001","E19000001","E18000004","","E06000015","E05001770"
"DE1 0UZ",10,435996,335424,"E92000001","E19000001","E18000004","","E06000015","E05001770"
"DE1 0WB",10,435996,335424,"E92000001","E19000001","E18000004","","E06000015","E05001770"
"DE1 0XJ",10,435996,335424,"E92000001","E19000001","E18000004","","E06000015","E05001770"
"DE1 0XL",10,435996,335424,"E92000001","E19000001","E18000004","","E06000015","E05001770"
"DE1 0XN",10,435996,335424,"E92000001","E19000001","E18000004","","E06000015","E05001770"
"DE1 0XP",10,435996,335424,"E92000001","E19000001","E18000004","","E06000015","E05001770"
"DE1 0XW",50,435996,335424,"E92000001","E19000001","E18000004","","E06000015","E05001770"
"DE1 0XY",10,435996,335424,"E92000001","E19000001","E18000004","","E06000015","E05001770"
"DE1 0YB",10,435996,335424,"E92000001","E19000001","E18000004","","E06000015","E05001770"
"DE1 0YG",10,435996,335424,"E92000001","E19000001","E18000004","","E06000015","E05001770"
"DE1 0ZN",50,435996,335424,"E92000001","E19000001","E18000004","","E06000015","E05001770"
"DE1 0ZU",10,435996,335424,"E92000001","E19000001","E18000004","","E06000015","E05001770"
"DE1 1AA",10,435996,335424,"E92000001","E19000001","E18000004","","E06000015","E05001770"
"DE1 1AF",10,435996,335424,"E92000001","E19000001","E18000004","","E06000015","E05001770"
"DE1 1AG",10,434084,335971,"E92000001","E19000001","E18000004","","E06000015","E05001767"
"DE1 1AJ",10,434031,335885,"E92000001","E19000001","E18000004","","E06000015","E05001767"
"DE1 1AP",50,435996,335424,"E92000001","E19000001","E18000004","","E06000015","E05001770"
"DE1 1BA",10,435150,336249,"E92000001","E19000001","E18000004","","E06000015","E05001770"
"DE1 1BE",10,435112,336279,"E92000001","E19000001","E18000004","","E06000015","E05001770"
"DE1 1BG",10,435104,336195,"E92000001","E19000001","E18000004","","E06000015","E05001770"
"DE1 1BJ",10,435104,336242,"E92000001","E19000001","E18000004","","E06000015","E05001770"
"DE1 1BQ",10,435111,336297,"E92000001","E19000001","E18000004","","E06000015","E05001770"
"DE1 1BR",10,435020,336325,"E92000001","E19000001","E18000004","","E06000015","E05001770"
"DE1 1BS",10,435054,336294,"E92000001","E19000001","E18000004","","E06000015","E05001770"
"DE1 1BT",10,434498,336413,"E92000001","E19000001","E18000004","","E06000015","E05001778"
"DE1 1BU",10,434884,336356,"E92000001","E19000001","E18000004","","E06000015","E05001770"
"DE1 1BW",10,434576,336585,"E92000001","E19000001","E18000004","","E06000015","E05001775"
"DE1 1BX",10,434742,336401,"E92000001","E19000001","E18000004","","E06000015","E05001775"
"DE1 1DA",10,434685,336430,"E92000001","E19000001","E18000004","","E06000015","E05001775"
"DE1 1DB",10,434414,336237,"E92000001","E19000001","E18000004","","E06000015","E05001767"
"DE1 1DF",10,434531,336498,"E92000001","E19000001","E18000004","","E06000015","E05001775"
"DE1 1DG",10,434544,336563,"E92000001","E19000001","E18000004","","E06000015","E05001775"
"DE1 1DH",10,434446,336615,"E92000001","E19000001","E18000004","","E06000015","E05001775"
"DE1 1DJ",10,434393,336558,"E92000001","E19000001","E18000004","","E06000015","E05001775"
"DE1 1DL",10,434207,336273,"E92000001","E19000001","E18000004","","E06000015","E05001778"
"DE1 1DN",10,434477,336325,"E92000001","E19000001","E18000004","","E06000015","E05001778"
"DE1 1DP",10,434247,336295,"E92000001","E19000001","E18000004","","E06000015","E05001778"
"DE1 1DQ",10,434486,336299,"E92000001","E19000001","E18000004","","E06000015","E05001778"
"DE1 1DR",10,434420,336274,"E92000001","E19000001","E18000004","","E06000015","E05001778"
"DE1 1DS",10,434376,336345,"E92000001","E19000001","E18000004","","E06000015","E05001778"
"DE1 1DT",10,434331,336254,"E92000001","E19000001","E18000004","","E06000015","E05001778"
"DE1 1DU",10,434368,336582,"E92000001","E19000001","E18000004","","E06000015","E05001775"
"DE1 1DW",10,434284,336673,"E92000001","E19000001","E18000004","","E06000015","E05001775"
"DE1 1DX",10,434235,336678,"E92000001","E19000001","E18000004","","E06000015","E05001775"
"DE1 1DY",10,434401,336573,"E92000001","E19000001","E18000004","","E06000015","E05001775"
"DE1 1DZ",10,434678,336502,"E92000001","E19000001","E18000004","","E06000015","E05001775"
"DE1 1EE",10,434804,336444,"E92000001","E19000001","E18000004","","E06000015","E05001770"
"DE1 1EH",10,434859,336391,"E92000001","E19000001","E18000004","","E06000015","E05001770"
"DE1 1EN",10,434256,336644,"E92000001","E19000001","E18000004","","E06000015","E05001775"
"DE1 1EP",10,434852,336439,"E92000001","E19000001","E18000004","","E06000015","E05001770"
"DE1 1EQ",10,435207,336170,"E92000001","E19000001","E18000004","","E06000015","E05001770"
"DE1 1ES",10,435220,336130,"E92000001","E19000001","E18000004","","E06000015","E05001770"
"DE1 1EX",10,434875,336324,"E92000001","E19000001","E18000004","","E06000015","E05001770"
"DE1 1EZ",10,434710,336370,"E92000001","E19000001","E18000004","","E06000015","E05001770"
"DE1 1FG",10,434812,336312,"E92000001","E19000001","E18000004","","E06000015","E05001770"
"DE1 1FL",10,434544,336445,"E92000001","E19000001","E18000004","","E06000015","E05001778"
"DE1 1FN",10,434466,336482,"E92000001","E19000001","E18000004","","E06000015","E05001778"
"DE1 1FP",10,434353,336520,"E92000001","E19000001","E18000004","","E06000015","E05001778"
"DE1 1FR",10,434343,336456,"E92000001","E19000001","E18000004","","E06000015","E05001778"
"DE1 1FT",10,434377,336438,"E92000001","E19000001","E18000004","","E06000015","E05001778"
"DE1 1FW",10,434356,336409,"E92000001","E19000001","E18000004","","E06000015","E05001778"
"DE1 1FZ",10,434433,336383,"E92000001","E19000001","E18000004","","E06000015","E05001778"
"DE1 1GA",10,434268,336491,"E92000001","E19000001","E18000004","","E06000015","E05001778"
"DE1 1GE",10,434108,336263,"E92000001","E19000001","E18000004","","E06000015","E05001778"
"DE1 1GF",10,434215,336458,"E92000001","E19000001","E18000004","","E06000015","E05001778"
"DE1 1GG",10,434280,336547,"E92000001","E19000001","E18000004","","E06000015","E05001778"
"DE1 1GH",10,434301,336522,"E92000001","E19000001","E18000004","","E06000015","E05001778"
"DE1 1GJ",10,434104,336422,"E92000001","E19000001","E18000004","","E06000015","E05001778"
"DE1 1GL",10,434038,336424,"E92000001","E19000001","E18000004","","E06000015","E05001778"
"DE1 1GN",10,434023,336330,"E92000001","E19000001","E18000004","","E06000015","E05001778"
"DE1 1GP",10,434003,336314,"E92000001","E19000001","E18000004","","E06000015","E05001778"
"DE1 1GQ",10,433961,336357,"E92000001","E19000001","E18000004","","E06000015","E05001778"
"DE1 1GR",10,434148,336211,"E92000001","E19000001","E18000004","","E06000015","E05001778"
"DE1 1GS",10,434194,336252,"E92000001","E19000001","E18000004","","E06000015","E05001778"
"DE1 1GT",10,434133,336498,"E92000001","E19000001","E18000004","","E06000015","E05001778"
"DE1 1GU",10,434006,336375,"E92000001","E19000001","E18000004","","E06000015","E05001778"
"DE1 1GX",10,434004,336461,"E92000001","E19000001","E18000004","","E06000015","E05001778"
"DE1 1GY",10,434586,336483,"E92000001","E19000001","E18000004","","E06000015","E05001775"
"DE1 1HA",10,435079,336217,"E92000001","E19000001","E18000004","","E06000015","E05001770"
"DE1 1HE",10,434578,336443,"E92000001","E19000001","E18000004","","E06000015","E05001778"
"DE1 1HF",10,434555,336360,"E92000001","E19000001","E18000004","","E06000015","E05001778"
"DE1 1HJ",10,435006,336254,"E92000001","E19000001","E18000004","","E06000015","E05001770"
"DE1 1HN",10,435013,336249,"E92000001","E19000001","E18000004","","E06000015","E05001770"
"DE1 1HQ",10,434955,336118,"E92000001","E19000001","E18000004","","E06000015","E05001770"
"DE1 1HS",10,435076,336267,"E92000001","E19000001","E18000004","","E06000015","E05001770"
"DE1 1HT",10,434991,336124,"E92000001","E19000001","E18000004","","E06000015","E05001770"
"DE1 1HU",10,434957,336189,"E92000001","E19000001","E18000004","","E06000015","E05001770"
"DE1 1JD",10,434886,336153,"E92000001","E19000001","E18000004","","E06000015","E05001770"
"DE1 1JF",10,434792,336203,"E92000001","E19000001","E18000004","","E06000015","E05001770"
"DE1 1JG",10,434735,336331,"E92000001","E19000001","E18000004","","E06000015","E05001770"
"DE1 1JL",10,434726,336196,"E92000001","E19000001","E18000004","","E06000015","E05001770"
"DE1 1JN",10,434721,336015,"E92000001","E19000001","E18000004","","E06000015","E05001767"
"DE1 1JQ",10,434804,336100,"E92000001","E19000001","E18000004","","E06000015","E05001767"
"DE1 1JT",10,434915,336173,"E92000001","E19000001","E18000004","","E06000015","E05001770"
"DE1 1JW",10,435136,336142,"E92000001","E19000001","E18000004","","E06000015","E05001770"
"DE1 1JX",10,434938,336094,"E92000001","E19000001","E18000004","","E06000015","E05001770"
"DE1 1JY",10,435071,336184,"E92000001","E19000001","E18000004","","E06000015","E05001770"
"DE1 1LA",10,435035,336146,"E92000001","E19000001","E18000004","","E06000015","E05001770"
"DE1 1LB",10,434986,335893,"E92000001","E19000001","E18000004","","E06000015","E05001770"
"DE1 1LD",10,434322,336042,"E92000001","E19000001","E18000004","","E06000015","E05001767"
"DE1 1LE",10,435090,336017,"E92000001","E19000001","E18000004","","E06000015","E05001770"
"DE1 1LF",10,434985,336050,"E92000001","E19000001","E18000004","","E06000015","E05001770"
"DE1 1LG",10,434931,336068,"E92000001","E19000001","E18000004","","E06000015","E05001770"
"DE1 1LH",10,434929,336224,"E92000001","E19000001","E18000004","","E06000015","E05001770"
"DE1 1LL",10,434919,336252,"E92000001","E19000001","E18000004","","E06000015","E05001770"
"DE1 1LN",10,434789,336143,"E92000001","E19000001","E18000004","","E06000015","E05001767"
"DE1 1LP",10,434767,336164,"E92000001","E19000001","E18000004","","E06000015","E05001770"
"DE1 1LQ",10,433959,336098,"E92000001","E19000001","E18000004","","E06000015","E05001767"
"DE1 1LR",10,434347,336076,"E92000001","E19000001","E18000004","","E06000015","E05001767"
"DE1 1LS",10,435259,336049,"E92000001","E19000001","E18000004","","E06000015","E05001770"
"DE1 1LT",10,434122,336023,"E92000001","E19000001","E18000004","","E06000015","E05001767"
"DE1 1LU",10,434265,336051,"E92000001","E19000001","E18000004","","E06000015","E05001767"
"DE1 1LW",10,434435,336105,"E92000001","E19000001","E18000004","","E06000015","E05001767"
"DE1 1LX",10,433991,335924,"E92000001","E19000001","E18000004","","E06000015","E05001767"
"DE1 1LY",10,433768,336102,"E92000001","E19000001","E18000004","","E06000015","E05001767"
"DE1 1LZ",10,434535,336089,"E92000001","E19000001","E18000004","","E06000015","E05001767"
"DE1 1ND",10,434050,335965,"E92000001","E19000001","E18000004","","E06000015","E05001767"
"DE1 1NE",10,433932,336003,"E92000001","E19000001","E18000004","","E06000015","E05001767"
"DE1 1NF",10,433906,335904,"E92000001","E19000001","E18000004","","E06000015","E05001767"
"DE1 1NG",10,433961,335941,"E92000001","E19000001","E18000004","","E06000015","E05001767"
"DE1 1NH",10,434134,336328,"E92000001","E19000001","E18000004","","E06000015","E05001778"
"DE1 1NL",10,434819,336236,"E92000001","E19000001","E18000004","","E06000015","E05001770"
"DE1 1NN",10,435265,336031,"E92000001","E19000001","E18000004","","E06000015","E05001770"
"DE1 1NP",10,434010,335984,"E92000001","E19000001","E18000004","","E06000015","E05001767"
"DE1 1NR",10,435237,336023,"E92000001","E19000001","E18000004","","E06000015","E05001770"
"DE1 1NU",10,434843,336308,"E92000001","E19000001","E18000004","","E06000015","E05001770"
"DE1 1NW",10,434955,336118,"E92000001","E19000001","E18000004","","E06000015","E05001770"
"DE1 1NX",10,435035,335974,"E92000001","E19000001","E18000004","","E06000015","E05001770"
"DE1 1NY",10,435058,335942,"E92000001","E19000001","E18000004","","E06000015","E05001770"
"DE1 1NZ",10,434927,336017,"E92000001","E19000001","E18000004","","E06000015","E05001770"
"DE1 1PA",10,434955,335965,"E92000001","E19000001","E18000004","","E06000015","E05001770"
"DE1 1PB",10,434972,335777,"E92000001","E19000001","E18000004","","E06000015","E05001770"
"DE1 1PD",10,434943,335718,"E92000001","E19000001","E18000004","","E06000015","E05001770"
"DE1 1PE",10,434938,335607,"E92000001","E19000001","E18000004","","E06000015","E05001770"
"DE1 1PF",10,434955,335557,"E92000001","E19000001","E18000004","","E06000015","E05001770"
"DE1 1PG",10,435052,335883,"E92000001","E19000001","E18000004","","E06000015","E05001770"
"DE1 1PH",10,434904,335639,"E92000001","E19000001","E18000004","","E06000015","E05001770"
"DE1 1PJ",10,434901,335484,"E92000001","E19000001","E18000004","","E06000015","E05001770"
"DE1 1PL",10,435060,335840,"E92000001","E19000001","E18000004","","E06000015","E05001770"
"DE1 1PN",10,435132,335774,"E92000001","E19000001","E18000004","","E06000015","E05001770"
"DE1 1PP",10,435107,335808,"E92000001","E19000001","E18000004","","E06000015","E05001770"
"DE1 1PQ",10,435070,335807,"E92000001","E19000001","E18000004","","E06000015","E05001770"
"DE1 1PR",10,434994,335719,"E92000001","E19000001","E18000004","","E06000015","E05001770"
"DE1 1PS",10,435038,335746,"E92000001","E19000001","E18000004","","E06000015","E05001770"
"DE1 1PT",10,434983,335659,"E92000001","E19000001","E18000004","","E06000015","E05001770"
"DE1 1PU",10,435016,335634,"E92000001","E19000001","E18000004","","E06000015","E05001770"
"DE1 1PW",10,435008,335595,"E92000001","E19000001","E18000004","","E06000015","E05001770"
"DE1 1PX",10,434910,335499,"E92000001","E19000001","E18000004","","E06000015","E05001770"
"DE1 1PY",10,434870,335404,"E92000001","E19000001","E18000004","","E06000015","E05001770"
"DE1 1QA",10,434877,335504,"E92000001","E19000001","E18000004","","E06000015","E05001770"
"DE1 1QB",10,434915,335406,"E92000001","E19000001","E18000004","","E06000015","E05001770"
"DE1 1QD",10,434906,335541,"E92000001","E19000001","E18000004","","E06000015","E05001770"
"DE1 1QH",10,435243,336200,"E92000001","E19000001","E18000004","","E06000015","E05001770"
"DE1 1QT",10,435216,336247,"E92000001","E19000001","E18000004","","E06000015","E05001770"
"DE1 1QZ",10,435227,336255,"E92000001","E19000001","E18000004","","E06000015","E05001770"
"DE1 1RE",10,434790,336965,"E92000001","E19000001","E18000004","","E06000015","E05001775"
"DE1 1RF",10,435181,336242,"E92000001","E19000001","E18000004","","E06000015","E05001770"
"DE1 1RG",10,434648,336543,"E92000001","E19000001","E18000004","","E06000015","E05001775"
"DE1 1RH",10,435295,335923,"E92000001","E19000001","E18000004","","E06000015","E05001770"
"DE1 1RL",10,435234,336224,"E92000001","E19000001","E18000004","","E06000015","E05001770"
"DE1 1RN",10,435204,336221,"E92000001","E19000001","E18000004","","E06000015","E05001770"
"DE1 1RP",10,435183,336048,"E92000001","E19000001","E18000004","","E06000015","E05001770"
"DE1 1RS",10,435215,336050,"E92000001","E19000001","E18000004","","E06000015","E05001770"
"DE1 1RT",10,435172,335946,"E92000001","E19000001","E18000004","","E06000015","E05001770"
"DE1 1RU",10,434645,336508,"E92000001","E19000001","E18000004","","E06000015","E05001775"
"DE1 1RX",10,435200,335895,"E92000001","E19000001","E18000004","","E06000015","E05001770"
"DE1 1RY",10,435161,335808,"E92000001","E19000001","E18000004","","E06000015","E05001770"
"DE1 1RZ",10,435201,335793,"E92000001","E19000001","E18000004","","E06000015","E05001770"
"DE1 1SB",10,435239,335948,"E92000001","E19000001","E18000004","","E06000015","E05001770"
"DE1 1SD",10,435239,335909,"E92000001","E19000001","E18000004","","E06000015","E05001770"
"DE1 1SE",10,435082,335726,"E92000001","E19000001","E18000004","","E06000015","E05001770"
"DE1 1SG",10,434897,336108,"E92000001","E19000001","E18000004","","E06000015","E05001770"
"DE1 1SH",10,435298,336076,"E92000001","E19000001","E18000004","","E06000015","E05001770"
"DE1 1SL",10,435293,336083,"E92000001","E19000001","E18000004","","E06000015","E05001770"
"DE1 1SN",10,435332,335967,"E92000001","E19000001","E18000004","","E06000015","E05001770"
"DE1 1SR",10,435359,335921,"E92000001","E19000001","E18000004","","E06000015","E05001770"
"DE1 1SU",10,435313,335942,"E92000001","E19000001","E18000004","","E06000015","E05001770"
"DE1 1SX",10,435245,335825,"E92000001","E19000001","E18000004","","E06000015","E05001770"
"DE1 1SY",10,435277,335894,"E92000001","E19000001","E18000004","","E06000015","E05001770"
"DE1 1SZ",10,435278,335878,"E92000001","E19000001","E18000004","","E06000015","E05001770"
"DE1 1TA",10,435310,335863,"E92000001","E19000001","E18000004","","E06000015","E05001770"
"DE1 1TE",10,435245,335751,"E92000001","E19000001","E18000004","","E06000015","E05001770"
"DE1 1TG",10,435063,335605,"E92000001","E19000001","E18000004","","E06000015","E05001770"
"DE1 1TH",10,435150,335652,"E92000001","E19000001","E18000004","","E06000015","E05001770"
"DE1 1TJ",10,434980,335393,"E92000001","E19000001","E18000004","","E06000015","E05001770"
"DE1 1TN",10,434959,335438,"E92000001","E19000001","E18000004","","E06000015","E05001770"
"DE1 1TQ",10,434875,335342,"E92000001","E19000001","E18000004","","E06000015","E05001770"
"DE1 1TR",10,434689,336029,"E92000001","E19000001","E18000004","","E06000015","E05001767"
"DE1 1TS",10,435130,335691,"E92000001","E19000001","E18000004","","E06000015","E05001770"
"DE1 1TU",10,435024,335356,"E92000001","E19000001","E18000004","","E06000015","E05001770"
"DE1 1TZ",10,435278,336039,"E92000001","E19000001","E18000004","","E06000015","E05001770"
"DE1 1UA",10,434904,336408,"E92000001","E19000001","E18000004","","E06000015","E05001770"
"DE1 1UB",10,434895,336474,"E92000001","E19000001","E18000004","","E06000015","E05001770"
"DE1 1UD",10,434836,336481,"E92000001","E19000001","E18000004","","E06000015","E05001770"
"DE1 1UH",10,435996,335424,"E92000001","E19000001","E18000004","","E06000015","E05001770"
"DE1 1UJ",10,434307,336328,"E92000001","E19000001","E18000004","","E06000015","E05001778"
"DE1 1UL",10,434270,336324,"E92000001","E19000001","E18000004","","E06000015","E05001778"
"DE1 1UP",10,434322,336303,"E92000001","E19000001","E18000004","","E06000015","E05001778"
"DE1 1UQ",10,434263,336362,"E92000001","E19000001","E18000004","","E06000015","E05001778"
"DE1 1UR",10,434234,336365,"E92000001","E19000001","E18000004","","E06000015","E05001778"
"DE1 1UT",10,434164,336001,"E92000001","E19000001","E18000004","","E06000015","E05001767"
"DE1 1WG",10,435996,335424,"E92000001","E19000001","E18000004","","E06000015","E05001770"
"DE1 1XE",10,435996,335424,"E92000001","E19000001","E18000004","","E06000015","E05001770"
"DE1 1XL",10,435335,335986,"E92000001","E19000001","E18000004","","E06000015","E05001770"
"DE1 1YB",10,435996,335424,"E92000001","E19000001","E18000004","","E06000015","E05001770"
"DE1 2AA",10,435330,336092,"E92000001","E19000001","E18000004","","E06000015","E05001770"
"DE1 2AB",10,435371,335971,"E92000001","E19000001","E18000004","","E06000015","E05001770"
"DE1 2AD",10,435399,335917,"E92000001","E19000001","E18000004","","E06000015","E05001770"
"DE1 2AE",10,435308,336144,"E92000001","E19000001","E18000004","","E06000015","E05001770"
"DE1 2AF",10,435387,336103,"E92000001","E19000001","E18000004","","E06000015","E05001770"
"DE1 2AH",10,435496,335977,"E92000001","E19000001","E18000004","","E06000015","E05001770"
"DE1 2AL",10,435395,336070,"E92000001","E19000001","E18000004","","E06000015","E05001770"
"DE1 2AT",10,435383,335952,"E92000001","E19000001","E18000004","","E06000015","E05001770"
"DE1 2AU",10,435462,336151,"E92000001","E19000001","E18000004","","E06000015","E05001770"
"DE1 2AW",10,435438,336204,"E92000001","E19000001","E18000004","","E06000015","E05001770"
"DE1 2AY",10,435568,336183,"E92000001","E19000001","E18000004","","E06000015","E05001770"
"DE1 2AZ",10,435515,336101,"E92000001","E19000001","E18000004","","E06000015","E05001770"
"DE1 2BA",10,435362,336092,"E92000001","E19000001","E18000004","","E06000015","E05001770"
"DE1 2BB",10,435577,336226,"E92000001","E19000001","E18000004","","E06000015","E05001770"
"DE1 2BH",10,435873,336336,"E92000001","E19000001","E18000004","","E06000015","E05001770"
"DE1 2BJ",10,435519,335954,"E92000001","E19000001","E18000004","","E06000015","E05001770"
"DE1 2BL",10,435360,336039,"E92000001","E19000001","E18000004","","E06000015","E05001770"
"DE1 2BP",10,435742,335648,"E92000001","E19000001","E18000004","","E06000015","E05001770"
"DE1 2BU",10,435813,336854,"E92000001","E19000001","E18000004","","E06000015","E05001775"
"DE1 2BW",10,435706,336743,"E92000001","E19000001","E18000004","","E06000015","E05001775"
"DE1 2BY",10,435605,336703,"E92000001","E19000001","E18000004","","E06000015","E05001775"
"DE1 2BZ",10,435714,336690,"E92000001","E19000001","E18000004","","E06000015","E05001775"
"DE1 2DA",10,435691,336670,"E92000001","E19000001","E18000004","","E06000015","E05001775"
"DE1 2DB",10,435336,336259,"E92000001","E19000001","E18000004","","E06000015","E05001770"
"DE1 2DG",10,435285,336234,"E92000001","E19000001","E18000004","","E06000015","E05001770"
"DE1 2DP",10,435289,336182,"E92000001","E19000001","E18000004","","E06000015","E05001770"
"DE1 2DQ",10,435306,336250,"E92000001","E19000001","E18000004","","E06000015","E05001770"
"DE1 2DS",10,435355,336183,"E92000001","E19000001","E18000004","","E06000015","E05001770"
"DE1 2DT",10,435308,336232,"E92000001","E19000001","E18000004","","E06000015","E05001770"
"DE1 2DU",10,435404,336164,"E92000001","E19000001","E18000004","","E06000015","E05001770"
"DE1 2EB",10,435418,336618,"E92000001","E19000001","E18000004","","E06000015","E05001770"
"DE1 2ED",10,435548,336512,"E92000001","E19000001","E18000004","","E06000015","E05001770"
"DE1 2EQ",10,435432,336495,"E92000001","E19000001","E18000004","","E06000015","E05001770"
"DE1 2ER",10,435488,336529,"E92000001","E19000001","E18000004","","E06000015","E05001770"
"DE1 2ET",10,435610,336552,"E92000001","E19000001","E18000004","","E06000015","E05001770"
"DE1 2EU",10,435581,336478,"E92000001","E19000001","E18000004","","E06000015","E05001770"
"DE1 2EW",10,435584,336430,"E92000001","E19000001","E18000004","","E06000015","E05001770"
"DE1 2FD",10,435461,336327,"E92000001","E19000001","E18000004","","E06000015","E05001770"
"DE1 2FE",10,435461,336327,"E92000001","E19000001","E18000004","","E06000015","E05001770"
"DE1 2FH",10,435461,336327,"E92000001","E19000001","E18000004","","E06000015","E05001770"
"DE1 2FP",10,435461,336327,"E92000001","E19000001","E18000004","","E06000015","E05001770"
"DE1 2FS",10,435461,336327,"E92000001","E19000001","E18000004","","E06000015","E05001770"
"DE1 2FT",10,435446,336356,"E92000001","E19000001","E18000004","","E06000015","E05001770"
"DE1 2FW",10,435844,335187,"E92000001","E19000001","E18000004","","E06000015","E05001770"
"DE1 2FX",10,435897,335240,"E92000001","E19000001","E18000004","","E06000015","E05001770"
"DE1 2FY",10,435952,335185,"E92000001","E19000001","E18000004","","E06000015","E05001770"
"DE1 2GD",10,435797,335174,"E92000001","E19000001","E18000004","","E06000015","E05001770"
"DE1 2GE",10,435326,335428,"E92000001","E19000001","E18000004","","E06000015","E05001770"
"DE1 2GF",10,435391,335434,"E92000001","E19000001","E18000004","","E06000015","E05001770"
"DE1 2GG",10,435260,335397,"E92000001","E19000001","E18000004","","E06000015","E05001770"
"DE1 2GH",10,435221,335500,"E92000001","E19000001","E18000004","","E06000015","E05001770"
"DE1 2GJ",10,435205,335617,"E92000001","E19000001","E18000004","","E06000015","E05001770"
"DE1 2GR",10,435289,335323,"E92000001","E19000001","E18000004","","E06000015","E05001770"
"DE1 2GT",10,435305,335490,"E92000001","E19000001","E18000004","","E06000015","E05001770"
"DE1 2GU",10,435382,335502,"E92000001","E19000001","E18000004","","E06000015","E05001770"
"DE1 2GW",10,435169,335577,"E92000001","E19000001","E18000004","","E06000015","E05001770"
"DE1 2GX",10,435445,335580,"E92000001","E19000001","E18000004","","E06000015","E05001770"
"DE1 2GY",10,435384,335545,"E92000001","E19000001","E18000004","","E06000015","E05001770"
"DE1 2HD",10,435321,335584,"E92000001","E19000001","E18000004","","E06000015","E05001770"
"DE1 2HE",10,435286,335550,"E92000001","E19000001","E18000004","","E06000015","E05001770"
"DE1 2HF",10,435329,335533,"E92000001","E19000001","E18000004","","E06000015","E05001770"
"DE1 2HH",10,435126,335439,"E92000001","E19000001","E18000004","","E06000015","E05001770"
"DE1 2HJ",10,435039,335393,"E92000001","E19000001","E18000004","","E06000015","E05001770"
"DE1 2HL",10,435062,335425,"E92000001","E19000001","E18000004","","E06000015","E05001770"
"DE1 2HR",10,435382,335836,"E92000001","E19000001","E18000004","","E06000015","E05001770"
"DE1 2HU",10,435398,335758,"E92000001","E19000001","E18000004","","E06000015","E05001770"
"DE1 2HZ",10,435430,335688,"E92000001","E19000001","E18000004","","E06000015","E05001770"
"DE1 2JA",10,435424,335818,"E92000001","E19000001","E18000004","","E06000015","E05001770"
"DE1 2JD",10,435430,335796,"E92000001","E19000001","E18000004","","E06000015","E05001770"
"DE1 2JF",10,435431,335774,"E92000001","E19000001","E18000004","","E06000015","E05001770"
"DE1 2JH",10,435457,335692,"E92000001","E19000001","E18000004","","E06000015","E05001770"
"DE1 2JJ",10,435226,335579,"E92000001","E19000001","E18000004","","E06000015","E05001770"
"DE1 2JN",10,435340,335763,"E92000001","E19000001","E18000004","","E06000015","E05001770"
"DE1 2JR",10,435308,335668,"E92000001","E19000001","E18000004","","E06000015","E05001770"
"DE1 2JT",10,435304,335847,"E92000001","E19000001","E18000004","","E06000015","E05001770"
"DE1 2JW",10,435250,335644,"E92000001","E19000001","E18000004","","E06000015","E05001770"
"DE1 2JX",10,435382,335779,"E92000001","E19000001","E18000004","","E06000015","E05001770"
"DE1 2JY",10,435739,335812,"E92000001","E19000001","E18000004","","E06000015","E05001770"
"DE1 2JZ",10,435413,336166,"E92000001","E19000001","E18000004","","E06000015","E05001770"
"DE1 2LA",10,435842,335852,"E92000001","E19000001","E18000004","","E06000015","E05001770"
"DE1 2LD",10,435872,335895,"E92000001","E19000001","E18000004","","E06000015","E05001770"
"DE1 2LF",10,435517,336767,"E92000001","E19000001","E18000004","","E06000015","E05001775"
"DE1 2LG",10,436028,335648,"E92000001","E19000001","E18000004","","E06000015","E05001770"
"DE1 2LH",10,435792,335779,"E92000001","E19000001","E18000004","","E06000015","E05001770"
"DE1 2LJ",10,435797,335742,"E92000001","E19000001","E18000004","","E06000015","E05001770"
"DE1 2LL",10,435767,335753,"E92000001","E19000001","E18000004","","E06000015","E05001770"
"DE1 2LN",10,435782,335774,"E92000001","E19000001","E18000004","","E06000015","E05001770"
"DE1 2LP",10,435352,335695,"E92000001","E19000001","E18000004","","E06000015","E05001770"
"DE1 2LQ",10,435846,335729,"E92000001","E19000001","E18000004","","E06000015","E05001770"
"DE1 2LR",10,435375,335684,"E92000001","E19000001","E18000004","","E06000015","E05001770"
"DE1 2LS",10,435406,335655,"E92000001","E19000001","E18000004","","E06000015","E05001770"
"DE1 2LT",10,435893,335663,"E92000001","E19000001","E18000004","","E06000015","E05001770"
"DE1 2LU",10,435933,335786,"E92000001","E19000001","E18000004","","E06000015","E05001770"
"DE1 2LW",10,435916,335631,"E92000001","E19000001","E18000004","","E06000015","E05001770"
"DE1 2LX",10,435991,335836,"E92000001","E19000001","E18000004","","E06000015","E05001770"
"DE1 2LY",10,435969,335564,"E92000001","E19000001","E18000004","","E06000015","E05001770"
"DE1 2LZ",10,436048,335613,"E92000001","E19000001","E18000004","","E06000015","E05001770"
"DE1 2NA",10,435999,335599,"E92000001","E19000001","E18000004","","E06000015","E05001770"
"DE1 2NB",10,436014,335547,"E92000001","E19000001","E18000004","","E06000015","E05001770"
"DE1 2ND",10,435891,335607,"E92000001","E19000001","E18000004","","E06000015","E05001770"
"DE1 2NE",10,435990,335583,"E92000001","E19000001","E18000004","","E06000015","E05001770"
"DE1 2NF",10,435612,336021,"E92000001","E19000001","E18000004","","E06000015","E05001770"
"DE1 2NG",10,435603,336031,"E92000001","E19000001","E18000004","","E06000015","E05001770"
"DE1 2NH",10,436085,335419,"E92000001","E19000001","E18000004","","E06000015","E05001770"
"DE1 2NL",10,435688,335760,"E92000001","E19000001","E18000004","","E06000015","E05001770"
"DE1 2NP",10,435445,336016,"E92000001","E19000001","E18000004","","E06000015","E05001770"
"DE1 2NQ",10,435557,335996,"E92000001","E19000001","E18000004","","E06000015","E05001770"
"DE1 2NR",10,435395,335984,"E92000001","E19000001","E18000004","","E06000015","E05001770"
"DE1 2NS",10,435513,335820,"E92000001","E19000001","E18000004","","E06000015","E05001770"
"DE1 2NT",10,436066,335443,"E92000001","E19000001","E18000004","","E06000015","E05001770"
"DE1 2NW",10,436012,335472,"E92000001","E19000001","E18000004","","E06000015","E05001770"
"DE1 2NZ",10,435430,335846,"E92000001","E19000001","E18000004","","E06000015","E05001770"
"DE1 2PA",10,435467,335812,"E92000001","E19000001","E18000004","","E06000015","E05001770"
"DE1 2PG",10,435569,335897,"E92000001","E19000001","E18000004","","E06000015","E05001770"
"DE1 2PL",10,435446,335926,"E92000001","E19000001","E18000004","","E06000015","E05001770"
"DE1 2PP",10,435535,335907,"E92000001","E19000001","E18000004","","E06000015","E05001770"
"DE1 2PQ",10,435556,335900,"E92000001","E19000001","E18000004","","E06000015","E05001770"
"DE1 2PR",10,435489,336076,"E92000001","E19000001","E18000004","","E06000015","E05001770"
"DE1 2PU",10,435838,335915,"E92000001","E19000001","E18000004","","E06000015","E05001770"
"DE1 2PW",10,435815,336026,"E92000001","E19000001","E18000004","","E06000015","E05001770"
"DE1 2PY",10,435854,335978,"E92000001","E19000001","E18000004","","E06000015","E05001770"
"DE1 2PZ",10,435903,335941,"E92000001","E19000001","E18000004","","E06000015","E05001770"
"DE1 2QB",10,435511,335705,"E92000001","E19000001","E18000004","","E06000015","E05001770"
"DE1 2QD",10,435973,335903,"E92000001","E19000001","E18000004","","E06000015","E05001770"
"DE1 2QE",10,436098,335873,"E92000001","E19000001","E18000004","","E06000015","E05001770"
"DE1 2QG",10,436026,335877,"E92000001","E19000001","E18000004","","E06000015","E05001770"
"DE1 2QN",10,435913,335470,"E92000001","E19000001","E18000004","","E06000015","E05001770"
"DE1 2QQ",10,435867,335532,"E92000001","E19000001","E18000004","","E06000015","E05001770"
"DE1 2QR",10,435830,335557,"E92000001","E19000001","E18000004","","E06000015","E05001770"
"DE1 2QS",10,435717,335671,"E92000001","E19000001","E18000004","","E06000015","E05001770"
"DE1 2QW",10,435713,335700,"E92000001","E19000001","E18000004","","E06000015","E05001770"
"DE1 2QY",10,435833,335330,"E92000001","E19000001","E18000004","","E06000015","E05001770"
"DE1 2QZ",10,435900,335422,"E92000001","E19000001","E18000004","","E06000015","E05001770"
"DE1 2RD",10,435519,335485,"E92000001","E19000001","E18000004","","E06000015","E05001770"
"DE1 2RE",10,435869,335630,"E92000001","E19000001","E18000004","","E06000015","E05001770"
"DE1 2RF",10,435579,335373,"E92000001","E19000001","E18000004","","E06000015","E05001770"
"DE1 2RJ",10,435997,335685,"E92000001","E19000001","E18000004","","E06000015","E05001770"
"DE1 2RQ",10,436087,335702,"E92000001","E19000001","E18000004","","E06000015","E05001770"
"DE1 2RR",10,436098,335623,"E92000001","E19000001","E18000004","","E06000015","E05001770"
"DE1 2RT",10,436103,335787,"E92000001","E19000001","E18000004","","E06000015","E05001770"
"DE1 2RU",10,436121,335626,"E92000001","E19000001","E18000004","","E06000015","E05001770"
"DE1 2RW",10,436108,335683,"E92000001","E19000001","E18000004","","E06000015","E05001770"
"DE1 2RX",10,436094,335659,"E92000001","E19000001","E18000004","","E06000015","E05001770"
"DE1 2SA",10,436147,335401,"E92000001","E19000001","E18000004","","E06000015","E05001770"
"DE1 2SL",10,436055,335491,"E92000001","E19000001","E18000004","","E06000015","E05001770"
"DE1 2SN",10,435977,335452,"E92000001","E19000001","E18000004","","E06000015","E05001770"
"DE1 2SP",10,435984,335417,"E92000001","E19000001","E18000004","","E06000015","E05001770"
"DE1 2SQ",10,436132,335484,"E92000001","E19000001","E18000004","","E06000015","E05001770"
"DE1 2SR",10,435942,335375,"E92000001","E19000001","E18000004","","E06000015","E05001770"
"DE1 2ST",10,436009,335308,"E92000001","E19000001","E18000004","","E06000015","E05001770"
"DE1 2SU",10,435998,335368,"E92000001","E19000001","E18000004","","E06000015","E05001770"
"DE1 2SW",10,436208,335462,"E92000001","E19000001","E18000004","","E06000015","E05001770"
"DE1 2SX",10,436156,335217,"E92000001","E19000001","E18000004","","E06000015","E05001770"
"DE1 2SY",10,435970,335407,"E92000001","E19000001","E18000004","","E06000015","E05001770"
"DE1 2TA",10,435930,335029,"E92000001","E19000001","E18000004","","E06000015","E05001770"
"DE1 2TD",10,435916,335409,"E92000001","E19000001","E18000004","","E06000015","E05001770"
"DE1 2TE",10,435948,335344,"E92000001","E19000001","E18000004","","E06000015","E05001770"
"DE1 2TL",10,435753,335722,"E92000001","E19000001","E18000004","","E06000015","E05001770"
"DE1 2TQ",10,436020,335129,"E92000001","E19000001","E18000004","","E06000015","E05001770"
"DE1 2TT",10,435974,335083,"E92000001","E19000001","E18000004","","E06000015","E05001770"
"DE1 2TU",10,435912,335072,"E92000001","E19000001","E18000004","","E06000015","E05001770"
"DE1 2XE",10,435524,336243,"E92000001","E19000001","E18000004","","E06000015","E05001770"
"DE1 2XJ",10,435461,336327,"E92000001","E19000001","E18000004","","E06000015","E05001770"
"DE1 2XR",10,435996,335424,"E92000001","E19000001","E18000004","","E06000015","E05001770"
"DE1 2XX",10,435969,335310,"E92000001","E19000001","E18000004","","E06000015","E05001770"
"DE1 2YH",10,435461,336327,"E92000001","E19000001","E18000004","","E06000015","E05001770"
"DE1 2ZG",10,435496,336487,"E92000001","E19000001","E18000004","","E06000015","E05001770"
"DE1 2ZL",10,435996,335424,"E92000001","E19000001","E18000004","","E06000015","E05001770"
"DE1 2ZZ",10,435996,335424,"E92000001","E19000001","E18000004","","E06000015","E05001770"
"DE1 3AB",10,435736,336882,"E92000001","E19000001","E18000004","","E06000015","E05001775"
"DE1 3AD",10,435471,336862,"E92000001","E19000001","E18000004","","E06000015","E05001775"
"DE1 3AE",10,435291,336277,"E92000001","E19000001","E18000004","","E06000015","E05001770"
"DE1 3AF",10,435300,336453,"E92000001","E19000001","E18000004","","E06000015","E05001770"
"DE1 3AH",10,435312,336379,"E92000001","E19000001","E18000004","","E06000015","E05001770"
"DE1 3AJ",10,435078,336987,"E92000001","E19000001","E18000004","","E06000015","E05001775"
"DE1 3AL",10,435263,336425,"E92000001","E19000001","E18000004","","E06000015","E05001770"
"DE1 3AQ",10,435098,336944,"E92000001","E19000001","E18000004","","E06000015","E05001775"
"DE1 3AR",10,435332,336303,"E92000001","E19000001","E18000004","","E06000015","E05001770"
"DE1 3AS",10,435362,336323,"E92000001","E19000001","E18000004","","E06000015","E05001770"
"DE1 3AT",10,435330,336761,"E92000001","E19000001","E18000004","","E06000015","E05001775"
"DE1 3AU",10,435123,336790,"E92000001","E19000001","E18000004","","E06000015","E05001775"
"DE1 3AX",10,435172,336797,"E92000001","E19000001","E18000004","","E06000015","E05001775"
"DE1 3AY",10,435148,336969,"E92000001","E19000001","E18000004","","E06000015","E05001775"
"DE1 3AZ",10,435002,337006,"E92000001","E19000001","E18000004","","E06000015","E05001775"
"DE1 3BA",10,435287,336976,"E92000001","E19000001","E18000004","","E06000015","E05001775"
"DE1 3BB",10,434940,336933,"E92000001","E19000001","E18000004","","E06000015","E05001775"
"DE1 3BD",10,434874,337029,"E92000001","E19000001","E18000004","","E06000015","E05001775"
"DE1 3BE",10,434873,337055,"E92000001","E19000001","E18000004","","E06000015","E05001775"
"DE1 3BF",10,434923,337068,"E92000001","E19000001","E18000004","","E06000015","E05001775"
"DE1 3BG",10,434841,337016,"E92000001","E19000001","E18000004","","E06000015","E05001775"
"DE1 3BH",10,434901,336929,"E92000001","E19000001","E18000004","","E06000015","E05001775"
"DE1 3BL",10,435130,336852,"E92000001","E19000001","E18000004","","E06000015","E05001775"
"DE1 3BN",10,435037,336874,"E92000001","E19000001","E18000004","","E06000015","E05001775"
"DE1 3BP",10,434881,337085,"E92000001","E19000001","E18000004","","E06000015","E05001775"
"DE1 3BQ",10,434983,336944,"E92000001","E19000001","E18000004","","E06000015","E05001775"
"DE1 3BR",10,435067,336873,"E92000001","E19000001","E18000004","","E06000015","E05001775"
"DE1 3BS",10,435221,337018,"E92000001","E19000001","E18000004","","E06000015","E05001775"
"DE1 3BT",10,435221,337029,"E92000001","E19000001","E18000004","","E06000015","E05001775"
"DE1 3BU",10,435217,336941,"E92000001","E19000001","E18000004","","E06000015","E05001775"
"DE1 3BW",10,435247,336904,"E92000001","E19000001","E18000004","","E06000015","E05001775"
"DE1 3BX",10,435273,336909,"E92000001","E19000001","E18000004","","E06000015","E05001775"
"DE1 3BY",10,435241,336831,"E92000001","E19000001","E18000004","","E06000015","E05001775"
"DE1 3BZ",10,435209,336869,"E92000001","E19000001","E18000004","","E06000015","E05001775"
"DE1 3DB",10,435198,336736,"E92000001","E19000001","E18000004","","E06000015","E05001770"
"DE1 3DD",10,435252,336789,"E92000001","E19000001","E18000004","","E06000015","E05001775"
"DE1 3DE",10,435162,336532,"E92000001","E19000001","E18000004","","E06000015","E05001770"
"DE1 3DG",10,435996,335424,"E92000001","E19000001","E18000004","","E06000015","E05001770"
"DE1 3DH",10,435035,336922,"E92000001","E19000001","E18000004","","E06000015","E05001775"
"DE1 3DL",10,435202,336538,"E92000001","E19000001","E18000004","","E06000015","E05001770"
"DE1 3DQ",10,435240,336674,"E92000001","E19000001","E18000004","","E06000015","E05001770"
"DE1 3DR",10,435199,336591,"E92000001","E19000001","E18000004","","E06000015","E05001770"
"DE1 3DS",10,435134,336597,"E92000001","E19000001","E18000004","","E06000015","E05001770"
"DE1 3DW",10,435169,336657,"E92000001","E19000001","E18000004","","E06000015","E05001770"
"DE1 3DY",10,435227,336537,"E92000001","E19000001","E18000004","","E06000015","E05001770"
"DE1 3DZ",10,435102,336652,"E92000001","E19000001","E18000004","","E06000015","E05001770"
"DE1 3ED",10,435055,336974,"E92000001","E19000001","E18000004","","E06000015","E05001775"
"DE1 3EE",10,434977,336801,"E92000001","E19000001","E18000004","","E06000015","E05001775"
"DE1 3EF",10,435060,336872,"E92000001","E19000001","E18000004","","E06000015","E05001775"
"DE1 3EG",10,435018,337088,"E92000001","E19000001","E18000004","","E06000015","E05001775"
"DE1 3EH",10,435032,337212,"E92000001","E19000001","E18000004","","E06000015","E05001775"
"DE1 3EJ",10,435002,337220,"E92000001","E19000001","E18000004","","E06000015","E05001775"
"DE1 3EL",10,434990,337131,"E92000001","E19000001","E18000004","","E06000015","E05001775"
"DE1 3EN",10,434947,337212,"E92000001","E19000001","E18000004","","E06000015","E05001775"
"DE1 3EP",10,434901,337257,"E92000001","E19000001","E18000004","","E06000015","E05001775"
"DE1 3EQ",10,434908,337548,"E92000001","E19000001","E18000004","","E06000015","E05001775"
"DE1 3ER",10,434880,337481,"E92000001","E19000001","E18000004","","E06000015","E05001775"
"DE1 3ES",10,434865,337539,"E92000001","E19000001","E18000004","","E06000015","E05001775"
"DE1 3ET",10,434955,337384,"E92000001","E19000001","E18000004","","E06000015","E05001775"
"DE1 3EU",10,434832,337360,"E92000001","E19000001","E18000004","","E06000015","E05001775"
"DE1 3EW",10,434835,337387,"E92000001","E19000001","E18000004","","E06000015","E05001775"
"DE1 3EX",10,434856,337267,"E92000001","E19000001","E18000004","","E06000015","E05001775"
"DE1 3EY",10,434874,337187,"E92000001","E19000001","E18000004","","E06000015","E05001775"
"DE1 3EZ",10,435017,337342,"E92000001","E19000001","E18000004","","E06000015","E05001775"
"DE1 3FB",10,435099,337221,"E92000001","E19000001","E18000004","","E06000015","E05001775"
"DE1 3FD",10,435071,337204,"E92000001","E19000001","E18000004","","E06000015","E05001775"
"DE1 3FE",10,435076,337080,"E92000001","E19000001","E18000004","","E06000015","E05001775"
"DE1 3FG",10,435190,337075,"E92000001","E19000001","E18000004","","E06000015","E05001775"
"DE1 3FJ",10,435243,336430,"E92000001","E19000001","E18000004","","E06000015","E05001770"
"DE1 3FL",10,435075,336784,"E92000001","E19000001","E18000004","","E06000015","E05001775"
"DE1 3FT",10,435208,336358,"E92000001","E19000001","E18000004","","E06000015","E05001770"
"DE1 3FW",10,434970,337031,"E92000001","E19000001","E18000004","","E06000015","E05001775"
"DE1 3GA",10,435200,336387,"E92000001","E19000001","E18000004","","E06000015","E05001770"
"DE1 3GB",10,435010,336723,"E92000001","E19000001","E18000004","","E06000015","E05001775"
"DE1 3GD",10,434952,337078,"E92000001","E19000001","E18000004","","E06000015","E05001775"
"DE1 3GL",10,435180,336433,"E92000001","E19000001","E18000004","","E06000015","E05001770"
"DE1 3GP",10,435179,336457,"E92000001","E19000001","E18000004","","E06000015","E05001770"
"DE1 3GT",10,435235,336464,"E92000001","E19000001","E18000004","","E06000015","E05001770"
"DE1 3GU",10,435033,336596,"E92000001","E19000001","E18000004","","E06000015","E05001770"
"DE1 3GY",10,434895,336698,"E92000001","E19000001","E18000004","","E06000015","E05001775"
"DE1 3GZ",10,434809,336758,"E92000001","E19000001","E18000004","","E06000015","E05001775"
"DE1 3HB",10,434837,336777,"E92000001","E19000001","E18000004","","E06000015","E05001775"
"DE1 3HD",10,434910,336812,"E92000001","E19000001","E18000004","","E06000015","E05001775"
"DE1 3HE",10,434829,336680,"E92000001","E19000001","E18000004","","E06000015","E05001775"
"DE1 3HF",10,434681,336954,"E92000001","E19000001","E18000004","","E06000015","E05001775"
"DE1 3HG",10,434651,337012,"E92000001","E19000001","E18000004","","E06000015","E05001775"
"DE1 3HH",10,434638,337046,"E92000001","E19000001","E18000004","","E06000015","E05001775"
"DE1 3HJ",10,434552,337087,"E92000001","E19000001","E18000004","","E06000015","E05001775"
"DE1 3HN",10,434618,337078,"E92000001","E19000001","E18000004","","E06000015","E05001775"
"DE1 3HQ",10,435169,336657,"E92000001","E19000001","E18000004","","E06000015","E05001770"
"DE1 3HR",10,434761,336985,"E92000001","E19000001","E18000004","","E06000015","E05001775"
"DE1 3HS",10,434729,336989,"E92000001","E19000001","E18000004","","E06000015","E05001775"
"DE1 3HT",10,434979,336707,"E92000001","E19000001","E18000004","","E06000015","E05001775"
"DE1 3HU",10,434532,336959,"E92000001","E19000001","E18000004","","E06000015","E05001775"
"DE1 3HW",10,434608,336906,"E92000001","E19000001","E18000004","","E06000015","E05001775"
"DE1 3HX",10,434555,337020,"E92000001","E19000001","E18000004","","E06000015","E05001775"
"DE1 3HY",10,434916,336677,"E92000001","E19000001","E18000004","","E06000015","E05001775"
"DE1 3HZ",10,434476,336526,"E92000001","E19000001","E18000004","","E06000015","E05001775"
"DE1 3JA",10,435168,336507,"E92000001","E19000001","E18000004","","E06000015","E05001770"
"DE1 3JF",10,435105,336489,"E92000001","E19000001","E18000004","","E06000015","E05001770"
"DE1 3JG",10,434904,336912,"E92000001","E19000001","E18000004","","E06000015","E05001775"
"DE1 3JR",10,435084,336478,"E92000001","E19000001","E18000004","","E06000015","E05001770"
"DE1 3JW",10,434673,336889,"E92000001","E19000001","E18000004","","E06000015","E05001775"
"DE1 3JX",10,435161,336477,"E92000001","E19000001","E18000004","","E06000015","E05001770"
"DE1 3JY",10,434814,336916,"E92000001","E19000001","E18000004","","E06000015","E05001775"
"DE1 3JZ",10,435151,336471,"E92000001","E19000001","E18000004","","E06000015","E05001770"
"DE1 3LA",10,434523,336538,"E92000001","E19000001","E18000004","","E06000015","E05001775"
"DE1 3LB",10,434647,336713,"E92000001","E19000001","E18000004","","E06000015","E05001775"
"DE1 3LD",10,434609,336688,"E92000001","E19000001","E18000004","","E06000015","E05001775"
"DE1 3LE",10,434637,336649,"E92000001","E19000001","E18000004","","E06000015","E05001775"
"DE1 3LF",10,434727,336739,"E92000001","E19000001","E18000004","","E06000015","E05001775"
"DE1 3LG",10,434751,336693,"E92000001","E19000001","E18000004","","E06000015","E05001775"
"DE1 3LJ",10,434508,336659,"E92000001","E19000001","E18000004","","E06000015","E05001775"
"DE1 3LL",10,434607,336822,"E92000001","E19000001","E18000004","","E06000015","E05001775"
"DE1 3LP",10,434556,336738,"E92000001","E19000001","E18000004","","E06000015","E05001775"
"DE1 3LQ",10,434409,336739,"E92000001","E19000001","E18000004","","E06000015","E05001775"
"DE1 3LR",10,434634,336752,"E92000001","E19000001","E18000004","","E06000015","E05001775"
"DE1 3LS",10,434456,336677,"E92000001","E19000001","E18000004","","E06000015","E05001775"
"DE1 3LT",10,434532,336912,"E92000001","E19000001","E18000004","","E06000015","E05001775"
"DE1 3LW",10,434581,336890,"E92000001","E19000001","E18000004","","E06000015","E05001775"
"DE1 3LY",10,434522,336871,"E92000001","E19000001","E18000004","","E06000015","E05001775"
"DE1 3LZ",10,434558,336816,"E92000001","E19000001","E18000004","","E06000015","E05001775"
"DE1 3NA",10,434482,336854,"E92000001","E19000001","E18000004","","E06000015","E05001775"
"DE1 3NB",10,434452,336916,"E92000001","E19000001","E18000004","","E06000015","E05001775"
"DE1 3ND",10,434403,336856,"E92000001","E19000001","E18000004","","E06000015","E05001775"
"DE1 3NE",10,434365,336889,"E92000001","E19000001","E18000004","","E06000015","E05001775"
"DE1 3NF",10,435169,336346,"E92000001","E19000001","E18000004","","E06000015","E05001770"
"DE1 3NH",10,435138,336340,"E92000001","E19000001","E18000004","","E06000015","E05001770"
"DE1 3NL",10,435102,336331,"E92000001","E19000001","E18000004","","E06000015","E05001770"
"DE1 3NN",10,435106,336399,"E92000001","E19000001","E18000004","","E06000015","E05001770"
"DE1 3NQ",10,435172,336315,"E92000001","E19000001","E18000004","","E06000015","E05001770"
"DE1 3NR",10,435092,336307,"E92000001","E19000001","E18000004","","E06000015","E05001770"
"DE1 3NT",10,435036,336394,"E92000001","E19000001","E18000004","","E06000015","E05001770"
"DE1 3NU",10,435090,336438,"E92000001","E19000001","E18000004","","E06000015","E05001770"
"DE1 3NX",10,434356,336766,"E92000001","E19000001","E18000004","","E06000015","E05001775"
"DE1 3NZ",10,434896,336522,"E92000001","E19000001","E18000004","","E06000015","E05001770"
"DE1 3PA",10,435094,336573,"E92000001","E19000001","E18000004","","E06000015","E05001770"
"DE1 3PB",10,434748,336612,"E92000001","E19000001","E18000004","","E06000015","E05001775"
"DE1 3PD",10,435108,336355,"E92000001","E19000001","E18000004","","E06000015","E05001770"
"DE1 3PE",10,435088,336526,"E92000001","E19000001","E18000004","","E06000015","E05001770"
"DE1 3PF",10,434716,336691,"E92000001","E19000001","E18000004","","E06000015","E05001775"
"DE1 3PH",10,434622,336730,"E92000001","E19000001","E18000004","","E06000015","E05001775"
"DE1 3PJ",10,434377,337027,"E92000001","E19000001","E18000004","","E06000015","E05001775"
"DE1 3PL",10,434461,337105,"E92000001","E19000001","E18000004","","E06000015","E05001775"
"DE1 3PN",10,434476,337140,"E92000001","E19000001","E18000004","","E06000015","E05001775"
"DE1 3PP",10,434386,337180,"E92000001","E19000001","E18000004","","E06000015","E05001775"
"DE1 3PQ",10,434415,337054,"E92000001","E19000001","E18000004","","E06000015","E05001775"
"DE1 3PR",10,434384,337112,"E92000001","E19000001","E18000004","","E06000015","E05001775"
"DE1 3PS",10,434453,336768,"E92000001","E19000001","E18000004","","E06000015","E05001775"
"DE1 3PT",10,434343,336843,"E92000001","E19000001","E18000004","","E06000015","E05001775"
"DE1 3PU",10,434501,336792,"E92000001","E19000001","E18000004","","E06000015","E05001775"
"DE1 3PW",10,435229,336275,"E92000001","E19000001","E18000004","","E06000015","E05001770"
"DE1 3PY",10,435239,336287,"E92000001","E19000001","E18000004","","E06000015","E05001770"
"DE1 3QB",10,435635,336853,"E92000001","E19000001","E18000004","","E06000015","E05001775"
"DE1 3QD",10,435437,336897,"E92000001","E19000001","E18000004","","E06000015","E05001775"
"DE1 3QE",10,435232,336327,"E92000001","E19000001","E18000004","","E06000015","E05001770"
"DE1 3QF",10,435256,336366,"E92000001","E19000001","E18000004","","E06000015","E05001770"
"DE1 3QG",10,435661,337187,"E92000001","E19000001","E18000004","","E06000015","E05001775"
"DE1 3QH",10,434439,337185,"E92000001","E19000001","E18000004","","E06000015","E05001775"
"DE1 3QJ",10,435211,336334,"E92000001","E19000001","E18000004","","E06000015","E05001770"
"DE1 3QL",10,435604,337118,"E92000001","E19000001","E18000004","","E06000015","E05001775"
"DE1 3QQ",10,435817,336639,"E92000001","E19000001","E18000004","","E06000015","E05001775"
"DE1 3QR",10,435756,336638,"E92000001","E19000001","E18000004","","E06000015","E05001775"
"DE1 3QS",10,435652,336642,"E92000001","E19000001","E18000004","","E06000015","E05001775"
"DE1 3QT",10,435685,336637,"E92000001","E19000001","E18000004","","E06000015","E05001775"
"DE1 3QU",10,435677,337177,"E92000001","E19000001","E18000004","","E06000015","E05001775"
"DE1 3QW",10,435776,337192,"E92000001","E19000001","E18000004","","E06000015","E05001775"
"DE1 3QX",10,435487,336711,"E92000001","E19000001","E18000004","","E06000015","E05001775"
"DE1 3QY",10,435411,336793,"E92000001","E19000001","E18000004","","E06000015","E05001775"
"DE1 3QZ",10,435496,336983,"E92000001","E19000001","E18000004","","E06000015","E05001775"
"DE1 3RA",10,435621,337265,"E92000001","E19000001","E18000004","","E06000015","E05001775"
"DE1 3RB",10,435629,337435,"E92000001","E19000001","E18000004","","E06000015","E05001775"
"DE1 3RD",10,435490,337577,"E92000001","E19000001","E18000004","","E06000015","E05001775"
"DE1 3RF",10,435602,337480,"E92000001","E19000001","E18000004","","E06000015","E05001775"
"DE1 3RG",10,435698,337245,"E92000001","E19000001","E18000004","","E06000015","E05001775"
"DE1 3RH",10,435711,337456,"E92000001","E19000001","E18000004","","E06000015","E05001775"
"DE1 3RJ",10,435429,337020,"E92000001","E19000001","E18000004","","E06000015","E05001775"
"DE1 3RL",10,435346,337106,"E92000001","E19000001","E18000004","","E06000015","E05001775"
"DE1 3RP",10,435343,337193,"E92000001","E19000001","E18000004","","E06000015","E05001775"
"DE1 3RQ",10,435428,336992,"E92000001","E19000001","E18000004","","E06000015","E05001775"
"DE1 3RR",10,435333,337460,"E92000001","E19000001","E18000004","","E06000015","E05001775"
"DE1 3RS",10,435446,337127,"E92000001","E19000001","E18000004","","E06000015","E05001775"
"DE1 3RT",10,435485,337082,"E92000001","E19000001","E18000004","","E06000015","E05001775"
"DE1 3RU",10,435662,337289,"E92000001","E19000001","E18000004","","E06000015","E05001775"
"DE1 3RW",10,435666,337329,"E92000001","E19000001","E18000004","","E06000015","E05001775"
"DE1 3RX",10,435687,337429,"E92000001","E19000001","E18000004","","E06000015","E05001775"
"DE1 3RY",10,435428,337094,"E92000001","E19000001","E18000004","","E06000015","E05001775"
"DE1 3RZ",10,435694,337529,"E92000001","E19000001","E18000004","","E06000015","E05001775"
"DE1 3SA",10,435439,337510,"E92000001","E19000001","E18000004","","E06000015","E05001775"
"DE1 3SB",10,435518,337493,"E92000001","E19000001","E18000004","","E06000015","E05001775"
"DE1 3SD",10,435538,337446,"E92000001","E19000001","E18000004","","E06000015","E05001775"
"DE1 3SE",10,435465,337458,"E92000001","E19000001","E18000004","","E06000015","E05001775"
"DE1 3SF",10,435491,337391,"E92000001","E19000001","E18000004","","E06000015","E05001775"
"DE1 3SG",10,434303,337193,"E92000001","E19000001","E18000004","","E06000015","E05001775"
"DE1 3SH",10,434282,337205,"E92000001","E19000001","E18000004","","E06000015","E05001775"
"DE1 3SJ",10,434252,337122,"E92000001","E19000001","E18000004","","E06000015","E05001775"
"DE1 3SL",10,434331,337190,"E92000001","E19000001","E18000004","","E06000015","E05001775"
"DE1 3SN",10,434341,337148,"E92000001","E19000001","E18000004","","E06000015","E05001775"
"DE1 3SP",10,434176,337220,"E92000001","E19000001","E18000004","","E06000015","E05001775"
"DE1 3SQ",10,434256,337220,"E92000001","E19000001","E18000004","","E06000015","E05001775"
"DE1 3SR",10,434204,337261,"E92000001","E19000001","E18000004","","E06000015","E05001775"
"DE1 3SU",10,435177,336612,"E92000001","E19000001","E18000004","","E06000015","E05001770"
"DE1 3SW",10,434776,336902,"E92000001","E19000001","E18000004","","E06000015","E05001775"
"DE1 3SX",10,434681,336897,"E92000001","E19000001","E18000004","","E06000015","E05001775"
"DE1 3SY",10,434832,336893,"E92000001","E19000001","E18000004","","E06000015","E05001775"
"DE1 3SZ",10,434777,336852,"E92000001","E19000001","E18000004","","E06000015","E05001775"
"DE1 3TB",10,435591,336857,"E92000001","E19000001","E18000004","","E06000015","E05001775"
"DE1 3TD",10,435385,337478,"E92000001","E19000001","E18000004","","E06000015","E05001775"
"DE1 3TE",10,434647,336662,"E92000001","E19000001","E18000004","","E06000015","E05001775"
"DE1 3TF",10,435456,336968,"E92000001","E19000001","E18000004","","E06000015","E05001775"
"DE1 3TG",10,435709,337124,"E92000001","E19000001","E18000004","","E06000015","E05001775"
"DE1 3TH",10,435719,337056,"E92000001","E19000001","E18000004","","E06000015","E05001775"
"DE1 3TJ",10,435714,337101,"E92000001","E19000001","E18000004","","E06000015","E05001775"
"DE1 3TL",10,435745,337112,"E92000001","E19000001","E18000004","","E06000015","E05001775"
"DE1 3TN",10,435547,336970,"E92000001","E19000001","E18000004","","E06000015","E05001775"
"DE1 3TP",10,435520,336860,"E92000001","E19000001","E18000004","","E06000015","E05001775"
"DE1 3TQ",10,435529,336887,"E92000001","E19000001","E18000004","","E06000015","E05001775"
"DE1 3TS",10,435648,337047,"E92000001","E19000001","E18000004","","E06000015","E05001775"
"DE1 3TT",10,435581,337041,"E92000001","E19000001","E18000004","","E06000015","E05001775"
"DE1 3UA",10,434693,336677,"E92000001","E19000001","E18000004","","E06000015","E05001775"
"DE1 3UB",10,434693,336677,"E92000001","E19000001","E18000004","","E06000015","E05001775"
"DE1 3UD",10,434693,336677,"E92000001","E19000001","E18000004","","E06000015","E05001775"
"DE1 3UE",10,434693,336677,"E92000001","E19000001","E18000004","","E06000015","E05001775"
"DE1 3UF",10,434693,336677,"E92000001","E19000001","E18000004","","E06000015","E05001775"
"DE1 3UG",10,434693,336677,"E92000001","E19000001","E18000004","","E06000015","E05001775"
"DE1 3WD",10,434873,336761,"E92000001","E19000001","E18000004","","E06000015","E05001775"
"DE1 3XP",10,435996,335424,"E92000001","E19000001","E18000004","","E06000015","E05001770"
"DE1 3XY",10,435996,335424,"E92000001","E19000001","E18000004","","E06000015","E05001770"
"DE1 3ZF",10,435218,336299,"E92000001","E19000001","E18000004","","E06000015","E05001770"
"DE1 9AF",10,435996,335424,"E92000001","E19000001","E18000004","","E06000015","E05001770"
"DE1 9AX",10,435996,335424,"E92000001","E19000001","E18000004","","E06000015","E05001770"
"DE1 9EW",10,435996,335424,"E92000001","E19000001","E18000004","","E06000015","E05001770"
"DE1 9FB",10,435996,335424,"E92000001","E19000001","E18000004","","E06000015","E05001770"
"DE1 9FF",10,435996,335424,"E92000001","E19000001","E18000004","","E06000015","E05001770"
"DE1 9FY",10,435996,335424,"E92000001","E19000001","E18000004","","E06000015","E05001770"
"DE1 9GR",10,435996,335424,"E92000001","E19000001","E18000004","","E06000015","E05001770"
"DE1 9GU",10,435996,335424,"E92000001","E19000001","E18000004","","E06000015","E05001770"
"DE1 9GY",10,435996,335424,"E92000001","E19000001","E18000004","","E06000015","E05001770"
"DE1 9HP",10,435996,335424,"E92000001","E19000001","E18000004","","E06000015","E05001770"
"DE1 9JT",10,435996,335424,"E92000001","E19000001","E18000004","","E06000015","E05001770"
"DE1 9LD",10,435996,335424,"E92000001","E19000001","E18000004","","E06000015","E05001770"
"DE1 9LF",10,435996,335424,"E92000001","E19000001","E18000004","","E06000015","E05001770"
"DE1 9LL",10,435996,335424,"E92000001","E19000001","E18000004","","E06000015","E05001770"
"DE1 9NN",10,435996,335424,"E92000001","E19000001","E18000004","","E06000015","E05001770"
"DE1 9NR",10,435996,335424,"E92000001","E19000001","E18000004","","E06000015","E05001770"
"DE1 9NT",10,435996,335424,"E92000001","E19000001","E18000004","","E06000015","E05001770"
"DE1 9NX",10,435996,335424,"E92000001","E19000001","E18000004","","E06000015","E05001770"
"DE1 9PB",10,435996,335424,"E92000001","E19000001","E18000004","","E06000015","E05001770"
"DE1 9PE",10,435996,335424,"E92000001","E19000001","E18000004","","E06000015","E05001770"
"DE1 9PF",10,435996,335424,"E92000001","E19000001","E18000004","","E06000015","E05001770"
"DE1 9PP",10,435996,335424,"E92000001","E19000001","E18000004","","E06000015","E05001770"
"DE1 9PY",10,435996,335424,"E92000001","E19000001","E18000004","","E06000015","E05001770"
"DE1 9QJ",50,435996,335424,"E92000001","E19000001","E18000004","","E06000015","E05001770"
"DE1 9QT",50,435996,335424,"E92000001","E19000001","E18000004","","E06000015","E05001770"
"DE1 9QX",10,435996,335424,"E92000001","E19000001","E18000004","","E06000015","E05001770"
"DE1 9QY",50,435996,335424,"E92000001","E19000001","E18000004","","E06000015","E05001770"
"DE1 9RB",10,435446,336356,"E92000001","E19000001","E18000004","","E06000015","E05001770"
"DE1 9RF",50,435446,336356,"E92000001","E19000001","E18000004","","E06000015","E05001770"
"DE1 9RH",50,435446,336356,"E92000001","E19000001","E18000004","","E06000015","E05001770"
"DE1 9RL",10,435996,335424,"E92000001","E19000001","E18000004","","E06000015","E05001770"
"DE1 9RP",10,435446,336356,"E92000001","E19000001","E18000004","","E06000015","E05001770"
"DE1 9RR",50,435446,336356,"E92000001","E19000001","E18000004","","E06000015","E05001770"
"DE1 9RS",10,435446,336356,"E92000001","E19000001","E18000004","","E06000015","E05001770"
"DE1 9RT",10,435446,336356,"E92000001","E19000001","E18000004","","E06000015","E05001770"
"DE1 9RX",50,435446,336356,"E92000001","E19000001","E18000004","","E06000015","E05001770"
"DE1 9SB",10,435446,336356,"E92000001","E19000001","E18000004","","E06000015","E05001770"
"DE1 9SG",50,435446,336356,"E92000001","E19000001","E18000004","","E06000015","E05001770"
"DE1 9SJ",10,434775,336330,"E92000001","E19000001","E18000004","","E06000015","E05001770"
"DE1 9SN",10,435996,335424,"E92000001","E19000001","E18000004","","E06000015","E05001770"
"DE1 9SP",10,435446,336356,"E92000001","E19000001","E18000004","","E06000015","E05001770"
"DE1 9ST",10,435446,336356,"E92000001","E19000001","E18000004","","E06000015","E05001770"
"DE1 9SY",50,435446,336356,"E92000001","E19000001","E18000004","","E06000015","E05001770"
"DE1 9TA",10,429168,330708,"E92000001","E19000001","E18000004","E10000007","E07000039","E05008811"
"DE1 9TB",50,429168,330708,"E92000001","E19000001","E18000004","E10000007","E07000039","E05008811"
"DE1 9TG",50,429168,330708,"E92000001","E19000001","E18000004","E10000007","E07000039","E05008811"
"DE1 9TH",50,429168,330708,"E92000001","E19000001","E18000004","E10000007","E07000039","E05008811"
"DE1 9TP",10,435446,336356,"E92000001","E19000001","E18000004","","E06000015","E05001770"
"DE1 9TQ",50,429168,330708,"E92000001","E19000001","E18000004","E10000007","E07000039","E05008811"
"DE1 9UA",10,435446,336356,"E92000001","E19000001","E18000004","","E06000015","E05001770"
"DE1 9UB",10,435446,336356,"E92000001","E19000001","E18000004","","E06000015","E05001770"
"DE1 9UD",10,435996,335424,"E92000001","E19000001","E18000004","","E06000015","E05001770"
"DE1 9UU",10,435996,335424,"E92000001","E19000001","E18000004","","E06000015","E05001770"
"DE1 9UX",50,435446,336356,"E92000001","E19000001","E18000004","","E06000015","E05001770"
"DE1 9WA",10,435446,336356,"E92000001","E19000001","E18000004","","E06000015","E05001770"
"DE1 9WD",50,435446,336356,"E92000001","E19000001","E18000004","","E06000015","E05001770"
"DE1 9WR",10,435446,336356,"E92000001","E19000001","E18000004","","E06000015","E05001770"
"DE1 9WX",10,435446,336356,"E92000001","E19000001","E18000004","","E06000015","E05001770"
"DE1 9XL",10,435996,335424,"E92000001","E19000001","E18000004","","E06000015","E05001770"
"DE1 9XN",50,435996,335424,"E92000001","E19000001","E18000004","","E06000015","E05001770"
"DE1 9XU",50,435996,335424,"E92000001","E19000001","E18000004","","E06000015","E05001770"
"DE1 9XX",10,435446,336356,"E92000001","E19000001","E18000004","","E06000015","E05001770"
"DE1 9XZ",50,435996,335424,"E92000001","E19000001","E18000004","","E06000015","E05001770"
"DE1 9YE",10,435996,335424,"E92000001","E19000001","E18000004","","E06000015","E05001770"
"DE1 9YR",10,435446,336356,"E92000001","E19000001","E18000004","","E06000015","E05001770"
"DE1 9YU",10,435446,336356,"E92000001","E19000001","E18000004","","E06000015","E05001770"
"DE1 9ZB",10,435446,336356,"E92000001","E19000001","E18000004","","E06000015","E05001770"
"DE1 9ZF",10,435446,336356,"E92000001","E19000001","E18000004","","E06000015","E05001770"
"DE1 9ZJ",10,435446,336356,"E92000001","E19000001","E18000004","","E06000015","E05001770"
"DE110AA",10,429921,319752,"E92000001","E19000001","E18000004","E10000007","E07000039","E05008821"
"DE110AD",10,429725,319611,"E92000001","E19000001","E18000004","E10000007","E07000039","E05008821"
"DE110AE",10,429825,319791,"E92000001","E19000001","E18000004","E10000007","E07000039","E05008821"
"DE110AG",10,429950,319689,"E92000001","E19000001","E18000004","E10000007","E07000039","E05008821"
"DE110AH",10,429763,319704,"E92000001","E19000001","E18000004","E10000007","E07000039","E05008821"
"DE110AL",10,429968,319717,"E92000001","E19000001","E18000004","E10000007","E07000039","E05008821"
"DE110AN",10,429909,320020,"E92000001","E19000001","E18000004","E10000007","E07000039","E05008821"
"DE110AP",10,429945,320072,"E92000001","E19000001","E18000004","E10000007","E07000039","E05008821"
"DE110AR",10,429986,320093,"E92000001","E19000001","E18000004","E10000007","E07000039","E05008821"
"DE110AS",10,429929,319871,"E92000001","E19000001","E18000004","E10000007","E07000039","E05008821"
"DE110AT",10,429262,321167,"E92000001","E19000001","E18000004","E10000007","E07000039","E05008816"
"DE110AU",10,429355,321312,"E92000001","E19000001","E18000004","E10000007","E07000039","E05008816"
"DE110AW",10,429968,320199,"E92000001","E19000001","E18000004","E10000007","E07000039","E05008821"
"DE110AX",10,429916,320207,"E92000001","E19000001","E18000004","E10000007","E07000039","E05008821"
"DE110AY",10,429863,320104,"E92000001","E19000001","E18000004","E10000007","E07000039","E05008821"
"DE110AZ",10,430024,320153,"E92000001","E19000001","E18000004","E10000007","E07000039","E05008821"
"DE110BA",10,430139,320232,"E92000001","E19000001","E18000004","E10000007","E07000039","E05008821"
"DE110BB",10,428411,319333,"E92000001","E19000001","E18000004","E10000007","E07000039","E05008821"
"DE110BD",10,429842,320334,"E92000001","E19000001","E18000004","E10000007","E07000039","E05008821"
"DE110BE",10,430103,320311,"E92000001","E19000001","E18000004","E10000007","E07000039","E05008821"
"DE110BF",10,429618,320487,"E92000001","E19000001","E18000004","E10000007","E07000039","E05008816"
"DE110BG",10,429854,320477,"E92000001","E19000001","E18000004","E10000007","E07000039","E05008821"
"DE110BH",10,429812,319845,"E92000001","E19000001","E18000004","E10000007","E07000039","E05008821"
"DE110BJ",10,429693,319816,"E92000001","E19000001","E18000004","E10000007","E07000039","E05008821"
"DE110BL",10,429783,319847,"E92000001","E19000001","E18000004","E10000007","E07000039","E05008821"
"DE110BN",10,430174,320342,"E92000001","E19000001","E18000004","E10000007","E07000039","E05008816"
"DE110BP",50,430014,319817,"E92000001","E19000001","E18000004","E10000007","E07000039","E05008821"
"DE110BQ",10,429891,320686,"E92000001","E19000001","E18000004","E10000007","E07000039","E05008816"
"DE110BS",10,429109,321557,"E92000001","E19000001","E18000004","E10000007","E07000039","E05008817"
"DE110BU",10,429947,320415,"E92000001","E19000001","E18000004","E10000007","E07000039","E05008821"
"DE110BW",10,430014,319817,"E92000001","E19000001","E18000004","E10000007","E07000039","E05008821"
"DE110BX",10,429994,320586,"E92000001","E19000001","E18000004","E10000007","E07000039","E05008821"
"DE110BY",10,430001,320778,"E92000001","E19000001","E18000004","E10000007","E07000039","E05008816"
"DE110BZ",10,430008,320936,"E92000001","E19000001","E18000004","E10000007","E07000039","E05008816"
"DE110DA",10,429977,321058,"E92000001","E19000001","E18000004","E10000007","E07000039","E05008816"
"DE110DB",10,429947,320866,"E92000001","E19000001","E18000004","E10000007","E07000039","E05008816"
"DE110DD",10,430035,320592,"E92000001","E19000001","E18000004","E10000007","E07000039","E05008816"
"DE110DE",10,430087,320456,"E92000001","E19000001","E18000004","E10000007","E07000039","E05008821"
"DE110DF",10,430110,320828,"E92000001","E19000001","E18000004","E10000007","E07000039","E05008816"
"DE110DG",10,430071,320844,"E92000001","E19000001","E18000004","E10000007","E07000039","E05008816"
"DE110DH",10,430052,321010,"E92000001","E19000001","E18000004","E10000007","E07000039","E05008816"
"DE110DJ",10,430004,321119,"E92000001","E19000001","E18000004","E10000007","E07000039","E05008816"
"DE110DL",10,429859,321320,"E92000001","E19000001","E18000004","E10000007","E07000039","E05008816"
"DE110DN",10,429495,321494,"E92000001","E19000001","E18000004","E10000007","E07000039","E05008816"
"DE110DP",10,430067,321182,"E92000001","E19000001","E18000004","E10000007","E07000039","E05008816"
"DE110DQ",10,430338,320781,"E92000001","E19000001","E18000004","E10000007","E07000039","E05008816"
"DE110DR",10,430089,320569,"E92000001","E19000001","E18000004","E10000007","E07000039","E05008816"
"DE110DS",10,430141,320538,"E92000001","E19000001","E18000004","E10000007","E07000039","E05008816"
"DE110DT",10,430266,320554,"E92000001","E19000001","E18000004","E10000007","E07000039","E05008816"
"DE110DU",10,430297,320421,"E92000001","E19000001","E18000004","E10000007","E07000039","E05008816"
"DE110DW",10,430457,320778,"E92000001","E19000001","E18000004","E10000007","E07000039","E05008816"
"DE110DX",10,430313,320455,"E92000001","E19000001","E18000004","E10000007","E07000039","E05008816"
"DE110DY",10,430234,320420,"E92000001","E19000001","E18000004","E10000007","E07000039","E05008816"
"DE110DZ",10,430296,320488,"E92000001","E19000001","E18000004","E10000007","E07000039","E05008816"
"DE110EA",10,429386,320545,"E92000001","E19000001","E18000004","E10000007","E07000039","E05008817"
"DE110EB",10,429584,319993,"E92000001","E19000001","E18000004","E10000007","E07000039","E05008821"
"DE110ED",10,429384,320667,"E92000001","E19000001","E18000004","E10000007","E07000039","E05008816"
"DE110EE",10,429534,319869,"E92000001","E19000001","E18000004","E10000007","E07000039","E05008821"
"DE110EF",10,429533,319948,"E92000001","E19000001","E18000004","E10000007","E07000039","E05008821"
"DE110EG",10,429638,320563,"E92000001","E19000001","E18000004","E10000007","E07000039","E05008816"
"DE110EH",10,429581,320590,"E92000001","E19000001","E18000004","E10000007","E07000039","E05008816"
"DE110EJ",10,429728,320519,"E92000001","E19000001","E18000004","E10000007","E07000039","E05008816"
"DE110EL",10,429818,320990,"E92000001","E19000001","E18000004","E10000007","E07000039","E05008816"
"DE110EN",10,429524,320938,"E92000001","E19000001","E18000004","E10000007","E07000039","E05008816"
"DE110EP",10,429582,320922,"E92000001","E19000001","E18000004","E10000007","E07000039","E05008816"
"DE110ER",10,429729,320882,"E92000001","E19000001","E18000004","E10000007","E07000039","E05008816"
"DE110ES",10,429788,320738,"E92000001","E19000001","E18000004","E10000007","E07000039","E05008816"
"DE110ET",10,429673,320664,"E92000001","E19000001","E18000004","E10000007","E07000039","E05008816"
"DE110EU",10,429580,320834,"E92000001","E19000001","E18000004","E10000007","E07000039","E05008816"
"DE110EW",10,429513,320780,"E92000001","E19000001","E18000004","E10000007","E07000039","E05008816"
"DE110EX",10,429856,320786,"E92000001","E19000001","E18000004","E10000007","E07000039","E05008816"
"DE110EY",10,429713,320783,"E92000001","E19000001","E18000004","E10000007","E07000039","E05008816"
"DE110EZ",10,429705,320748,"E92000001","E19000001","E18000004","E10000007","E07000039","E05008816"
"DE110FB",10,429120,320715,"E92000001","E19000001","E18000004","E10000007","E07000039","E05008817"
"DE110FD",10,428485,320747,"E92000001","E19000001","E18000004","E10000007","E07000039","E05008817"
"DE110FE",10,429725,319770,"E92000001","E19000001","E18000004","E10000007","E07000039","E05008821"
"DE110FF",50,429715,319761,"E92000001","E19000001","E18000004","E10000007","E07000039","E05008821"
"DE110FG",50,428387,320326,"E92000001","E19000001","E18000004","E10000007","E07000039","E05008817"
"DE110FH",50,428389,320326,"E92000001","E19000001","E18000004","E10000007","E07000039","E05008817"
"DE110FJ",50,428389,320326,"E92000001","E19000001","E18000004","E10000007","E07000039","E05008817"
"DE110FL",50,428362,320761,"E92000001","E19000001","E18000004","E10000007","E07000039","E05008817"
"DE110FN",50,428362,320761,"E92000001","E19000001","E18000004","E10000007","E07000039","E05008817"
"DE110FP",50,428362,320761,"E92000001","E19000001","E18000004","E10000007","E07000039","E05008817"
"DE110FQ",10,428389,320326,"E92000001","E19000001","E18000004","E10000007","E07000039","E05008817"
"DE110FR",10,428362,320761,"E92000001","E19000001","E18000004","E10000007","E07000039","E05008817"
"DE110GN",10,429921,319752,"E92000001","E19000001","E18000004","E10000007","E07000039","E05008821"
"DE110GY",10,428627,321162,"E92000001","E19000001","E18000004","E10000007","E07000039","E05008817"
"DE110HA",10,429611,320801,"E92000001","E19000001","E18000004","E10000007","E07000039","E05008816"
"DE110HB",10,429663,320946,"E92000001","E19000001","E18000004","E10000007","E07000039","E05008816"
"DE110HD",10,429866,321095,"E92000001","E19000001","E18000004","E10000007","E07000039","E05008816"
"DE110HE",10,429888,321015,"E92000001","E19000001","E18000004","E10000007","E07000039","E05008816"
"DE110HF",10,429482,320641,"E92000001","E19000001","E18000004","E10000007","E07000039","E05008816"
"DE110HG",10,429498,320594,"E92000001","E19000001","E18000004","E10000007","E07000039","E05008816"
"DE110HH",10,430386,320606,"E92000001","E19000001","E18000004","E10000007","E07000039","E05008816"
"DE110HJ",10,430301,320658,"E92000001","E19000001","E18000004","E10000007","E07000039","E05008816"
"DE110HL",10,430354,320674,"E92000001","E19000001","E18000004","E10000007","E07000039","E05008816"
"DE110HN",10,429393,321277,"E92000001","E19000001","E18000004","E10000007","E07000039","E05008816"
"DE110HP",10,429257,320717,"E92000001","E19000001","E18000004","E10000007","E07000039","E05008816"
"DE110HQ",10,430456,320576,"E92000001","E19000001","E18000004","E10000007","E07000039","E05008816"
"DE110HR",10,429147,320737,"E92000001","E19000001","E18000004","E10000007","E07000039","E05008817"
"DE110HT",10,429012,320841,"E92000001","E19000001","E18000004","E10000007","E07000039","E05008817"
"DE110HU",10,428836,320930,"E92000001","E19000001","E18000004","E10000007","E07000039","E05008817"
"DE110HW",10,429417,321149,"E92000001","E19000001","E18000004","E10000007","E07000039","E05008816"
"DE110HX",10,428682,320925,"E92000001","E19000001","E18000004","E10000007","E07000039","E05008817"
"DE110HY",10,429239,320636,"E92000001","E19000001","E18000004","E10000007","E07000039","E05008817"
"DE110HZ",10,429195,320719,"E92000001","E19000001","E18000004","E10000007","E07000039","E05008817"
"DE110JA",10,429219,320781,"E92000001","E19000001","E18000004","E10000007","E07000039","E05008816"
"DE110JB",10,429278,320820,"E92000001","E19000001","E18000004","E10000007","E07000039","E05008816"
"DE110JD",10,429364,320851,"E92000001","E19000001","E18000004","E10000007","E07000039","E05008816"
"DE110JE",10,429422,320754,"E92000001","E19000001","E18000004","E10000007","E07000039","E05008816"
"DE110JF",10,429375,320910,"E92000001","E19000001","E18000004","E10000007","E07000039","E05008816"
"DE110JG",10,429283,321024,"E92000001","E19000001","E18000004","E10000007","E07000039","E05008816"
"DE110JH",10,429219,320822,"E92000001","E19000001","E18000004","E10000007","E07000039","E05008816"
"DE110JJ",10,429187,320974,"E92000001","E19000001","E18000004","E10000007","E07000039","E05008816"
"DE110JL",10,429178,321013,"E92000001","E19000001","E18000004","E10000007","E07000039","E05008816"
"DE110JN",10,429373,321052,"E92000001","E19000001","E18000004","E10000007","E07000039","E05008816"
"DE110JP",10,429097,320827,"E92000001","E19000001","E18000004","E10000007","E07000039","E05008817"
"DE110JQ",10,429378,320977,"E92000001","E19000001","E18000004","E10000007","E07000039","E05008816"
"DE110JR",10,429027,320887,"E92000001","E19000001","E18000004","E10000007","E07000039","E05008817"
"DE110JS",10,428842,320771,"E92000001","E19000001","E18000004","E10000007","E07000039","E05008817"
"DE110JT",10,428847,320706,"E92000001","E19000001","E18000004","E10000007","E07000039","E05008817"
"DE110JU",10,428916,320806,"E92000001","E19000001","E18000004","E10000007","E07000039","E05008817"
"DE110JW",10,429295,321115,"E92000001","E19000001","E18000004","E10000007","E07000039","E05008816"
"DE110JX",10,428768,320773,"E92000001","E19000001","E18000004","E10000007","E07000039","E05008817"
"DE110JY",10,428629,320850,"E92000001","E19000001","E18000004","E10000007","E07000039","E05008817"
"DE110JZ",10,429432,321181,"E92000001","E19000001","E18000004","E10000007","E07000039","E05008816"
"DE110LA",10,429550,320138,"E92000001","E19000001","E18000004","E10000007","E07000039","E05008821"
"DE110LB",10,429281,321377,"E92000001","E19000001","E18000004","E10000007","E07000039","E05008816"
"DE110LD",10,429314,321301,"E92000001","E19000001","E18000004","E10000007","E07000039","E05008816"
"DE110LE",10,429299,321458,"E92000001","E19000001","E18000004","E10000007","E07000039","E05008816"
"DE110LF",10,429263,321131,"E92000001","E19000001","E18000004","E10000007","E07000039","E05008816"
"DE110LG",10,429186,321425,"E92000001","E19000001","E18000004","E10000007","E07000039","E05008816"
"DE110LH",10,428626,321002,"E92000001","E19000001","E18000004","E10000007","E07000039","E05008817"
"DE110LJ",10,428676,321122,"E92000001","E19000001","E18000004","E10000007","E07000039","E05008817"
"DE110LL",10,428747,321149,"E92000001","E19000001","E18000004","E10000007","E07000039","E05008817"
"DE110LN",10,428657,321256,"E92000001","E19000001","E18000004","E10000007","E07000039","E05008817"
"DE110LP",10,428717,321296,"E92000001","E19000001","E18000004","E10000007","E07000039","E05008817"
"DE110LQ",10,429233,321310,"E92000001","E19000001","E18000004","E10000007","E07000039","E05008816"
"DE110LR",10,429196,321345,"E92000001","E19000001","E18000004","E10000007","E07000039","E05008816"
"DE110LS",10,429183,321315,"E92000001","E19000001","E18000004","E10000007","E07000039","E05008816"
"DE110LT",10,429152,321227,"E92000001","E19000001","E18000004","E10000007","E07000039","E05008816"
"DE110LU",10,429164,321181,"E92000001","E19000001","E18000004","E10000007","E07000039","E05008816"
"DE110LW",10,428590,321515,"E92000001","E19000001","E18000004","E10000007","E07000039","E05008817"
"DE110LX",10,428888,321302,"E92000001","E19000001","E18000004","E10000007","E07000039","E05008817"
"DE110LY",10,429137,321504,"E92000001","E19000001","E18000004","E10000007","E07000039","E05008817"
"DE110LZ",10,428883,321162,"E92000001","E19000001","E18000004","E10000007","E07000039","E05008817"
"DE110NA",10,428949,321232,"E92000001","E19000001","E18000004","E10000007","E07000039","E05008817"
"DE110NB",10,429030,321330,"E92000001","E19000001","E18000004","E10000007","E07000039","E05008817"
"DE110ND",10,429125,321299,"E92000001","E19000001","E18000004","E10000007","E07000039","E05008817"
"DE110NE",10,429373,321193,"E92000001","E19000001","E18000004","E10000007","E07000039","E05008816"
"DE110NF",10,429045,321183,"E92000001","E19000001","E18000004","E10000007","E07000039","E05008817"
"DE110NG",10,429048,321125,"E92000001","E19000001","E18000004","E10000007","E07000039","E05008817"
"DE110NH",10,429009,321064,"E92000001","E19000001","E18000004","E10000007","E07000039","E05008817"
"DE110NJ",10,429119,321084,"E92000001","E19000001","E18000004","E10000007","E07000039","E05008817"
"DE110NL",10,428864,321099,"E92000001","E19000001","E18000004","E10000007","E07000039","E05008817"
"DE110NN",10,428713,321038,"E92000001","E19000001","E18000004","E10000007","E07000039","E05008817"
"DE110NP",10,428908,320983,"E92000001","E19000001","E18000004","E10000007","E07000039","E05008817"
"DE110NQ",10,429091,320953,"E92000001","E19000001","E18000004","E10000007","E07000039","E05008817"
"DE110NR",10,429037,320960,"E92000001","E19000001","E18000004","E10000007","E07000039","E05008817"
"DE110NS",10,428977,320935,"E92000001","E19000001","E18000004","E10000007","E07000039","E05008817"
"DE110NU",10,428162,320232,"E92000001","E19000001","E18000004","E10000007","E07000039","E05008817"
"DE110NW",10,428812,321053,"E92000001","E19000001","E18000004","E10000007","E07000039","E05008817"
"DE110NX",10,429494,321265,"E92000001","E19000001","E18000004","E10000007","E07000039","E05008816"
"DE110NY",10,428044,320377,"E92000001","E19000001","E18000004","E10000007","E07000039","E05008817"
"DE110NZ",10,429228,321256,"E92000001","E19000001","E18000004","E10000007","E07000039","E05008816"
"DE110PA",10,429667,319752,"E92000001","E19000001","E18000004","E10000007","E07000039","E05008821"
"DE110PD",10,429404,321453,"E92000001","E19000001","E18000004","E10000007","E07000039","E05008816"
"DE110PE",10,429451,321358,"E92000001","E19000001","E18000004","E10000007","E07000039","E05008816"
"DE110PF",10,429670,320360,"E92000001","E19000001","E18000004","E10000007","E07000039","E05008821"
"DE110PG",10,429681,320153,"E92000001","E19000001","E18000004","E10000007","E07000039","E05008821"
"DE110PH",10,429512,321431,"E92000001","E19000001","E18000004","E10000007","E07000039","E05008816"
"DE110PJ",10,429656,319852,"E92000001","E19000001","E18000004","E10000007","E07000039","E05008821"
"DE110PL",10,429731,319994,"E92000001","E19000001","E18000004","E10000007","E07000039","E05008821"
"DE110PN",10,429772,320113,"E92000001","E19000001","E18000004","E10000007","E07000039","E05008821"
"DE110PP",10,429610,319891,"E92000001","E19000001","E18000004","E10000007","E07000039","E05008821"
"DE110PQ",10,429631,319984,"E92000001","E19000001","E18000004","E10000007","E07000039","E05008821"
"DE110PR",10,429789,319997,"E92000001","E19000001","E18000004","E10000007","E07000039","E05008821"
"DE110PS",10,429698,319880,"E92000001","E19000001","E18000004","E10000007","E07000039","E05008821"
"DE110PT",10,429776,319925,"E92000001","E19000001","E18000004","E10000007","E07000039","E05008821"
"DE110PU",10,429789,320221,"E92000001","E19000001","E18000004","E10000007","E07000039","E05008821"
"DE110PW",10,429792,320031,"E92000001","E19000001","E18000004","E10000007","E07000039","E05008821"
"DE110PX",10,429874,320265,"E92000001","E19000001","E18000004","E10000007","E07000039","E05008821"
"DE110PY",10,428365,320407,"E92000001","E19000001","E18000004","E10000007","E07000039","E05008817"
"DE110PZ",10,428543,321208,"E92000001","E19000001","E18000004","E10000007","E07000039","E05008817"
"DE110QA",10,429382,320138,"E92000001","E19000001","E18000004","E10000007","E07000039","E05008821"
"DE110QB",10,429517,320280,"E92000001","E19000001","E18000004","E10000007","E07000039","E05008821"
"DE110QD",10,429559,320319,"E92000001","E19000001","E18000004","E10000007","E07000039","E05008821"
"DE110QE",10,429518,320370,"E92000001","E19000001","E18000004","E10000007","E07000039","E05008821"
"DE110QF",10,429619,320410,"E92000001","E19000001","E18000004","E10000007","E07000039","E05008821"
"DE110QG",10,429502,320440,"E92000001","E19000001","E18000004","E10000007","E07000039","E05008817"
"DE110QH",10,429088,320526,"E92000001","E19000001","E18000004","E10000007","E07000039","E05008817"
"DE110QJ",10,429362,321390,"E92000001","E19000001","E18000004","E10000007","E07000039","E05008816"
"DE110QL",10,429214,320409,"E92000001","E19000001","E18000004","E10000007","E07000039","E05008817"
"DE110QN",10,429233,320485,"E92000001","E19000001","E18000004","E10000007","E07000039","E05008817"
"DE110QP",10,429121,320548,"E92000001","E19000001","E18000004","E10000007","E07000039","E05008817"
"DE110QQ",10,429105,320320,"E92000001","E19000001","E18000004","E10000007","E07000039","E05008817"
"DE110QR",10,429122,320586,"E92000001","E19000001","E18000004","E10000007","E07000039","E05008817"
"DE110QS",10,429048,320598,"E92000001","E19000001","E18000004","E10000007","E07000039","E05008817"
"DE110QT",10,429051,320670,"E92000001","E19000001","E18000004","E10000007","E07000039","E05008817"
"DE110QU",10,428980,320752,"E92000001","E19000001","E18000004","E10000007","E07000039","E05008817"
"DE110QW",10,429098,320465,"E92000001","E19000001","E18000004","E10000007","E07000039","E05008817"
"DE110QX",10,429059,320484,"E92000001","E19000001","E18000004","E10000007","E07000039","E05008817"
"DE110QY",10,428991,320402,"E92000001","E19000001","E18000004","E10000007","E07000039","E05008817"
"DE110QZ",10,428925,320461,"E92000001","E19000001","E18000004","E10000007","E07000039","E05008817"
"DE110RA",10,428955,320508,"E92000001","E19000001","E18000004","E10000007","E07000039","E05008817"
"DE110RB",10,429077,320045,"E92000001","E19000001","E18000004","E10000007","E07000039","E05008817"
"DE110RD",10,429081,320087,"E92000001","E19000001","E18000004","E10000007","E07000039","E05008817"
"DE110RE",10,429386,320373,"E92000001","E19000001","E18000004","E10000007","E07000039","E05008817"
"DE110RF",10,429170,320070,"E92000001","E19000001","E18000004","E10000007","E07000039","E05008817"
"DE110RG",10,429171,320385,"E92000001","E19000001","E18000004","E10000007","E07000039","E05008817"
"DE110RH",10,428651,320621,"E92000001","E19000001","E18000004","E10000007","E07000039","E05008817"
"DE110RJ",10,428934,320425,"E92000001","E19000001","E18000004","E10000007","E07000039","E05008817"
"DE110RL",10,428895,320401,"E92000001","E19000001","E18000004","E10000007","E07000039","E05008817"
"DE110RN",10,428867,320357,"E92000001","E19000001","E18000004","E10000007","E07000039","E05008817"
"DE110RP",10,428874,320227,"E92000001","E19000001","E18000004","E10000007","E07000039","E05008817"
"DE110RQ",10,429301,320396,"E92000001","E19000001","E18000004","E10000007","E07000039","E05008817"
"DE110RR",10,428807,320352,"E92000001","E19000001","E18000004","E10000007","E07000039","E05008817"
"DE110RS",10,428786,320253,"E92000001","E19000001","E18000004","E10000007","E07000039","E05008817"
"DE110RT",10,428705,320336,"E92000001","E19000001","E18000004","E10000007","E07000039","E05008817"
"DE110RU",10,428612,320219,"E92000001","E19000001","E18000004","E10000007","E07000039","E05008817"
"DE110RW",10,428786,320542,"E92000001","E19000001","E18000004","E10000007","E07000039","E05008817"
"DE110RX",10,428628,320154,"E92000001","E19000001","E18000004","E10000007","E07000039","E05008817"
"DE110RY",10,428586,320382,"E92000001","E19000001","E18000004","E10000007","E07000039","E05008817"
"DE110RZ",10,428734,320372,"E92000001","E19000001","E18000004","E10000007","E07000039","E05008817"
"DE110SA",10,428730,320450,"E92000001","E19000001","E18000004","E10000007","E07000039","E05008817"
"DE110SB",10,428865,320530,"E92000001","E19000001","E18000004","E10000007","E07000039","E05008817"
"DE110SD",10,428618,320523,"E92000001","E19000001","E18000004","E10000007","E07000039","E05008817"
"DE110SE",10,428522,320454,"E92000001","E19000001","E18000004","E10000007","E07000039","E05008817"
"DE110SF",10,428578,320453,"E92000001","E19000001","E18000004","E10000007","E07000039","E05008817"
"DE110SG",10,428866,320634,"E92000001","E19000001","E18000004","E10000007","E07000039","E05008817"
"DE110SH",10,428571,320640,"E92000001","E19000001","E18000004","E10000007","E07000039","E05008817"
"DE110SJ",10,428431,320765,"E92000001","E19000001","E18000004","E10000007","E07000039","E05008817"
"DE110SL",10,428459,320590,"E92000001","E19000001","E18000004","E10000007","E07000039","E05008817"
"DE110SN",10,428447,320421,"E92000001","E19000001","E18000004","E10000007","E07000039","E05008817"
"DE110SP",10,428359,320705,"E92000001","E19000001","E18000004","E10000007","E07000039","E05008817"
"DE110SQ",10,428623,320674,"E92000001","E19000001","E18000004","E10000007","E07000039","E05008817"
"DE110SR",10,428333,320563,"E92000001","E19000001","E18000004","E10000007","E07000039","E05008817"
"DE110SS",10,428345,320638,"E92000001","E19000001","E18000004","E10000007","E07000039","E05008817"
"DE110ST",10,428308,320464,"E92000001","E19000001","E18000004","E10000007","E07000039","E05008817"
"DE110SU",10,428218,320337,"E92000001","E19000001","E18000004","E10000007","E07000039","E05008817"
"DE110SW",10,428474,320218,"E92000001","E19000001","E18000004","E10000007","E07000039","E05008817"
"DE110SX",10,428111,320360,"E92000001","E19000001","E18000004","E10000007","E07000039","E05008817"
"DE110SY",10,428219,320375,"E92000001","E19000001","E18000004","E10000007","E07000039","E05008817"
"DE110SZ",10,428055,320432,"E92000001","E19000001","E18000004","E10000007","E07000039","E05008817"
"DE110TA",10,428002,320200,"E92000001","E19000001","E18000004","E10000007","E07000039","E05008817"
"DE110TB",10,428302,320143,"E92000001","E19000001","E18000004","E10000007","E07000039","E05008817"
"DE110TD",10,428485,320282,"E92000001","E19000001","E18000004","E10000007","E07000039","E05008817"
"DE110TE",10,428412,320209,"E92000001","E19000001","E18000004","E10000007","E07000039","E05008817"
"DE110TF",10,428072,321583,"E92000001","E19000001","E18000004","E10000007","E07000039","E05008818"
"DE110TG",10,428330,320373,"E92000001","E19000001","E18000004","E10000007","E07000039","E05008817"
"DE110TH",10,428218,320719,"E92000001","E19000001","E18000004","E10000007","E07000039","E05008817"
"DE110TJ",10,428542,321157,"E92000001","E19000001","E18000004","E10000007","E07000039","E05008817"
"DE110TL",10,429702,320329,"E92000001","E19000001","E18000004","E10000007","E07000039","E05008821"
"DE110TN",10,428342,321272,"E92000001","E19000001","E18000004","E10000007","E07000039","E05008817"
"DE110TP",10,428210,320786,"E92000001","E19000001","E18000004","E10000007","E07000039","E05008817"
"DE110TQ",10,428728,320500,"E92000001","E19000001","E18000004","E10000007","E07000039","E05008817"
"DE110TR",10,428353,320867,"E92000001","E19000001","E18000004","E10000007","E07000039","E05008817"
"DE110TS",10,428304,320747,"E92000001","E19000001","E18000004","E10000007","E07000039","E05008817"
"DE110TT",10,428108,320703,"E92000001","E19000001","E18000004","E10000007","E07000039","E05008817"
"DE110TU",10,428026,320491,"E92000001","E19000001","E18000004","E10000007","E07000039","E05008817"
"DE110TW",10,428464,320866,"E92000001","E19000001","E18000004","E10000007","E07000039","E05008817"
"DE110TX",10,427867,320320,"E92000001","E19000001","E18000004","E10000007","E07000039","E05008817"
"DE110TY",10,428168,320671,"E92000001","E19000001","E18000004","E10000007","E07000039","E05008817"
"DE110TZ",10,428159,320540,"E92000001","E19000001","E18000004","E10000007","E07000039","E05008817"
"DE110UA",10,428235,320658,"E92000001","E19000001","E18000004","E10000007","E07000039","E05008817"
"DE110UB",10,428227,320521,"E92000001","E19000001","E18000004","E10000007","E07000039","E05008817"
"DE110UD",10,428589,320919,"E92000001","E19000001","E18000004","E10000007","E07000039","E05008817"
"DE110UE",10,428789,321439,"E92000001","E19000001","E18000004","E10000007","E07000039","E05008817"
"DE110UF",10,427988,320364,"E92000001","E19000001","E18000004","E10000007","E07000039","E05008817"
"DE110UG",10,427878,320256,"E92000001","E19000001","E18000004","E10000007","E07000039","E05008817"
"DE110UH",10,427823,320174,"E92000001","E19000001","E18000004","E10000007","E07000039","E05008817"
"DE110UJ",10,428215,320628,"E92000001","E19000001","E18000004","E10000007","E07000039","E05008817"
"DE110UL",10,428672,320074,"E92000001","E19000001","E18000004","E10000007","E07000039","E05008817"
"DE110UN",10,428760,320174,"E92000001","E19000001","E18000004","E10000007","E07000039","E05008817"
"DE110UP",10,429289,319844,"E92000001","E19000001","E18000004","E10000007","E07000039","E05008821"
"DE110UQ",10,429590,320152,"E92000001","E19000001","E18000004","E10000007","E07000039","E05008821"
"DE110UR",10,428907,320159,"E92000001","E19000001","E18000004","E10000007","E07000039","E05008817"
"DE110US",10,428847,320136,"E92000001","E19000001","E18000004","E10000007","E07000039","E05008817"
"DE110UT",10,428911,320095,"E92000001","E19000001","E18000004","E10000007","E07000039","E05008817"
"DE110UU",10,428300,320182,"E92000001","E19000001","E18000004","E10000007","E07000039","E05008817"
"DE110UW",10,428969,320253,"E92000001","E19000001","E18000004","E10000007","E07000039","E05008817"
"DE110UX",10,428210,320263,"E92000001","E19000001","E18000004","E10000007","E07000039","E05008817"
"DE110UY",10,428512,320596,"E92000001","E19000001","E18000004","E10000007","E07000039","E05008817"
"DE110UZ",10,428556,320953,"E92000001","E19000001","E18000004","E10000007","E07000039","E05008817"
"DE110WD",10,429259,320251,"E92000001","E19000001","E18000004","E10000007","E07000039","E05008817"
"DE110WE",10,429921,319752,"E92000001","E19000001","E18000004","E10000007","E07000039","E05008821"
"DE110WF",10,429921,319752,"E92000001","E19000001","E18000004","E10000007","E07000039","E05008821"
"DE110WH",50,429259,320251,"E92000001","E19000001","E18000004","E10000007","E07000039","E05008817"
"DE110XA",10,429698,321089,"E92000001","E19000001","E18000004","E10000007","E07000039","E05008816"
"DE110XD",10,429737,321089,"E92000001","E19000001","E18000004","E10000007","E07000039","E05008816"
"DE110XE",10,429681,321191,"E92000001","E19000001","E18000004","E10000007","E07000039","E05008816"
"DE110XF",10,429918,321235,"E92000001","E19000001","E18000004","E10000007","E07000039","E05008816"
"DE110XG",10,429829,321234,"E92000001","E19000001","E18000004","E10000007","E07000039","E05008816"
"DE110XH",10,429846,321150,"E92000001","E19000001","E18000004","E10000007","E07000039","E05008816"
"DE110XJ",10,429663,321258,"E92000001","E19000001","E18000004","E10000007","E07000039","E05008816"
"DE110XL",10,429767,321289,"E92000001","E19000001","E18000004","E10000007","E07000039","E05008816"
"DE110XN",10,429694,321214,"E92000001","E19000001","E18000004","E10000007","E07000039","E05008816"
"DE110XP",10,429578,321252,"E92000001","E19000001","E18000004","E10000007","E07000039","E05008816"
"DE110XS",10,429592,321367,"E92000001","E19000001","E18000004","E10000007","E07000039","E05008816"
"DE110XW",10,429603,321234,"E92000001","E19000001","E18000004","E10000007","E07000039","E05008816"
"DE110YH",10,428044,320174,"E92000001","E19000001","E18000004","E10000007","E07000039","E05008817"
"DE110YN",10,429921,319752,"E92000001","E19000001","E18000004","E10000007","E07000039","E05008821"
"DE110YQ",10,428149,320260,"E92000001","E19000001","E18000004","E10000007","E07000039","E05008817"
"DE111BL",10,429921,319752,"E92000001","E19000001","E18000004","E10000007","E07000039","E05008821"
"DE111BP",10,429921,319752,"E92000001","E19000001","E18000004","E10000007","E07000039","E05008821"
"DE111BS",10,429921,319752,"E92000001","E19000001","E18000004","E10000007","E07000039","E05008821"
"DE111BW",10,429921,319752,"E92000001","E19000001","E18000004","E10000007","E07000039","E05008821"
"DE111DH",10,429921,319752,"E92000001","E19000001","E18000004","E10000007","E07000039","E05008821"
"DE111DQ",10,429921,319752,"E92000001","E19000001","E18000004","E10000007","E07000039","E05008821"
"DE111DS",10,429921,319752,"E92000001","E19000001","E18000004","E10000007","E07000039","E05008821"
"DE111ED",10,429921,319752,"E92000001","E19000001","E18000004","E10000007","E07000039","E05008821"
"DE111ET",10,429921,319752,"E92000001","E19000001","E18000004","E10000007","E07000039","E05008821"
"DE111FG",10,429921,319752,"E92000001","E19000001","E18000004","E10000007","E07000039","E05008821"
"DE111FP",10,429921,319752,"E92000001","E19000001","E18000004","E10000007","E07000039","E05008821"
"DE111FR",10,429921,319752,"E92000001","E19000001","E18000004","E10000007","E07000039","E05008821"
"DE111FS",10,429921,319752,"E92000001","E19000001","E18000004","E10000007","E07000039","E05008821"
"DE111FY",10,429921,319752,"E92000001","E19000001","E18000004","E10000007","E07000039","E05008821"
"DE111FZ",10,429921,319752,"E92000001","E19000001","E18000004","E10000007","E07000039","E05008821"
"DE111GA",10,429921,319752,"E92000001","E19000001","E18000004","E10000007","E07000039","E05008821"
"DE111GB",10,429921,319752,"E92000001","E19000001","E18000004","E10000007","E07000039","E05008821"
"DE111GD",10,429921,319752,"E92000001","E19000001","E18000004","E10000007","E07000039","E05008821"
"DE111GE",10,429921,319752,"E92000001","E19000001","E18000004","E10000007","E07000039","E05008821"
"DE111GF",10,429921,319752,"E92000001","E19000001","E18000004","E10000007","E07000039","E05008821"
"DE111GG",10,429921,319752,"E92000001","E19000001","E18000004","E10000007","E07000039","E05008821"
"DE111GH",10,429921,319752,"E92000001","E19000001","E18000004","E10000007","E07000039","E05008821"
"DE111SA",10,429797,319726,"E92000001","E19000001","E18000004","E10000007","E07000039","E05008821"
"DE111SB",10,429797,319726,"E92000001","E19000001","E18000004","E10000007","E07000039","E05008821"
"DE111SD",10,429797,319726,"E92000001","E19000001","E18000004","E10000007","E07000039","E05008821"
"DE111SE",10,429797,319726,"E92000001","E19000001","E18000004","E10000007","E07000039","E05008821"
"DE111SF",10,429797,319726,"E92000001","E19000001","E18000004","E10000007","E07000039","E05008821"
"DE111SG",10,429797,319726,"E92000001","E19000001","E18000004","E10000007","E07000039","E05008821"
"DE111SH",10,429797,319726,"E92000001","E19000001","E18000004","E10000007","E07000039","E05008821"
"DE111SJ",10,429797,319726,"E92000001","E19000001","E18000004","E10000007","E07000039","E05008821"
"DE111SL",10,429797,319726,"E92000001","E19000001","E18000004","E10000007","E07000039","E05008821"
"DE111SN",10,429797,319726,"E92000001","E19000001","E18000004","E10000007","E07000039","E05008821"
"DE111SP",10,429797,319726,"E92000001","E19000001","E18000004","E10000007","E07000039","E05008821"
"DE111SQ",10,429797,319726,"E92000001","E19000001","E18000004","E10000007","E07000039","E05008821"
"DE111SR",10,429797,319726,"E92000001","E19000001","E18000004","E10000007","E07000039","E05008821"
"DE111SS",10,429797,319726,"E92000001","E19000001","E18000004","E10000007","E07000039","E05008821"
"DE111ST",10,429797,319726,"E92000001","E19000001","E18000004","E10000007","E07000039","E05008821"
"DE111SU",10,429797,319726,"E92000001","E19000001","E18000004","E10000007","E07000039","E05008821"
"DE111SW",10,429797,319726,"E92000001","E19000001","E18000004","E10000007","E07000039","E05008821"
"DE111ZY",10,429763,319704,"E92000001","E19000001","E18000004","E10000007","E07000039","E05008821"
"DE111ZZ",50,429763,319704,"E92000001","E19000001","E18000004","E10000007","E07000039","E05008821"
"DE117AA",10,431252,321542,"E92000001","E19000001","E18000004","E10000007","E07000039","E05008823"
"DE117AB",10,432637,320889,"E92000001","E19000001","E18000004","E10000007","E07000039","E05008823"
"DE117AD",10,431256,321858,"E92000001","E19000001","E18000004","E10000007","E07000039","E05008823"
"DE117AE",10,431995,321306,"E92000001","E19000001","E18000004","E10000007","E07000039","E05008823"
"DE117AF",10,432297,321205,"E92000001","E19000001","E18000004","E10000007","E07000039","E05008823"
"DE117AG",10,432392,321219,"E92000001","E19000001","E18000004","E10000007","E07000039","E05008823"
"DE117AH",10,432167,321471,"E92000001","E19000001","E18000004","E10000007","E07000039","E05008823"
"DE117AJ",10,432234,319466,"E92000001","E19000001","E18000004","E10000007","E07000039","E05008823"
"DE117AL",10,431270,320048,"E92000001","E19000001","E18000004","E10000007","E07000039","E05008816"
"DE117AN",10,432289,321512,"E92000001","E19000001","E18000004","E10000007","E07000039","E05008823"
"DE117AP",10,431368,321046,"E92000001","E19000001","E18000004","E10000007","E07000039","E05008823"
"DE117AQ",10,432256,321367,"E92000001","E19000001","E18000004","E10000007","E07000039","E05008823"
"DE117AR",10,432482,321227,"E92000001","E19000001","E18000004","E10000007","E07000039","E05008823"
"DE117AS",10,432552,321325,"E92000001","E19000001","E18000004","E10000007","E07000039","E05008823"
"DE117AT",10,432883,321560,"E92000001","E19000001","E18000004","E10000007","E07000039","E05008823"
"DE117AU",10,433102,322041,"E92000001","E19000001","E18000004","E10000007","E07000039","E05008823"
"DE117AW",10,432209,321887,"E92000001","E19000001","E18000004","E10000007","E07000039","E05008823"
"DE117AX",10,434658,320740,"E92000001","E19000001","E18000004","E10000007","E07000039","E05008818"
"DE117AY",10,434592,319942,"E92000001","E19000001","E18000004","E10000007","E07000039","E05008818"
"DE117AZ",10,433869,319322,"E92000001","E19000001","E18000004","E10000007","E07000039","E05008818"
"DE117BA",10,433819,318776,"E92000001","E19000001","E18000004","E10000007","E07000039","E05008818"
"DE117BB",10,434042,318592,"E92000001","E19000001","E18000004","E10000007","E07000039","E05008818"
"DE117BD",10,433317,319712,"E92000001","E19000001","E18000004","E10000007","E07000039","E05008823"
"DE117BE",10,432823,320539,"E92000001","E19000001","E18000004","E10000007","E07000039","E05008823"
"DE117BF",10,433440,321576,"E92000001","E19000001","E18000004","E10000007","E07000039","E05008823"
"DE117BG",10,431829,318292,"E92000001","E19000001","E18000004","E10000007","E07000039","E05008823"
"DE117BH",10,431874,318345,"E92000001","E19000001","E18000004","E10000007","E07000039","E05008823"
"DE117BL",10,432109,321214,"E92000001","E19000001","E18000004","E10000007","E07000039","E05008823"
"DE117BN",10,431717,318400,"E92000001","E19000001","E18000004","E10000007","E07000039","E05008823"
"DE117BP",10,433384,319183,"E92000001","E19000001","E18000004","E10000007","E07000039","E05008823"
"DE117BQ",10,431806,318439,"E92000001","E19000001","E18000004","E10000007","E07000039","E05008823"
"DE117BS",10,433213,318943,"E92000001","E19000001","E18000004","E10000018","E07000134","E05010098"
"DE117BT",10,433104,318886,"E92000001","E19000001","E18000004","E10000018","E07000134","E05010098"
"DE117BU",10,433242,318997,"E92000001","E19000001","E18000004","E10000007","E07000039","E05008823"
"DE117BW",10,431867,318829,"E92000001","E19000001","E18000004","E10000007","E07000039","E05008823"
"DE117BX",10,432714,319235,"E92000001","E19000001","E18000004","E10000007","E07000039","E05008823"
"DE117BY",10,432682,318904,"E92000001","E19000001","E18000004","E10000018","E07000134","E05010098"
"DE117BZ",10,432378,318832,"E92000001","E19000001","E18000004","E10000007","E07000039","E05008823"
"DE117DA",10,432499,318954,"E92000001","E19000001","E18000004","E10000007","E07000039","E05008823"
"DE117DB",10,432313,318901,"E92000001","E19000001","E18000004","E10000007","E07000039","E05008823"
"DE117DD",10,431846,318903,"E92000001","E19000001","E18000004","E10000007","E07000039","E05008823"
"DE117DE",10,431900,318658,"E92000001","E19000001","E18000004","E10000007","E07000039","E05008823"
"DE117DF",10,432086,318787,"E92000001","E19000001","E18000004","E10000007","E07000039","E05008823"
"DE117DG",10,431888,318551,"E92000001","E19000001","E18000004","E10000007","E07000039","E05008823"
"DE117DH",10,432029,318633,"E92000001","E19000001","E18000004","E10000007","E07000039","E05008823"
"DE117DJ",10,432009,318548,"E92000001","E19000001","E18000004","E10000007","E07000039","E05008823"
"DE117DL",10,432111,318451,"E92000001","E19000001","E18000004","E10000018","E07000134","E05010098"
"DE117DN",10,431931,318562,"E92000001","E19000001","E18000004","E10000007","E07000039","E05008823"
"DE117DP",10,431798,318718,"E92000001","E19000001","E18000004","E10000007","E07000039","E05008823"
"DE117DQ",10,431999,318660,"E92000001","E19000001","E18000004","E10000007","E07000039","E05008823"
"DE117DS",10,431875,318708,"E92000001","E19000001","E18000004","E10000007","E07000039","E05008823"
"DE117DT",10,432065,318735,"E92000001","E19000001","E18000004","E10000007","E07000039","E05008823"
"DE117DU",10,431897,318768,"E92000001","E19000001","E18000004","E10000007","E07000039","E05008823"
"DE117DW",10,432024,318482,"E92000001","E19000001","E18000004","E10000007","E07000039","E05008823"
"DE117DX",10,431921,318961,"E92000001","E19000001","E18000004","E10000007","E07000039","E05008823"
"DE117DY",10,431945,319092,"E92000001","E19000001","E18000004","E10000007","E07000039","E05008823"
"DE117DZ",10,431773,318818,"E92000001","E19000001","E18000004","E10000007","E07000039","E05008823"
"DE117EA",10,431714,318951,"E92000001","E19000001","E18000004","E10000007","E07000039","E05008823"
"DE117EB",10,432626,320790,"E92000001","E19000001","E18000004","E10000007","E07000039","E05008823"
"DE117ED",10,431796,318995,"E92000001","E19000001","E18000004","E10000007","E07000039","E05008823"
"DE117EE",10,431679,319060,"E92000001","E19000001","E18000004","E10000007","E07000039","E05008823"
"DE117EF",10,431688,319120,"E92000001","E19000001","E18000004","E10000007","E07000039","E05008823"
"DE117EG",10,431629,318949,"E92000001","E19000001","E18000004","E10000007","E07000039","E05008823"
"DE117EH",10,431567,319144,"E92000001","E19000001","E18000004","E10000007","E07000039","E05008823"
"DE117EJ",10,431721,318777,"E92000001","E19000001","E18000004","E10000007","E07000039","E05008823"
"DE117EL",10,432115,318632,"E92000001","E19000001","E18000004","E10000007","E07000039","E05008823"
"DE117EN",10,431996,318720,"E92000001","E19000001","E18000004","E10000007","E07000039","E05008823"
"DE117EP",10,431818,318921,"E92000001","E19000001","E18000004","E10000007","E07000039","E05008823"
"DE117EQ",10,431569,318996,"E92000001","E19000001","E18000004","E10000007","E07000039","E05008823"
"DE117ER",10,432733,320908,"E92000001","E19000001","E18000004","E10000007","E07000039","E05008823"
"DE117ES",10,432618,320908,"E92000001","E19000001","E18000004","E10000007","E07000039","E05008823"
"DE117ET",10,432507,320623,"E92000001","E19000001","E18000004","E10000007","E07000039","E05008823"
"DE117EU",10,432222,320503,"E92000001","E19000001","E18000004","E10000007","E07000039","E05008823"
"DE117EW",10,431822,318965,"E92000001","E19000001","E18000004","E10000007","E07000039","E05008823"
"DE117EX",10,432224,320228,"E92000001","E19000001","E18000004","E10000007","E07000039","E05008823"
"DE117EY",10,431916,320355,"E92000001","E19000001","E18000004","E10000007","E07000039","E05008823"
"DE117EZ",10,432184,319823,"E92000001","E19000001","E18000004","E10000007","E07000039","E05008823"
"DE117GA",10,431895,318457,"E92000001","E19000001","E18000004","E10000007","E07000039","E05008823"
"DE117GB",10,431823,318372,"E92000001","E19000001","E18000004","E10000007","E07000039","E05008823"
"DE117GR",10,431229,319690,"E92000001","E19000001","E18000004","E10000007","E07000039","E05008823"
"DE117GS",10,431439,319338,"E92000001","E19000001","E18000004","E10000007","E07000039","E05008823"
"DE117GT",10,431532,319360,"E92000001","E19000001","E18000004","E10000007","E07000039","E05008823"
"DE117GU",10,431463,319326,"E92000001","E19000001","E18000004","E10000007","E07000039","E05008823"
"DE117GW",10,431454,319370,"E92000001","E19000001","E18000004","E10000007","E07000039","E05008823"
"DE117GX",10,431519,319469,"E92000001","E19000001","E18000004","E10000007","E07000039","E05008823"
"DE117GY",10,431652,319737,"E92000001","E19000001","E18000004","E10000007","E07000039","E05008823"
"DE117GZ",10,431398,319731,"E92000001","E19000001","E18000004","E10000007","E07000039","E05008823"
"DE117HA",10,432197,319665,"E92000001","E19000001","E18000004","E10000007","E07000039","E05008823"
"DE117HB",10,432334,319642,"E92000001","E19000001","E18000004","E10000007","E07000039","E05008823"
"DE117HD",10,432240,319592,"E92000001","E19000001","E18000004","E10000007","E07000039","E05008823"
"DE117HE",10,432188,319477,"E92000001","E19000001","E18000004","E10000007","E07000039","E05008823"
"DE117HF",10,432265,319485,"E92000001","E19000001","E18000004","E10000007","E07000039","E05008823"
"DE117HG",10,432257,319376,"E92000001","E19000001","E18000004","E10000007","E07000039","E05008823"
"DE117HH",10,432077,319522,"E92000001","E19000001","E18000004","E10000007","E07000039","E05008823"
"DE117HJ",10,432045,319740,"E92000001","E19000001","E18000004","E10000007","E07000039","E05008823"
"DE117HL",10,432129,319755,"E92000001","E19000001","E18000004","E10000007","E07000039","E05008823"
"DE117HN",10,432127,319616,"E92000001","E19000001","E18000004","E10000007","E07000039","E05008823"
"DE117HP",10,432282,319551,"E92000001","E19000001","E18000004","E10000007","E07000039","E05008823"
"DE117HQ",10,432147,319328,"E92000001","E19000001","E18000004","E10000007","E07000039","E05008823"
"DE117HR",10,432560,320590,"E92000001","E19000001","E18000004","E10000007","E07000039","E05008823"
"DE117HS",10,431989,319580,"E92000001","E19000001","E18000004","E10000007","E07000039","E05008823"
"DE117HT",10,432034,319508,"E92000001","E19000001","E18000004","E10000007","E07000039","E05008823"
"DE117HU",10,432056,319420,"E92000001","E19000001","E18000004","E10000007","E07000039","E05008823"
"DE117HW",10,431997,319836,"E92000001","E19000001","E18000004","E10000007","E07000039","E05008823"
"DE117HX",10,431709,318946,"E92000001","E19000001","E18000004","E10000007","E07000039","E05008823"
"DE117HY",10,431767,319599,"E92000001","E19000001","E18000004","E10000007","E07000039","E05008823"
"DE117HZ",10,431674,319482,"E92000001","E19000001","E18000004","E10000007","E07000039","E05008823"
"DE117JA",10,431632,319313,"E92000001","E19000001","E18000004","E10000007","E07000039","E05008823"
"DE117JB",10,431570,319292,"E92000001","E19000001","E18000004","E10000007","E07000039","E05008823"
"DE117JD",10,431187,319613,"E92000001","E19000001","E18000004","E10000007","E07000039","E05008823"
"DE117JE",10,431368,319333,"E92000001","E19000001","E18000004","E10000007","E07000039","E05008823"
"DE117JG",10,431393,319383,"E92000001","E19000001","E18000004","E10000007","E07000039","E05008823"
"DE117JH",10,431269,319404,"E92000001","E19000001","E18000004","E10000007","E07000039","E05008823"
"DE117JJ",10,431129,319396,"E92000001","E19000001","E18000004","E10000007","E07000039","E05008823"
"DE117JL",10,431512,319581,"E92000001","E19000001","E18000004","E10000007","E07000039","E05008823"
"DE117JN",10,431398,319558,"E92000001","E19000001","E18000004","E10000007","E07000039","E05008823"
"DE117JP",10,431206,319918,"E92000001","E19000001","E18000004","E10000007","E07000039","E05008823"
"DE117JQ",10,431173,319321,"E92000001","E19000001","E18000004","E10000007","E07000039","E05008823"
"DE117JR",10,431254,319889,"E92000001","E19000001","E18000004","E10000007","E07000039","E05008823"
"DE117JS",10,431476,319660,"E92000001","E19000001","E18000004","E10000007","E07000039","E05008823"
"DE117JT",10,431362,319670,"E92000001","E19000001","E18000004","E10000007","E07000039","E05008823"
"DE117JU",10,431593,319574,"E92000001","E19000001","E18000004","E10000007","E07000039","E05008823"
"DE117JW",10,431262,319553,"E92000001","E19000001","E18000004","E10000007","E07000039","E05008823"
"DE117JX",10,431634,319608,"E92000001","E19000001","E18000004","E10000007","E07000039","E05008823"
"DE117JY",10,431310,319630,"E92000001","E19000001","E18000004","E10000007","E07000039","E05008823"
"DE117JZ",10,431521,319662,"E92000001","E19000001","E18000004","E10000007","E07000039","E05008823"
"DE117LA",10,430984,320409,"E92000001","E19000001","E18000004","E10000007","E07000039","E05008816"
"DE117LB",10,431210,320168,"E92000001","E19000001","E18000004","E10000007","E07000039","E05008816"
"DE117LD",10,431156,320348,"E92000001","E19000001","E18000004","E10000007","E07000039","E05008816"
"DE117LE",10,431317,320379,"E92000001","E19000001","E18000004","E10000007","E07000039","E05008816"
"DE117LF",10,431191,320559,"E92000001","E19000001","E18000004","E10000007","E07000039","E05008816"
"DE117LG",10,431245,320457,"E92000001","E19000001","E18000004","E10000007","E07000039","E05008816"
"DE117LH",10,431153,320485,"E92000001","E19000001","E18000004","E10000007","E07000039","E05008816"
"DE117LJ",10,431224,320371,"E92000001","E19000001","E18000004","E10000007","E07000039","E05008816"
"DE117LL",10,431385,320400,"E92000001","E19000001","E18000004","E10000007","E07000039","E05008816"
"DE117LN",10,431079,320580,"E92000001","E19000001","E18000004","E10000007","E07000039","E05008816"
"DE117LP",10,431074,320504,"E92000001","E19000001","E18000004","E10000007","E07000039","E05008816"
"DE117LQ",10,431175,320441,"E92000001","E19000001","E18000004","E10000007","E07000039","E05008816"
"DE117LR",10,430968,320536,"E92000001","E19000001","E18000004","E10000007","E07000039","E05008816"
"DE117LS",10,430856,320602,"E92000001","E19000001","E18000004","E10000007","E07000039","E05008816"
"DE117LT",10,430945,320658,"E92000001","E19000001","E18000004","E10000007","E07000039","E05008816"
"DE117LU",10,431061,320656,"E92000001","E19000001","E18000004","E10000007","E07000039","E05008816"
"DE117LW",10,431038,320497,"E92000001","E19000001","E18000004","E10000007","E07000039","E05008816"
"DE117LX",10,431025,320691,"E92000001","E19000001","E18000004","E10000007","E07000039","E05008816"
"DE117LY",10,431003,320235,"E92000001","E19000001","E18000004","E10000007","E07000039","E05008816"
"DE117LZ",10,431513,319754,"E92000001","E19000001","E18000004","E10000007","E07000039","E05008823"
"DE117NA",10,430929,320234,"E92000001","E19000001","E18000004","E10000007","E07000039","E05008816"
"DE117NB",10,430761,320480,"E92000001","E19000001","E18000004","E10000007","E07000039","E05008816"
"DE117ND",10,430789,320514,"E92000001","E19000001","E18000004","E10000007","E07000039","E05008816"
"DE117NE",10,430620,320415,"E92000001","E19000001","E18000004","E10000007","E07000039","E05008816"
"DE117NF",10,430958,320195,"E92000001","E19000001","E18000004","E10000007","E07000039","E05008816"
"DE117NG",10,429687,321339,"E92000001","E19000001","E18000004","E10000007","E07000039","E05008816"
"DE117NH",10,430993,320138,"E92000001","E19000001","E18000004","E10000007","E07000039","E05008816"
"DE117NJ",10,432606,320769,"E92000001","E19000001","E18000004","E10000007","E07000039","E05008823"
"DE117NL",10,430786,320211,"E92000001","E19000001","E18000004","E10000007","E07000039","E05008816"
"DE117NN",10,430717,320431,"E92000001","E19000001","E18000004","E10000007","E07000039","E05008816"
"DE117NP",10,430517,320337,"E92000001","E19000001","E18000004","E10000007","E07000039","E05008816"
"DE117NQ",10,430673,320181,"E92000001","E19000001","E18000004","E10000007","E07000039","E05008816"
"DE117NR",10,430348,320073,"E92000001","E19000001","E18000004","E10000007","E07000039","E05008816"
"DE117NS",10,430481,320103,"E92000001","E19000001","E18000004","E10000007","E07000039","E05008816"
"DE117NT",10,430408,320280,"E92000001","E19000001","E18000004","E10000007","E07000039","E05008816"
"DE117NU",10,430342,320313,"E92000001","E19000001","E18000004","E10000007","E07000039","E05008816"
"DE117NW",10,430738,320298,"E92000001","E19000001","E18000004","E10000007","E07000039","E05008816"
"DE117NX",10,430436,320403,"E92000001","E19000001","E18000004","E10000007","E07000039","E05008816"
"DE117NY",10,431578,319823,"E92000001","E19000001","E18000004","E10000007","E07000039","E05008823"
"DE117NZ",10,431744,319699,"E92000001","E19000001","E18000004","E10000007","E07000039","E05008823"
"DE117PA",10,431233,320288,"E92000001","E19000001","E18000004","E10000007","E07000039","E05008816"
"DE117PB",10,430589,320512,"E92000001","E19000001","E18000004","E10000007","E07000039","E05008816"
"DE117PD",10,431187,319251,"E92000001","E19000001","E18000004","E10000007","E07000039","E05008823"
"DE117PF",10,430518,320426,"E92000001","E19000001","E18000004","E10000007","E07000039","E05008816"
"DE117PG",10,430495,320542,"E92000001","E19000001","E18000004","E10000007","E07000039","E05008816"
"DE117PH",10,430660,320981,"E92000001","E19000001","E18000004","E10000007","E07000039","E05008816"
"DE117PJ",10,430763,321195,"E92000001","E19000001","E18000004","E10000007","E07000039","E05008816"
"DE117PL",10,430643,321114,"E92000001","E19000001","E18000004","E10000007","E07000039","E05008816"
"DE117PN",10,430706,321227,"E92000001","E19000001","E18000004","E10000007","E07000039","E05008816"
"DE117PP",10,430837,320732,"E92000001","E19000001","E18000004","E10000007","E07000039","E05008816"
"DE117PQ",10,430580,320773,"E92000001","E19000001","E18000004","E10000007","E07000039","E05008816"
"DE117PR",10,430660,320771,"E92000001","E19000001","E18000004","E10000007","E07000039","E05008816"
"DE117PS",10,430703,320712,"E92000001","E19000001","E18000004","E10000007","E07000039","E05008816"
"DE117PT",10,430752,320653,"E92000001","E19000001","E18000004","E10000007","E07000039","E05008816"
"DE117PU",10,430698,320848,"E92000001","E19000001","E18000004","E10000007","E07000039","E05008816"
"DE117PW",10,430682,320808,"E92000001","E19000001","E18000004","E10000007","E07000039","E05008816"
"DE117PX",10,430598,321027,"E92000001","E19000001","E18000004","E10000007","E07000039","E05008816"
"DE117PY",10,430608,320946,"E92000001","E19000001","E18000004","E10000007","E07000039","E05008816"
"DE117PZ",10,430509,320846,"E92000001","E19000001","E18000004","E10000007","E07000039","E05008816"
"DE117QE",10,431661,319274,"E92000001","E19000001","E18000004","E10000007","E07000039","E05008823"
"DE117QF",10,431733,319176,"E92000001","E19000001","E18000004","E10000007","E07000039","E05008823"
"DE117QG",10,431821,319134,"E92000001","E19000001","E18000004","E10000007","E07000039","E05008823"
"DE117QH",10,431956,319187,"E92000001","E19000001","E18000004","E10000007","E07000039","E05008823"
"DE117QJ",10,431914,319402,"E92000001","E19000001","E18000004","E10000007","E07000039","E05008823"
"DE117QL",10,431948,319309,"E92000001","E19000001","E18000004","E10000007","E07000039","E05008823"
"DE117QN",10,431838,319302,"E92000001","E19000001","E18000004","E10000007","E07000039","E05008823"
"DE117QP",10,431803,319494,"E92000001","E19000001","E18000004","E10000007","E07000039","E05008823"
"DE117QQ",10,431880,319204,"E92000001","E19000001","E18000004","E10000007","E07000039","E05008823"
"DE117QR",10,431846,319466,"E92000001","E19000001","E18000004","E10000007","E07000039","E05008823"
"DE117QS",10,431880,319347,"E92000001","E19000001","E18000004","E10000007","E07000039","E05008823"
"DE117QT",10,431853,319328,"E92000001","E19000001","E18000004","E10000007","E07000039","E05008823"
"DE117QU",10,431742,319280,"E92000001","E19000001","E18000004","E10000007","E07000039","E05008823"
"DE117QW",10,431781,319314,"E92000001","E19000001","E18000004","E10000007","E07000039","E05008823"
"DE117QX",10,431676,319218,"E92000001","E19000001","E18000004","E10000007","E07000039","E05008823"
"DE117ZT",10,429921,319752,"E92000001","E19000001","E18000004","E10000007","E07000039","E05008821"
"DE118AA",10,433273,318732,"E92000001","E19000001","E18000004","E10000018","E07000134","E05010098"
"DE118AB",10,433040,318197,"E92000001","E19000001","E18000004","E10000018","E07000134","E05010098"
"DE118AD",10,433008,318036,"E92000001","E19000001","E18000004","E10000018","E07000134","E05010098"
"DE118AE",10,432919,317873,"E92000001","E19000001","E18000004","E10000018","E07000134","E05010098"
"DE118AF",10,433098,317893,"E92000001","E19000001","E18000004","E10000018","E07000134","E05010098"
"DE118AG",10,432921,318074,"E92000001","E19000001","E18000004","E10000018","E07000134","E05010098"
"DE118AH",10,432744,317949,"E92000001","E19000001","E18000004","E10000018","E07000134","E05010098"
"DE118AJ",10,432844,318006,"E92000001","E19000001","E18000004","E10000018","E07000134","E05010098"
"DE118AL",10,433074,317829,"E92000001","E19000001","E18000004","E10000018","E07000134","E05010098"
"DE118AN",10,432942,317763,"E92000001","E19000001","E18000004","E10000018","E07000134","E05010098"
"DE118AP",10,432857,317936,"E92000001","E19000001","E18000004","E10000018","E07000134","E05010098"
"DE118AQ",10,432831,318078,"E92000001","E19000001","E18000004","E10000018","E07000134","E05010098"
"DE118AR",10,432695,318092,"E92000001","E19000001","E18000004","E10000018","E07000134","E05010098"
"DE118AS",10,432687,317987,"E92000001","E19000001","E18000004","E10000018","E07000134","E05010098"
"DE118AT",10,432925,318016,"E92000001","E19000001","E18000004","E10000018","E07000134","E05010098"
"DE118AU",10,431334,318266,"E92000001","E19000001","E18000004","E10000007","E07000039","E05008823"
"DE118AW",10,432809,317840,"E92000001","E19000001","E18000004","E10000018","E07000134","E05010098"
"DE118AX",10,431307,318233,"E92000001","E19000001","E18000004","E10000007","E07000039","E05008823"
"DE118AY",10,433097,317949,"E92000001","E19000001","E18000004","E10000018","E07000134","E05010098"
"DE118AZ",10,433106,318004,"E92000001","E19000001","E18000004","E10000018","E07000134","E05010098"
"DE118BA",10,432824,317726,"E92000001","E19000001","E18000004","E10000018","E07000134","E05010098"
"DE118BB",10,432764,317730,"E92000001","E19000001","E18000004","E10000018","E07000134","E05010098"
"DE118BD",10,432636,317577,"E92000001","E19000001","E18000004","E10000018","E07000134","E05010098"
"DE118BE",10,432621,317689,"E92000001","E19000001","E18000004","E10000018","E07000134","E05010098"
"DE118BF",10,431194,318177,"E92000001","E19000001","E18000004","E10000007","E07000039","E05008823"
"DE118BG",10,432646,317821,"E92000001","E19000001","E18000004","E10000018","E07000134","E05010098"
"DE118BH",10,432305,318366,"E92000001","E19000001","E18000004","E10000018","E07000134","E05010098"
"DE118BJ",10,432006,317602,"E92000001","E19000001","E18000004","E10000018","E07000134","E05010098"
"DE118BL",10,431943,317528,"E92000001","E19000001","E18000004","E10000018","E07000134","E05010098"
"DE118BN",10,432112,318672,"E92000001","E19000001","E18000004","E10000007","E07000039","E05008823"
"DE118BP",10,431284,318278,"E92000001","E19000001","E18000004","E10000007","E07000039","E05008823"
"DE118BQ",10,432418,317998,"E92000001","E19000001","E18000004","E10000018","E07000134","E05010098"
"DE118BS",10,431254,318204,"E92000001","E19000001","E18000004","E10000007","E07000039","E05008823"
"DE118BT",10,430759,319286,"E92000001","E19000001","E18000004","E10000007","E07000039","E05008823"
"DE118BU",10,430740,319250,"E92000001","E19000001","E18000004","E10000007","E07000039","E05008823"
"DE118BW",10,432875,317676,"E92000001","E19000001","E18000004","E10000018","E07000134","E05010098"
"DE118BX",10,431074,319284,"E92000001","E19000001","E18000004","E10000007","E07000039","E05008823"
"DE118BY",10,430988,319266,"E92000001","E19000001","E18000004","E10000007","E07000039","E05008823"
"DE118BZ",10,430870,319276,"E92000001","E19000001","E18000004","E10000007","E07000039","E05008823"
"DE118DA",10,430846,319194,"E92000001","E19000001","E18000004","E10000007","E07000039","E05008823"
"DE118DB",10,431007,319153,"E92000001","E19000001","E18000004","E10000007","E07000039","E05008823"
"DE118DD",10,431305,319084,"E92000001","E19000001","E18000004","E10000007","E07000039","E05008823"
"DE118DE",10,431210,319201,"E92000001","E19000001","E18000004","E10000007","E07000039","E05008823"
"DE118DF",10,431312,319309,"E92000001","E19000001","E18000004","E10000007","E07000039","E05008823"
"DE118DG",10,431497,319074,"E92000001","E19000001","E18000004","E10000007","E07000039","E05008823"
"DE118DH",10,431453,318738,"E92000001","E19000001","E18000004","E10000007","E07000039","E05008823"
"DE118DJ",10,431512,318783,"E92000001","E19000001","E18000004","E10000007","E07000039","E05008823"
"DE118DL",10,431401,318886,"E92000001","E19000001","E18000004","E10000007","E07000039","E05008823"
"DE118DN",10,431482,318602,"E92000001","E19000001","E18000004","E10000007","E07000039","E05008823"
"DE118DP",10,431411,318392,"E92000001","E19000001","E18000004","E10000007","E07000039","E05008823"
"DE118DQ",10,431458,318898,"E92000001","E19000001","E18000004","E10000007","E07000039","E05008823"
"DE118DR",10,430986,319361,"E92000001","E19000001","E18000004","E10000007","E07000039","E05008821"
"DE118DS",10,431543,318618,"E92000001","E19000001","E18000004","E10000007","E07000039","E05008823"
"DE118DT",10,431517,318657,"E92000001","E19000001","E18000004","E10000007","E07000039","E05008823"
"DE118DU",10,430305,318356,"E92000001","E19000001","E18000004","E10000018","E07000134","E05010096"
"DE118DW",10,431431,318470,"E92000001","E19000001","E18000004","E10000007","E07000039","E05008823"
"DE118DX",10,431529,319033,"E92000001","E19000001","E18000004","E10000007","E07000039","E05008823"
"DE118DY",10,431350,318406,"E92000001","E19000001","E18000004","E10000007","E07000039","E05008823"
"DE118DZ",10,431411,318531,"E92000001","E19000001","E18000004","E10000007","E07000039","E05008823"
"DE118EB",10,430634,319236,"E92000001","E19000001","E18000004","E10000007","E07000039","E05008823"
"DE118ED",10,430664,319132,"E92000001","E19000001","E18000004","E10000007","E07000039","E05008823"
"DE118EE",10,430594,318947,"E92000001","E19000001","E18000004","E10000007","E07000039","E05008810"
"DE118EF",10,431380,318955,"E92000001","E19000001","E18000004","E10000007","E07000039","E05008823"
"DE118EG",10,430564,318984,"E92000001","E19000001","E18000004","E10000007","E07000039","E05008810"
"DE118EH",10,430943,320116,"E92000001","E19000001","E18000004","E10000007","E07000039","E05008821"
"DE118EJ",10,430280,318625,"E92000001","E19000001","E18000004","E10000007","E07000039","E05008810"
"DE118EL",10,430230,318551,"E92000001","E19000001","E18000004","E10000007","E07000039","E05008810"
"DE118EN",10,430342,318346,"E92000001","E19000001","E18000004","E10000018","E07000134","E05010096"
"DE118EP",10,430889,319993,"E92000001","E19000001","E18000004","E10000007","E07000039","E05008821"
"DE118ER",10,430336,318201,"E92000001","E19000001","E18000004","E10000018","E07000134","E05010096"
"DE118ES",10,430656,317918,"E92000001","E19000001","E18000004","E10000018","E07000134","E05010096"
"DE118ET",10,430867,318448,"E92000001","E19000001","E18000004","E10000007","E07000039","E05008823"
"DE118EW",10,430464,318094,"E92000001","E19000001","E18000004","E10000018","E07000134","E05010096"
"DE118EX",10,431162,318494,"E92000001","E19000001","E18000004","E10000007","E07000039","E05008823"
"DE118EY",10,431311,318492,"E92000001","E19000001","E18000004","E10000007","E07000039","E05008823"
"DE118FB",10,430411,318197,"E92000001","E19000001","E18000004","E10000018","E07000134","E05010096"
"DE118FD",10,430422,318016,"E92000001","E19000001","E18000004","E10000018","E07000134","E05010096"
"DE118FE",10,430822,320007,"E92000001","E19000001","E18000004","E10000007","E07000039","E05008821"
"DE118FF",10,431476,318494,"E92000001","E19000001","E18000004","E10000007","E07000039","E05008823"
"DE118FG",10,431510,318441,"E92000001","E19000001","E18000004","E10000007","E07000039","E05008823"
"DE118FH",10,431400,318317,"E92000001","E19000001","E18000004","E10000007","E07000039","E05008823"
"DE118FJ",10,430979,319229,"E92000001","E19000001","E18000004","E10000007","E07000039","E05008823"
"DE118FL",10,431244,318455,"E92000001","E19000001","E18000004","E10000007","E07000039","E05008823"
"DE118FN",10,431326,318531,"E92000001","E19000001","E18000004","E10000007","E07000039","E05008823"
"DE118FP",10,431200,318466,"E92000001","E19000001","E18000004","E10000007","E07000039","E05008823"
"DE118FQ",10,431531,318242,"E92000001","E19000001","E18000004","E10000018","E07000134","E05010098"
"DE118FR",10,431143,318365,"E92000001","E19000001","E18000004","E10000007","E07000039","E05008823"
"DE118FS",10,431170,318357,"E92000001","E19000001","E18000004","E10000007","E07000039","E05008823"
"DE118FT",10,431197,318346,"E92000001","E19000001","E18000004","E10000007","E07000039","E05008823"
"DE118FW",10,431103,318380,"E92000001","E19000001","E18000004","E10000007","E07000039","E05008823"
"DE118FX",10,431578,318290,"E92000001","E19000001","E18000004","E10000018","E07000134","E05010098"
"DE118FY",10,431623,318202,"E92000001","E19000001","E18000004","E10000018","E07000134","E05010098"
"DE118FZ",10,431585,318336,"E92000001","E19000001","E18000004","E10000018","E07000134","E05010098"
"DE118GB",10,431080,318447,"E92000001","E19000001","E18000004","E10000007","E07000039","E05008823"
"DE118GE",10,431733,318276,"E92000001","E19000001","E18000004","E10000018","E07000134","E05010098"
"DE118HA",10,430258,317896,"E92000001","E19000001","E18000004","E10000018","E07000134","E05010096"
"DE118HB",10,430093,317552,"E92000001","E19000001","E18000004","E10000018","E07000134","E05010096"
"DE118HD",10,430022,317569,"E92000001","E19000001","E18000004","E10000018","E07000134","E05010096"
"DE118HE",10,430272,318249,"E92000001","E19000001","E18000004","E10000018","E07000134","E05010096"
"DE118HF",10,430291,317887,"E92000001","E19000001","E18000004","E10000018","E07000134","E05010096"
"DE118HL",10,430288,319465,"E92000001","E19000001","E18000004","E10000007","E07000039","E05008821"
"DE118HS",10,430165,319573,"E92000001","E19000001","E18000004","E10000007","E07000039","E05008821"
"DE118HW",10,430312,319501,"E92000001","E19000001","E18000004","E10000007","E07000039","E05008821"
"DE118HY",10,430050,319612,"E92000001","E19000001","E18000004","E10000007","E07000039","E05008821"
"DE118JA",10,430185,319585,"E92000001","E19000001","E18000004","E10000007","E07000039","E05008821"
"DE118JB",10,430082,319630,"E92000001","E19000001","E18000004","E10000007","E07000039","E05008821"
"DE118JD",10,431016,319880,"E92000001","E19000001","E18000004","E10000007","E07000039","E05008821"
"DE118JE",10,430063,319638,"E92000001","E19000001","E18000004","E10000007","E07000039","E05008821"
"DE118JG",10,429977,319664,"E92000001","E19000001","E18000004","E10000007","E07000039","E05008821"
"DE118JJ",10,430060,319606,"E92000001","E19000001","E18000004","E10000007","E07000039","E05008821"
"DE118JL",10,429953,319427,"E92000001","E19000001","E18000004","E10000007","E07000039","E05008821"
"DE118JN",10,431119,319956,"E92000001","E19000001","E18000004","E10000007","E07000039","E05008821"
"DE118JP",10,431106,319900,"E92000001","E19000001","E18000004","E10000007","E07000039","E05008821"
"DE118JR",10,430557,319878,"E92000001","E19000001","E18000004","E10000007","E07000039","E05008821"
"DE118JS",10,429877,319397,"E92000001","E19000001","E18000004","E10000007","E07000039","E05008821"
"DE118JT",10,430939,319987,"E92000001","E19000001","E18000004","E10000007","E07000039","E05008821"
"DE118JU",10,430111,319780,"E92000001","E19000001","E18000004","E10000007","E07000039","E05008821"
"DE118JW",10,430933,319956,"E92000001","E19000001","E18000004","E10000007","E07000039","E05008821"
"DE118JX",10,430962,319864,"E92000001","E19000001","E18000004","E10000007","E07000039","E05008821"
"DE118JY",10,430175,319827,"E92000001","E19000001","E18000004","E10000007","E07000039","E05008821"
"DE118JZ",10,430254,319871,"E92000001","E19000001","E18000004","E10000007","E07000039","E05008821"
"DE118LB",10,430208,319763,"E92000001","E19000001","E18000004","E10000007","E07000039","E05008821"
"DE118LD",10,430263,319812,"E92000001","E19000001","E18000004","E10000007","E07000039","E05008821"
"DE118LE",10,430264,319563,"E92000001","E19000001","E18000004","E10000007","E07000039","E05008821"
"DE118LF",10,430311,319782,"E92000001","E19000001","E18000004","E10000007","E07000039","E05008821"
"DE118LG",10,430331,319580,"E92000001","E19000001","E18000004","E10000007","E07000039","E05008821"
"DE118LH",10,430457,319791,"E92000001","E19000001","E18000004","E10000007","E07000039","E05008821"
"DE118LJ",10,430409,319671,"E92000001","E19000001","E18000004","E10000007","E07000039","E05008821"
"DE118LL",10,430216,319571,"E92000001","E19000001","E18000004","E10000007","E07000039","E05008821"
"DE118LN",10,430276,319670,"E92000001","E19000001","E18000004","E10000007","E07000039","E05008821"
"DE118LP",10,430395,319257,"E92000001","E19000001","E18000004","E10000007","E07000039","E05008810"
"DE118LQ",10,430393,319919,"E92000001","E19000001","E18000004","E10000007","E07000039","E05008821"
"DE118LR",10,430526,319631,"E92000001","E19000001","E18000004","E10000007","E07000039","E05008821"
"DE118LS",10,430389,319576,"E92000001","E19000001","E18000004","E10000007","E07000039","E05008821"
"DE118LT",10,430602,319817,"E92000001","E19000001","E18000004","E10000007","E07000039","E05008821"
"DE118LU",10,430563,319765,"E92000001","E19000001","E18000004","E10000007","E07000039","E05008821"
"DE118LW",10,430616,319858,"E92000001","E19000001","E18000004","E10000007","E07000039","E05008821"
"DE118LX",10,430852,320109,"E92000001","E19000001","E18000004","E10000007","E07000039","E05008821"
"DE118LY",10,430469,319644,"E92000001","E19000001","E18000004","E10000007","E07000039","E05008821"
"DE118LZ",10,430432,319519,"E92000001","E19000001","E18000004","E10000007","E07000039","E05008821"
"DE118NA",10,430899,319813,"E92000001","E19000001","E18000004","E10000007","E07000039","E05008821"
"DE118NB",10,431096,319812,"E92000001","E19000001","E18000004","E10000007","E07000039","E05008821"
"DE118ND",10,430411,319759,"E92000001","E19000001","E18000004","E10000007","E07000039","E05008821"
"DE119AA",10,430156,319299,"E92000001","E19000001","E18000004","E10000007","E07000039","E05008821"
"DE119AB",10,430124,319198,"E92000001","E19000001","E18000004","E10000007","E07000039","E05008821"
"DE119AD",10,428329,317577,"E92000001","E19000001","E18000004","E10000007","E07000039","E05008814"
"DE119AE",10,430140,319069,"E92000001","E19000001","E18000004","E10000007","E07000039","E05008810"
"DE119AF",10,430023,319030,"E92000001","E19000001","E18000004","E10000007","E07000039","E05008810"
"DE119AG",10,430080,319058,"E92000001","E19000001","E18000004","E10000007","E07000039","E05008810"
"DE119AH",10,430072,319131,"E92000001","E19000001","E18000004","E10000007","E07000039","E05008810"
"DE119AJ",10,429912,319129,"E92000001","E19000001","E18000004","E10000007","E07000039","E05008810"
"DE119AL",10,429789,319158,"E92000001","E19000001","E18000004","E10000007","E07000039","E05008821"
"DE119AN",10,429881,319039,"E92000001","E19000001","E18000004","E10000007","E07000039","E05008810"
"DE119AP",10,430052,319106,"E92000001","E19000001","E18000004","E10000007","E07000039","E05008810"
"DE119AQ",10,430059,319212,"E92000001","E19000001","E18000004","E10000007","E07000039","E05008821"
"DE119AR",10,430002,319200,"E92000001","E19000001","E18000004","E10000007","E07000039","E05008821"
"DE119AS",10,429907,319224,"E92000001","E19000001","E18000004","E10000007","E07000039","E05008821"
"DE119AT",10,429910,319325,"E92000001","E19000001","E18000004","E10000007","E07000039","E05008821"
"DE119AU",10,429849,319089,"E92000001","E19000001","E18000004","E10000007","E07000039","E05008810"
"DE119AX",10,429843,319206,"E92000001","E19000001","E18000004","E10000007","E07000039","E05008821"
"DE119AY",10,429847,319300,"E92000001","E19000001","E18000004","E10000007","E07000039","E05008821"
"DE119AZ",10,429846,319408,"E92000001","E19000001","E18000004","E10000007","E07000039","E05008821"
"DE119BA",10,429796,319456,"E92000001","E19000001","E18000004","E10000007","E07000039","E05008821"
"DE119BD",10,429860,319168,"E92000001","E19000001","E18000004","E10000007","E07000039","E05008821"
"DE119BE",10,429782,319209,"E92000001","E19000001","E18000004","E10000007","E07000039","E05008821"
"DE119BG",10,429769,319295,"E92000001","E19000001","E18000004","E10000007","E07000039","E05008821"
"DE119BH",10,429611,319355,"E92000001","E19000001","E18000004","E10000007","E07000039","E05008821"
"DE119BJ",10,429728,319199,"E92000001","E19000001","E18000004","E10000007","E07000039","E05008821"
"DE119BL",10,428180,318236,"E92000001","E19000001","E18000004","E10000007","E07000039","E05008810"
"DE119BN",10,429860,318941,"E92000001","E19000001","E18000004","E10000007","E07000039","E05008810"
"DE119BP",10,429622,319117,"E92000001","E19000001","E18000004","E10000007","E07000039","E05008821"
"DE119BQ",10,429670,319400,"E92000001","E19000001","E18000004","E10000007","E07000039","E05008821"
"DE119BS",10,429710,319032,"E92000001","E19000001","E18000004","E10000007","E07000039","E05008810"
"DE119BT",10,429727,319095,"E92000001","E19000001","E18000004","E10000007","E07000039","E05008810"
"DE119BU",10,428498,318263,"E92000001","E19000001","E18000004","E10000007","E07000039","E05008810"
"DE119BW",10,429610,319223,"E92000001","E19000001","E18000004","E10000007","E07000039","E05008821"
"DE119BX",10,429568,319536,"E92000001","E19000001","E18000004","E10000007","E07000039","E05008821"
"DE119BY",10,429633,318510,"E92000001","E19000001","E18000004","E10000007","E07000039","E05008810"
"DE119BZ",10,429230,319316,"E92000001","E19000001","E18000004","E10000007","E07000039","E05008821"
"DE119DA",10,429876,319672,"E92000001","E19000001","E18000004","E10000007","E07000039","E05008821"
"DE119DD",10,429742,319634,"E92000001","E19000001","E18000004","E10000007","E07000039","E05008821"
"DE119DE",10,429870,319619,"E92000001","E19000001","E18000004","E10000007","E07000039","E05008821"
"DE119DF",10,429227,319419,"E92000001","E19000001","E18000004","E10000007","E07000039","E05008821"
"DE119DG",10,429925,319615,"E92000001","E19000001","E18000004","E10000007","E07000039","E05008821"
"DE119DH",10,429339,319601,"E92000001","E19000001","E18000004","E10000007","E07000039","E05008821"
"DE119DJ",10,428167,319122,"E92000001","E19000001","E18000004","E10000007","E07000039","E05008810"
"DE119DL",10,428456,319026,"E92000001","E19000001","E18000004","E10000007","E07000039","E05008821"
"DE119DN",10,429732,319522,"E92000001","E19000001","E18000004","E10000007","E07000039","E05008821"
"DE119DP",10,429696,319483,"E92000001","E19000001","E18000004","E10000007","E07000039","E05008821"
"DE119DQ",10,428211,318206,"E92000001","E19000001","E18000004","E10000007","E07000039","E05008810"
"DE119DR",10,429614,319472,"E92000001","E19000001","E18000004","E10000007","E07000039","E05008821"
"DE119DS",10,429356,319442,"E92000001","E19000001","E18000004","E10000007","E07000039","E05008821"
"DE119DT",10,429360,319074,"E92000001","E19000001","E18000004","E10000007","E07000039","E05008821"
"DE119DU",10,429018,319261,"E92000001","E19000001","E18000004","E10000007","E07000039","E05008821"
"DE119DW",10,429073,319382,"E92000001","E19000001","E18000004","E10000007","E07000039","E05008821"
"DE119DX",10,429424,319497,"E92000001","E19000001","E18000004","E10000007","E07000039","E05008821"
"DE119DY",10,429882,319672,"E92000001","E19000001","E18000004","E10000007","E07000039","E05008821"
"DE119DZ",10,429414,319353,"E92000001","E19000001","E18000004","E10000007","E07000039","E05008821"
"DE119EA",10,429528,319242,"E92000001","E19000001","E18000004","E10000007","E07000039","E05008821"
"DE119EB",10,429342,319305,"E92000001","E19000001","E18000004","E10000007","E07000039","E05008821"
"DE119ED",10,429319,319182,"E92000001","E19000001","E18000004","E10000007","E07000039","E05008821"
"DE119EE",10,429216,319270,"E92000001","E19000001","E18000004","E10000007","E07000039","E05008821"
"DE119EF",10,428402,318845,"E92000001","E19000001","E18000004","E10000007","E07000039","E05008810"
"DE119EG",10,428013,318298,"E92000001","E19000001","E18000004","E10000007","E07000039","E05008814"
"DE119EH",10,429305,318967,"E92000001","E19000001","E18000004","E10000007","E07000039","E05008821"
"DE119EJ",10,427706,318834,"E92000001","E19000001","E18000004","E10000007","E07000039","E05008814"
"DE119EL",10,427397,319007,"E92000001","E19000001","E18000004","E10000007","E07000039","E05008814"
"DE119EN",10,428329,319094,"E92000001","E19000001","E18000004","E10000007","E07000039","E05008821"
"DE119EP",10,428055,318069,"E92000001","E19000001","E18000004","E10000007","E07000039","E05008814"
"DE119EQ",10,428294,319048,"E92000001","E19000001","E18000004","E10000007","E07000039","E05008810"
"DE119ER",10,428051,317978,"E92000001","E19000001","E18000004","E10000007","E07000039","E05008814"
"DE119ES",10,427895,317949,"E92000001","E19000001","E18000004","E10000007","E07000039","E05008814"
"DE119ET",10,429253,319222,"E92000001","E19000001","E18000004","E10000007","E07000039","E05008821"
"DE119EU",10,427875,318811,"E92000001","E19000001","E18000004","E10000007","E07000039","E05008810"
"DE119EW",10,427750,318476,"E92000001","E19000001","E18000004","E10000007","E07000039","E05008814"
"DE119EX",10,429416,319130,"E92000001","E19000001","E18000004","E10000007","E07000039","E05008821"
"DE119EY",10,429435,318988,"E92000001","E19000001","E18000004","E10000007","E07000039","E05008821"
"DE119EZ",10,429548,319035,"E92000001","E19000001","E18000004","E10000007","E07000039","E05008821"
"DE119FB",10,430001,318235,"E92000001","E19000001","E18000004","E10000007","E07000039","E05008810"
"DE119FD",10,429886,318268,"E92000001","E19000001","E18000004","E10000007","E07000039","E05008810"
"DE119FE",10,429884,318354,"E92000001","E19000001","E18000004","E10000007","E07000039","E05008810"
"DE119FF",10,428262,318425,"E92000001","E19000001","E18000004","E10000007","E07000039","E05008810"
"DE119FG",10,430065,318283,"E92000001","E19000001","E18000004","E10000007","E07000039","E05008810"
"DE119FH",10,430005,318397,"E92000001","E19000001","E18000004","E10000007","E07000039","E05008810"
"DE119FJ",10,429804,318315,"E92000001","E19000001","E18000004","E10000007","E07000039","E05008810"
"DE119FL",10,428036,319068,"E92000001","E19000001","E18000004","E10000007","E07000039","E05008810"
"DE119FN",10,430081,318247,"E92000001","E19000001","E18000004","E10000007","E07000039","E05008810"
"DE119FP",10,429994,318443,"E92000001","E19000001","E18000004","E10000007","E07000039","E05008810"
"DE119FQ",10,430077,319450,"E92000001","E19000001","E18000004","E10000007","E07000039","E05008821"
"DE119FR",10,429743,319427,"E92000001","E19000001","E18000004","E10000007","E07000039","E05008821"
"DE119FS",10,428212,318365,"E92000001","E19000001","E18000004","E10000007","E07000039","E05008810"
"DE119FT",10,429551,318175,"E92000001","E19000001","E18000004","E10000007","E07000039","E05008810"
"DE119FU",10,428750,318316,"E92000001","E19000001","E18000004","E10000007","E07000039","E05008810"
"DE119FW",10,427736,318555,"E92000001","E19000001","E18000004","E10000007","E07000039","E05008814"
"DE119FX",10,427794,318509,"E92000001","E19000001","E18000004","E10000007","E07000039","E05008810"
"DE119FY",10,427837,318550,"E92000001","E19000001","E18000004","E10000007","E07000039","E05008810"
"DE119FZ",50,427837,318550,"E92000001","E19000001","E18000004","E10000007","E07000039","E05008810"
"DE119GA",10,428389,318550,"E92000001","E19000001","E18000004","E10000007","E07000039","E05008810"
"DE119GB",10,428451,318178,"E92000001","E19000001","E18000004","E10000007","E07000039","E05008810"
"DE119GD",10,428230,318132,"E92000001","E19000001","E18000004","E10000007","E07000039","E05008810"
"DE119GE",10,427914,319085,"E92000001","E19000001","E18000004","E10000007","E07000039","E05008817"
"DE119GF",10,427914,319085,"E92000001","E19000001","E18000004","E10000007","E07000039","E05008817"
"DE119GG",10,428304,318131,"E92000001","E19000001","E18000004","E10000007","E07000039","E05008810"
"DE119GH",10,430043,319306,"E92000001","E19000001","E18000004","E10000007","E07000039","E05008821"
"DE119GJ",10,428436,318433,"E92000001","E19000001","E18000004","E10000007","E07000039","E05008810"
"DE119GL",10,428029,318148,"E92000001","E19000001","E18000004","E10000007","E07000039","E05008810"
"DE119GN",10,428293,318359,"E92000001","E19000001","E18000004","E10000007","E07000039","E05008810"
"DE119GP",10,428103,318159,"E92000001","E19000001","E18000004","E10000007","E07000039","E05008810"
"DE119GQ",10,428079,318222,"E92000001","E19000001","E18000004","E10000007","E07000039","E05008810"
"DE119GR",10,429941,318971,"E92000001","E19000001","E18000004","E10000007","E07000039","E05008810"
"DE119GS",10,427969,318151,"E92000001","E19000001","E18000004","E10000007","E07000039","E05008814"
"DE119GT",10,428139,318033,"E92000001","E19000001","E18000004","E10000007","E07000039","E05008814"
"DE119GU",10,428040,318108,"E92000001","E19000001","E18000004","E10000007","E07000039","E05008814"
"DE119GW",10,428193,318023,"E92000001","E19000001","E18000004","E10000007","E07000039","E05008810"
"DE119GX",10,428281,318070,"E92000001","E19000001","E18000004","E10000007","E07000039","E05008810"
"DE119HB",10,428276,317694,"E92000001","E19000001","E18000004","E10000007","E07000039","E05008814"
"DE119HD",10,428316,317692,"E92000001","E19000001","E18000004","E10000007","E07000039","E05008814"
"DE119HE",10,427989,317419,"E92000001","E19000001","E18000004","E10000007","E07000039","E05008814"
"DE119HF",10,428328,317446,"E92000001","E19000001","E18000004","E10000007","E07000039","E05008814"
"DE119HG",10,428176,317324,"E92000001","E19000001","E18000004","E10000007","E07000039","E05008814"
"DE119HH",10,428384,317737,"E92000001","E19000001","E18000004","E10000007","E07000039","E05008814"
"DE119HJ",10,428714,318191,"E92000001","E19000001","E18000004","E10000007","E07000039","E05008810"
"DE119HL",10,428771,318169,"E92000001","E19000001","E18000004","E10000007","E07000039","E05008810"
"DE119HN",10,428288,317318,"E92000001","E19000001","E18000004","E10000007","E07000039","E05008814"
"DE119HP",10,428102,317335,"E92000001","E19000001","E18000004","E10000007","E07000039","E05008814"
"DE119HQ",10,428168,317880,"E92000001","E19000001","E18000004","E10000007","E07000039","E05008814"
"DE119HR",10,428914,318177,"E92000001","E19000001","E18000004","E10000007","E07000039","E05008810"
"DE119HS",10,428169,317451,"E92000001","E19000001","E18000004","E10000007","E07000039","E05008814"
"DE119HT",10,430177,318708,"E92000001","E19000001","E18000004","E10000007","E07000039","E05008810"
"DE119HU",10,428251,317547,"E92000001","E19000001","E18000004","E10000007","E07000039","E05008814"
"DE119HW",10,428293,317373,"E92000001","E19000001","E18000004","E10000007","E07000039","E05008814"
"DE119HX",10,428376,317653,"E92000001","E19000001","E18000004","E10000007","E07000039","E05008814"
"DE119HY",10,428443,317639,"E92000001","E19000001","E18000004","E10000007","E07000039","E05008814"
"DE119HZ",10,428395,317597,"E92000001","E19000001","E18000004","E10000007","E07000039","E05008814"
"DE119JA",10,427892,318101,"E92000001","E19000001","E18000004","E10000007","E07000039","E05008814"
"DE119JB",10,428711,317849,"E92000001","E19000001","E18000004","E10000007","E07000039","E05008810"
"DE119JD",10,428336,317552,"E92000001","E19000001","E18000004","E10000007","E07000039","E05008814"
"DE119JE",10,428597,317317,"E92000001","E19000001","E18000004","E10000007","E07000039","E05008814"
"DE119JF",10,428385,317464,"E92000001","E19000001","E18000004","E10000007","E07000039","E05008814"
"DE119JG",10,428650,317215,"E92000001","E19000001","E18000004","E10000007","E07000039","E05008814"
"DE119JH",10,428820,316990,"E92000001","E19000001","E18000004","E10000007","E07000039","E05008814"
"DE119JJ",10,428924,316810,"E92000001","E19000001","E18000004","E10000007","E07000039","E05008814"
"DE119JL",10,428770,316981,"E92000001","E19000001","E18000004","E10000007","E07000039","E05008814"
"DE119JN",10,428402,318047,"E92000001","E19000001","E18000004","E10000007","E07000039","E05008810"
"DE119JP",10,428269,317268,"E92000001","E19000001","E18000004","E10000007","E07000039","E05008814"
"DE119JQ",10,428839,316981,"E92000001","E19000001","E18000004","E10000007","E07000039","E05008814"
"DE119JR",10,428613,318042,"E92000001","E19000001","E18000004","E10000007","E07000039","E05008810"
"DE119JS",10,428565,318194,"E92000001","E19000001","E18000004","E10000007","E07000039","E05008810"
"DE119JT",10,428653,318212,"E92000001","E19000001","E18000004","E10000007","E07000039","E05008810"
"DE119JU",10,428790,317866,"E92000001","E19000001","E18000004","E10000007","E07000039","E05008810"
"DE119JW",10,428385,317355,"E92000001","E19000001","E18000004","E10000007","E07000039","E05008814"
"DE119JX",10,428948,317838,"E92000001","E19000001","E18000004","E10000007","E07000039","E05008810"
"DE119JY",10,429086,317821,"E92000001","E19000001","E18000004","E10000007","E07000039","E05008810"
"DE119JZ",10,428954,317948,"E92000001","E19000001","E18000004","E10000007","E07000039","E05008810"
"DE119LA",10,428799,317954,"E92000001","E19000001","E18000004","E10000007","E07000039","E05008810"
"DE119LB",10,429102,317889,"E92000001","E19000001","E18000004","E10000007","E07000039","E05008810"
"DE119LD",10,428560,317899,"E92000001","E19000001","E18000004","E10000007","E07000039","E05008810"
"DE119LE",10,428388,318150,"E92000001","E19000001","E18000004","E10000007","E07000039","E05008810"
"DE119LF",10,429041,317900,"E92000001","E19000001","E18000004","E10000007","E07000039","E05008810"
"DE119LG",10,429066,318057,"E92000001","E19000001","E18000004","E10000007","E07000039","E05008810"
"DE119LH",10,428692,317937,"E92000001","E19000001","E18000004","E10000007","E07000039","E05008810"
"DE119LJ",10,428935,318074,"E92000001","E19000001","E18000004","E10000007","E07000039","E05008810"
"DE119LL",10,429016,318237,"E92000001","E19000001","E18000004","E10000007","E07000039","E05008810"
"DE119LN",10,429062,318127,"E92000001","E19000001","E18000004","E10000007","E07000039","E05008810"
"DE119LP",10,429117,318094,"E92000001","E19000001","E18000004","E10000007","E07000039","E05008810"
"DE119LQ",10,428989,318023,"E92000001","E19000001","E18000004","E10000007","E07000039","E05008810"
"DE119LR",10,428486,317990,"E92000001","E19000001","E18000004","E10000007","E07000039","E05008810"
"DE119LS",10,429136,318227,"E92000001","E19000001","E18000004","E10000007","E07000039","E05008810"
"DE119LT",10,429247,318129,"E92000001","E19000001","E18000004","E10000007","E07000039","E05008810"
"DE119LU",10,429174,318097,"E92000001","E19000001","E18000004","E10000007","E07000039","E05008810"
"DE119LW",10,429055,318187,"E92000001","E19000001","E18000004","E10000007","E07000039","E05008810"
"DE119LX",10,429356,318230,"E92000001","E19000001","E18000004","E10000007","E07000039","E05008810"
"DE119LY",10,429484,318269,"E92000001","E19000001","E18000004","E10000007","E07000039","E05008810"
"DE119LZ",10,429438,318329,"E92000001","E19000001","E18000004","E10000007","E07000039","E05008810"
"DE119NA",10,429290,318290,"E92000001","E19000001","E18000004","E10000007","E07000039","E05008810"
"DE119NB",10,429522,318431,"E92000001","E19000001","E18000004","E10000007","E07000039","E05008810"
"DE119ND",10,429739,318485,"E92000001","E19000001","E18000004","E10000007","E07000039","E05008810"
"DE119NE",10,429243,318215,"E92000001","E19000001","E18000004","E10000007","E07000039","E05008810"
"DE119NF",10,429773,318386,"E92000001","E19000001","E18000004","E10000007","E07000039","E05008810"
"DE119NG",10,428631,317782,"E92000001","E19000001","E18000004","E10000007","E07000039","E05008810"
"DE119NH",10,428339,318173,"E92000001","E19000001","E18000004","E10000007","E07000039","E05008810"
"DE119NJ",10,429219,318867,"E92000001","E19000001","E18000004","E10000007","E07000039","E05008810"
"DE119NL",10,430099,318530,"E92000001","E19000001","E18000004","E10000007","E07000039","E05008810"
"DE119NN",10,430020,318517,"E92000001","E19000001","E18000004","E10000007","E07000039","E05008810"
"DE119NP",10,429632,318286,"E92000001","E19000001","E18000004","E10000007","E07000039","E05008810"
"DE119NQ",10,429465,318121,"E92000001","E19000001","E18000004","E10000007","E07000039","E05008810"
"DE119NR",10,429426,318138,"E92000001","E19000001","E18000004","E10000007","E07000039","E05008810"
"DE119NS",10,429453,318472,"E92000001","E19000001","E18000004","E10000007","E07000039","E05008810"
"DE119NT",10,429271,318201,"E92000001","E19000001","E18000004","E10000007","E07000039","E05008810"
"DE119NU",10,429251,318305,"E92000001","E19000001","E18000004","E10000007","E07000039","E05008810"
"DE119NW",10,429876,318483,"E92000001","E19000001","E18000004","E10000007","E07000039","E05008810"
"DE119NX",10,429224,318392,"E92000001","E19000001","E18000004","E10000007","E07000039","E05008810"
"DE119NY",10,429155,318515,"E92000001","E19000001","E18000004","E10000007","E07000039","E05008810"
"DE119NZ",10,429133,318668,"E92000001","E19000001","E18000004","E10000007","E07000039","E05008810"
"DE119PA",10,429078,318535,"E92000001","E19000001","E18000004","E10000007","E07000039","E05008810"
"DE119PB",10,429316,318159,"E92000001","E19000001","E18000004","E10000007","E07000039","E05008810"
"DE119PD",10,429803,318518,"E92000001","E19000001","E18000004","E10000007","E07000039","E05008810"
"DE119PE",10,429955,318198,"E92000001","E19000001","E18000004","E10000007","E07000039","E05008810"
"DE119PF",10,429310,318392,"E92000001","E19000001","E18000004","E10000007","E07000039","E05008810"
"DE119PG",10,429382,318467,"E92000001","E19000001","E18000004","E10000007","E07000039","E05008810"
"DE119PH",10,429431,318531,"E92000001","E19000001","E18000004","E10000007","E07000039","E05008810"
"DE119PJ",10,429582,318541,"E92000001","E19000001","E18000004","E10000007","E07000039","E05008810"
"DE119PL",10,429727,318551,"E92000001","E19000001","E18000004","E10000007","E07000039","E05008810"
"DE119PN",10,429749,318408,"E92000001","E19000001","E18000004","E10000007","E07000039","E05008810"
"DE119PP",10,429804,318482,"E92000001","E19000001","E18000004","E10000007","E07000039","E05008810"
"DE119PQ",10,429258,318495,"E92000001","E19000001","E18000004","E10000007","E07000039","E05008810"
"DE119PR",10,429837,318601,"E92000001","E19000001","E18000004","E10000007","E07000039","E05008810"
"DE119PS",10,429823,318888,"E92000001","E19000001","E18000004","E10000007","E07000039","E05008810"
"DE119PT",10,429385,318070,"E92000001","E19000001","E18000004","E10000007","E07000039","E05008810"
"DE119PU",10,429718,318643,"E92000001","E19000001","E18000004","E10000007","E07000039","E05008810"
"DE119PW",10,428955,317997,"E92000001","E19000001","E18000004","E10000007","E07000039","E05008810"
"DE119PX",10,429855,318841,"E92000001","E19000001","E18000004","E10000007","E07000039","E05008810"
"DE119PY",10,430035,318344,"E92000001","E19000001","E18000004","E10000007","E07000039","E05008810"
"DE119PZ",10,429954,318391,"E92000001","E19000001","E18000004","E10000007","E07000039","E05008810"
"DE119QA",10,428846,318833,"E92000001","E19000001","E18000004","E10000007","E07000039","E05008821"
"DE119QB",10,429721,318917,"E92000001","E19000001","E18000004","E10000007","E07000039","E05008810"
"DE119QD",10,429664,318770,"E92000001","E19000001","E18000004","E10000007","E07000039","E05008810"
"DE119QE",10,430030,318943,"E92000001","E19000001","E18000004","E10000007","E07000039","E05008810"
"DE119QG",10,429720,318754,"E92000001","E19000001","E18000004","E10000007","E07000039","E05008810"
"DE119QH",10,429105,318845,"E92000001","E19000001","E18000004","E10000007","E07000039","E05008821"
"DE119QJ",10,428859,318877,"E92000001","E19000001","E18000004","E10000007","E07000039","E05008821"
"DE119QL",10,429352,318688,"E92000001","E19000001","E18000004","E10000007","E07000039","E05008810"
"DE119QN",10,429221,318775,"E92000001","E19000001","E18000004","E10000007","E07000039","E05008810"
"DE119QP",10,428964,318887,"E92000001","E19000001","E18000004","E10000007","E07000039","E05008821"
"DE119QQ",10,429526,318703,"E92000001","E19000001","E18000004","E10000007","E07000039","E05008810"
"DE119QR",10,428813,318947,"E92000001","E19000001","E18000004","E10000007","E07000039","E05008821"
"DE119QS",10,429225,318705,"E92000001","E19000001","E18000004","E10000007","E07000039","E05008810"
"DE119QT",10,429549,318624,"E92000001","E19000001","E18000004","E10000007","E07000039","E05008810"
"DE119QU",10,429313,318580,"E92000001","E19000001","E18000004","E10000007","E07000039","E05008810"
"DE119QW",10,428928,318584,"E92000001","E19000001","E18000004","E10000007","E07000039","E05008810"
"DE119QX",10,429252,318648,"E92000001","E19000001","E18000004","E10000007","E07000039","E05008810"
"DE119QY",10,428814,318872,"E92000001","E19000001","E18000004","E10000007","E07000039","E05008821"
"DE119QZ",10,429645,318500,"E92000001","E19000001","E18000004","E10000007","E07000039","E05008810"
"DE119RA",10,429508,318475,"E92000001","E19000001","E18000004","E10000007","E07000039","E05008810"
"DE119RB",10,429468,318597,"E92000001","E19000001","E18000004","E10000007","E07000039","E05008810"
"DE119RD",10,429447,318645,"E92000001","E19000001","E18000004","E10000007","E07000039","E05008810"
"DE119RE",10,429607,318394,"E92000001","E19000001","E18000004","E10000007","E07000039","E05008810"
"DE119RF",10,429411,318202,"E92000001","E19000001","E18000004","E10000007","E07000039","E05008810"
"DE119RG",10,429380,318110,"E92000001","E19000001","E18000004","E10000007","E07000039","E05008810"
"DE119RH",10,428410,318591,"E92000001","E19000001","E18000004","E10000007","E07000039","E05008810"
"DE119RJ",10,428407,318643,"E92000001","E19000001","E18000004","E10000007","E07000039","E05008810"
"DE119RL",10,428695,318893,"E92000001","E19000001","E18000004","E10000007","E07000039","E05008821"
"DE119RN",10,428690,318808,"E92000001","E19000001","E18000004","E10000007","E07000039","E05008821"
"DE119RP",10,428710,318834,"E92000001","E19000001","E18000004","E10000007","E07000039","E05008821"
"DE119RQ",10,428792,318733,"E92000001","E19000001","E18000004","E10000007","E07000039","E05008821"
"DE119RR",10,428577,318796,"E92000001","E19000001","E18000004","E10000007","E07000039","E05008821"
"DE119RS",10,428678,318710,"E92000001","E19000001","E18000004","E10000007","E07000039","E05008821"
"DE119RT",10,428769,318608,"E92000001","E19000001","E18000004","E10000007","E07000039","E05008821"
"DE119RU",10,428421,317250,"E92000001","E19000001","E18000004","E10000007","E07000039","E05008814"
"DE119RW",10,428583,318886,"E92000001","E19000001","E18000004","E10000007","E07000039","E05008821"
"DE119RX",10,428302,318241,"E92000001","E19000001","E18000004","E10000007","E07000039","E05008810"
"DE119RY",10,428393,318729,"E92000001","E19000001","E18000004","E10000007","E07000039","E05008810"
"DE119RZ",10,428529,318735,"E92000001","E19000001","E18000004","E10000007","E07000039","E05008810"
"DE119SA",10,428822,319095,"E92000001","E19000001","E18000004","E10000007","E07000039","E05008821"
"DE119SB",10,428993,319152,"E92000001","E19000001","E18000004","E10000007","E07000039","E05008821"
"DE119SD",10,428888,319065,"E92000001","E19000001","E18000004","E10000007","E07000039","E05008821"
"DE119SE",10,429031,319099,"E92000001","E19000001","E18000004","E10000007","E07000039","E05008821"
"DE119SF",10,428930,319000,"E92000001","E19000001","E18000004","E10000007","E07000039","E05008821"
"DE119SG",10,429071,319046,"E92000001","E19000001","E18000004","E10000007","E07000039","E05008821"
"DE119SH",10,429238,319010,"E92000001","E19000001","E18000004","E10000007","E07000039","E05008821"
"DE119SJ",10,429131,319027,"E92000001","E19000001","E18000004","E10000007","E07000039","E05008821"
"DE119SL",10,429111,319124,"E92000001","E19000001","E18000004","E10000007","E07000039","E05008821"
"DE119SN",10,429147,319193,"E92000001","E19000001","E18000004","E10000007","E07000039","E05008821"
"DE119SP",10,429803,319513,"E92000001","E19000001","E18000004","E10000007","E07000039","E05008821"
"DE119SQ",10,429070,318940,"E92000001","E19000001","E18000004","E10000007","E07000039","E05008821"
"DE119SR",10,428635,318674,"E92000001","E19000001","E18000004","E10000007","E07000039","E05008810"
"DE119SS",10,428493,318720,"E92000001","E19000001","E18000004","E10000007","E07000039","E05008810"
"DE119ST",10,429698,318841,"E92000001","E19000001","E18000004","E10000007","E07000039","E05008810"
"DE119SW",10,428976,319086,"E92000001","E19000001","E18000004","E10000007","E07000039","E05008821"
"DE119TA",10,428533,318503,"E92000001","E19000001","E18000004","E10000007","E07000039","E05008810"
"DE119TB",10,428138,319127,"E92000001","E19000001","E18000004","E10000007","E07000039","E05008810"
"DE119TD",10,428242,318509,"E92000001","E19000001","E18000004","E10000007","E07000039","E05008810"
"DE119TE",10,428371,318517,"E92000001","E19000001","E18000004","E10000007","E07000039","E05008810"
"DE119TF",10,428441,318645,"E92000001","E19000001","E18000004","E10000007","E07000039","E05008810"
"DE119TG",10,428373,318396,"E92000001","E19000001","E18000004","E10000007","E07000039","E05008810"
"DE119TH",10,428335,318618,"E92000001","E19000001","E18000004","E10000007","E07000039","E05008810"
"DE119TJ",10,428699,318067,"E92000001","E19000001","E18000004","E10000007","E07000039","E05008810"
"DE119TL",10,428421,318363,"E92000001","E19000001","E18000004","E10000007","E07000039","E05008810"
"DE119TN",10,428508,318324,"E92000001","E19000001","E18000004","E10000007","E07000039","E05008810"
"DE119TP",10,428601,318621,"E92000001","E19000001","E18000004","E10000007","E07000039","E05008810"
"DE119TQ",10,428594,318569,"E92000001","E19000001","E18000004","E10000007","E07000039","E05008810"
"DE119TR",10,428455,318445,"E92000001","E19000001","E18000004","E10000007","E07000039","E05008810"
"DE119TS",10,428519,318614,"E92000001","E19000001","E18000004","E10000007","E07000039","E05008810"
"DE119TT",10,428490,318506,"E92000001","E19000001","E18000004","E10000007","E07000039","E05008810"
"DE119TU",10,428435,318406,"E92000001","E19000001","E18000004","E10000007","E07000039","E05008810"
"DE119TW",10,428405,318425,"E92000001","E19000001","E18000004","E10000007","E07000039","E05008810"
"DE126AA",10,431648,315328,"E92000001","E19000001","E18000004","E10000018","E07000134","E05010096"
"DE126AB",50,431648,315328,"E92000001","E19000001","E18000004","E10000018","E07000134","E05010096"
"DE126AF",10,431534,315462,"E92000001","E19000001","E18000004","E10000018","E07000134","E05010096"
"DE126AG",10,431736,314888,"E92000001","E19000001","E18000004","E10000018","E07000134","E05010096"
"DE126AJ",10,431909,314636,"E92000001","E19000001","E18000004","E10000018","E07000134","E05010096"
"DE126AL",10,431276,315418,"E92000001","E19000001","E18000004","E10000018","E07000134","E05010096"
"DE126AN",10,431279,315427,"E92000001","E19000001","E18000004","E10000018","E07000134","E05010096"
"DE126AP",10,431030,315217,"E92000001","E19000001","E18000004","E10000018","E07000134","E05010096"
"DE126AS",10,431423,315522,"E92000001","E19000001","E18000004","E10000018","E07000134","E05010096"
"DE126AT",10,431432,315214,"E92000001","E19000001","E18000004","E10000018","E07000134","E05010096"
"DE126AZ",10,431068,314912,"E92000001","E19000001","E18000004","E10000018","E07000134","E05010096"
"DE126BA",10,430953,315584,"E92000001","E19000001","E18000004","E10000018","E07000134","E05010096"
"DE126BB",10,431097,314685,"E92000001","E19000001","E18000004","E10000018","E07000134","E05010096"
"DE126BD",10,430412,315782,"E92000001","E19000001","E18000004","E10000018","E07000134","E05010096"
"DE126BE",10,431203,315481,"E92000001","E19000001","E18000004","E10000018","E07000134","E05010096"
"DE126BG",10,431220,315539,"E92000001","E19000001","E18000004","E10000018","E07000134","E05010096"
"DE126BH",10,431187,314752,"E92000001","E19000001","E18000004","E10000018","E07000134","E05010096"
"DE126BJ",10,431214,314903,"E92000001","E19000001","E18000004","E10000018","E07000134","E05010096"
"DE126BL",10,430501,315053,"E92000001","E19000001","E18000004","E10000007","E07000039","E05008819"
"DE126BN",10,430377,315011,"E92000001","E19000001","E18000004","E10000007","E07000039","E05008819"
"DE126BP",10,431048,315515,"E92000001","E19000001","E18000004","E10000018","E07000134","E05010096"
"DE126BS",10,431004,315568,"E92000001","E19000001","E18000004","E10000018","E07000134","E05010096"
"DE126BW",10,430895,315148,"E92000001","E19000001","E18000004","E10000018","E07000134","E05010096"
"DE126BX",10,430423,315653,"E92000001","E19000001","E18000004","E10000018","E07000134","E05010096"
"DE126DA",10,431333,315882,"E92000001","E19000001","E18000004","E10000018","E07000134","E05010096"
"DE126DB",10,432049,315863,"E92000001","E19000001","E18000004","E10000018","E07000134","E05010096"
"DE126DD",10,431953,315803,"E92000001","E19000001","E18000004","E10000018","E07000134","E05010096"
"DE126DG",10,432134,315861,"E92000001","E19000001","E18000004","E10000018","E07000134","E05010096"
"DE126DH",10,431169,316727,"E92000001","E19000001","E18000004","E10000018","E07000134","E05010098"
"DE126DJ",10,431631,315660,"E92000001","E19000001","E18000004","E10000018","E07000134","E05010096"
"DE126DL",10,432183,315805,"E92000001","E19000001","E18000004","E10000018","E07000134","E05010096"
"DE126DN",10,431964,315910,"E92000001","E19000001","E18000004","E10000018","E07000134","E05010096"
"DE126DP",10,432851,316516,"E92000001","E19000001","E18000004","E10000018","E07000134","E05010098"
"DE126DQ",10,431458,315756,"E92000001","E19000001","E18000004","E10000018","E07000134","E05010096"
"DE126DS",10,432317,315873,"E92000001","E19000001","E18000004","E10000018","E07000134","E05010096"
"DE126DT",10,431479,315872,"E92000001","E19000001","E18000004","E10000018","E07000134","E05010096"
"DE126DU",10,432111,315807,"E92000001","E19000001","E18000004","E10000018","E07000134","E05010096"
"DE126DW",10,432447,316255,"E92000001","E19000001","E18000004","E10000018","E07000134","E05010096"
"DE126DX",10,432099,315919,"E92000001","E19000001","E18000004","E10000018","E07000134","E05010096"
"DE126DY",10,432382,316243,"E92000001","E19000001","E18000004","E10000018","E07000134","E05010096"
"DE126DZ",10,432241,315921,"E92000001","E19000001","E18000004","E10000018","E07000134","E05010096"
"DE126EA",10,432250,316007,"E92000001","E19000001","E18000004","E10000018","E07000134","E05010096"
"DE126EB",10,432103,315967,"E92000001","E19000001","E18000004","E10000018","E07000134","E05010096"
"DE126ED",10,432322,315804,"E92000001","E19000001","E18000004","E10000018","E07000134","E05010096"
"DE126EE",10,432304,315951,"E92000001","E19000001","E18000004","E10000018","E07000134","E05010096"
"DE126EF",10,431662,315742,"E92000001","E19000001","E18000004","E10000018","E07000134","E05010096"
"DE126EG",10,431973,315681,"E92000001","E19000001","E18000004","E10000018","E07000134","E05010096"
"DE126EH",10,432055,316018,"E92000001","E19000001","E18000004","E10000018","E07000134","E05010096"
"DE126EJ",10,431138,316212,"E92000001","E19000001","E18000004","E10000018","E07000134","E05010096"
"DE126EL",10,432192,316134,"E92000001","E19000001","E18000004","E10000018","E07000134","E05010096"
"DE126EN",10,432222,316082,"E92000001","E19000001","E18000004","E10000018","E07000134","E05010096"
"DE126EP",10,432567,316347,"E92000001","E19000001","E18000004","E10000018","E07000134","E05010096"
"DE126EQ",10,432044,315718,"E92000001","E19000001","E18000004","E10000018","E07000134","E05010096"
"DE126ER",10,432564,316530,"E92000001","E19000001","E18000004","E10000018","E07000134","E05010098"
"DE126ES",10,432646,316560,"E92000001","E19000001","E18000004","E10000018","E07000134","E05010098"
"DE126ET",10,432595,316719,"E92000001","E19000001","E18000004","E10000018","E07000134","E05010098"
"DE126EU",10,432738,316459,"E92000001","E19000001","E18000004","E10000018","E07000134","E05010098"
"DE126EW",10,432269,316126,"E92000001","E19000001","E18000004","E10000018","E07000134","E05010096"
"DE126EX",10,432746,316661,"E92000001","E19000001","E18000004","E10000018","E07000134","E05010098"
"DE126EY",10,432689,316710,"E92000001","E19000001","E18000004","E10000018","E07000134","E05010098"
"DE126EZ",10,432635,317099,"E92000001","E19000001","E18000004","E10000018","E07000134","E05010098"
"DE126GA",10,430939,316135,"E92000001","E19000001","E18000004","E10000018","E07000134","E05010096"
"DE126GZ",10,429665,315706,"E92000001","E19000001","E18000004","E10000007","E07000039","E05008819"
"DE126HA",10,432787,316684,"E92000001","E19000001","E18000004","E10000018","E07000134","E05010098"
"DE126HD",10,432750,316851,"E92000001","E19000001","E18000004","E10000018","E07000134","E05010098"
"DE126HE",10,432782,316766,"E92000001","E19000001","E18000004","E10000018","E07000134","E05010098"
"DE126HF",10,432811,316714,"E92000001","E19000001","E18000004","E10000018","E07000134","E05010098"
"DE126HG",10,432954,316764,"E92000001","E19000001","E18000004","E10000018","E07000134","E05010098"
"DE126HH",10,432825,316940,"E92000001","E19000001","E18000004","E10000018","E07000134","E05010098"
"DE126HJ",10,432762,316748,"E92000001","E19000001","E18000004","E10000018","E07000134","E05010098"
"DE126HL",10,432889,316731,"E92000001","E19000001","E18000004","E10000018","E07000134","E05010098"
"DE126HP",10,432906,316858,"E92000001","E19000001","E18000004","E10000018","E07000134","E05010098"
"DE126HQ",10,432986,316773,"E92000001","E19000001","E18000004","E10000018","E07000134","E05010098"
"DE126HR",10,432873,316879,"E92000001","E19000001","E18000004","E10000018","E07000134","E05010098"
"DE126HS",10,432911,316809,"E92000001","E19000001","E18000004","E10000018","E07000134","E05010098"
"DE126HT",10,433010,316818,"E92000001","E19000001","E18000004","E10000018","E07000134","E05010098"
"DE126HU",10,433075,316718,"E92000001","E19000001","E18000004","E10000018","E07000134","E05010098"
"DE126HW",10,432852,316841,"E92000001","E19000001","E18000004","E10000018","E07000134","E05010098"
"DE126HX",10,429682,314965,"E92000001","E19000001","E18000004","E10000007","E07000039","E05008819"
"DE126HY",10,429833,314397,"E92000001","E19000001","E18000004","E10000007","E07000039","E05008819"
"DE126HZ",10,432984,316882,"E92000001","E19000001","E18000004","E10000018","E07000134","E05010098"
"DE126JB",10,429733,315159,"E92000001","E19000001","E18000004","E10000007","E07000039","E05008819"
"DE126JD",10,430230,315380,"E92000001","E19000001","E18000004","E10000007","E07000039","E05008819"
"DE126JE",10,430096,315369,"E92000001","E19000001","E18000004","E10000007","E07000039","E05008819"
"DE126JF",10,429714,315425,"E92000001","E19000001","E18000004","E10000007","E07000039","E05008819"
"DE126JG",10,429577,315519,"E92000001","E19000001","E18000004","E10000007","E07000039","E05008819"
"DE126JH",10,429577,315404,"E92000001","E19000001","E18000004","E10000007","E07000039","E05008819"
"DE126JJ",10,429282,315721,"E92000001","E19000001","E18000004","E10000007","E07000039","E05008819"
"DE126JL",10,429069,315933,"E92000001","E19000001","E18000004","E10000007","E07000039","E05008819"
"DE126JN",10,428992,316325,"E92000001","E19000001","E18000004","E10000007","E07000039","E05008819"
"DE126JP",10,428864,315994,"E92000001","E19000001","E18000004","E10000007","E07000039","E05008819"
"DE126JR",10,428733,315988,"E92000001","E19000001","E18000004","E10000007","E07000039","E05008819"
"DE126JS",10,429008,316748,"E92000001","E19000001","E18000004","E10000007","E07000039","E05008819"
"DE126JT",10,429696,316983,"E92000001","E19000001","E18000004","E10000007","E07000039","E05008819"
"DE126JW",10,428931,316568,"E92000001","E19000001","E18000004","E10000007","E07000039","E05008819"
"DE126JX",10,429625,317048,"E92000001","E19000001","E18000004","E10000007","E07000039","E05008819"
"DE126JY",10,429634,315153,"E92000001","E19000001","E18000004","E10000007","E07000039","E05008819"
"DE126LA",10,429665,315086,"E92000001","E19000001","E18000004","E10000007","E07000039","E05008819"
"DE126LB",10,429577,315595,"E92000001","E19000001","E18000004","E10000007","E07000039","E05008819"
"DE126LD",10,429595,315899,"E92000001","E19000001","E18000004","E10000007","E07000039","E05008819"
"DE126LE",10,429588,315781,"E92000001","E19000001","E18000004","E10000007","E07000039","E05008819"
"DE126LF",10,429491,315659,"E92000001","E19000001","E18000004","E10000007","E07000039","E05008819"
"DE126LG",10,429569,315241,"E92000001","E19000001","E18000004","E10000007","E07000039","E05008819"
"DE126LH",10,429442,315698,"E92000001","E19000001","E18000004","E10000007","E07000039","E05008819"
"DE126LJ",10,429480,315813,"E92000001","E19000001","E18000004","E10000007","E07000039","E05008819"
"DE126LL",10,429567,315848,"E92000001","E19000001","E18000004","E10000007","E07000039","E05008819"
"DE126LN",10,429666,315228,"E92000001","E19000001","E18000004","E10000007","E07000039","E05008819"
"DE126LP",10,431422,315661,"E92000001","E19000001","E18000004","E10000018","E07000134","E05010096"
"DE126LQ",10,429378,315523,"E92000001","E19000001","E18000004","E10000007","E07000039","E05008819"
"DE126LR",10,429520,315606,"E92000001","E19000001","E18000004","E10000007","E07000039","E05008819"
"DE126LS",10,429583,315671,"E92000001","E19000001","E18000004","E10000007","E07000039","E05008819"
"DE126LT",10,429833,315752,"E92000001","E19000001","E18000004","E10000007","E07000039","E05008819"
"DE126LU",10,429834,315699,"E92000001","E19000001","E18000004","E10000007","E07000039","E05008819"
"DE126LW",10,429383,315406,"E92000001","E19000001","E18000004","E10000007","E07000039","E05008819"
"DE126LX",10,430057,315765,"E92000001","E19000001","E18000004","E10000007","E07000039","E05008819"
"DE126LY",10,429990,315730,"E92000001","E19000001","E18000004","E10000007","E07000039","E05008819"
"DE126LZ",10,430030,315854,"E92000001","E19000001","E18000004","E10000007","E07000039","E05008819"
"DE126NA",10,430579,316455,"E92000001","E19000001","E18000004","E10000018","E07000134","E05010096"
"DE126NB",10,429406,315292,"E92000001","E19000001","E18000004","E10000007","E07000039","E05008819"
"DE126ND",10,430372,316157,"E92000001","E19000001","E18000004","E10000018","E07000134","E05010096"
"DE126NE",10,430206,316019,"E92000001","E19000001","E18000004","E10000018","E07000134","E05010096"
"DE126NF",10,429385,315336,"E92000001","E19000001","E18000004","E10000007","E07000039","E05008819"
"DE126NG",10,429216,315212,"E92000001","E19000001","E18000004","E10000007","E07000039","E05008819"
"DE126NJ",10,429300,315154,"E92000001","E19000001","E18000004","E10000007","E07000039","E05008819"
"DE126NL",10,429445,315106,"E92000001","E19000001","E18000004","E10000007","E07000039","E05008819"
"DE126NN",10,429385,315233,"E92000001","E19000001","E18000004","E10000007","E07000039","E05008819"
"DE126NP",10,429577,315028,"E92000001","E19000001","E18000004","E10000007","E07000039","E05008819"
"DE126NR",10,429543,315161,"E92000001","E19000001","E18000004","E10000007","E07000039","E05008819"
"DE126NW",10,429481,315199,"E92000001","E19000001","E18000004","E10000007","E07000039","E05008819"
"DE126PA",10,428022,315746,"E92000001","E19000001","E18000004","E10000007","E07000039","E05008814"
"DE126PB",10,427693,315957,"E92000001","E19000001","E18000004","E10000007","E07000039","E05008814"
"DE126PD",10,428504,316546,"E92000001","E19000001","E18000004","E10000007","E07000039","E05008814"
"DE126PE",10,428156,316327,"E92000001","E19000001","E18000004","E10000007","E07000039","E05008814"
"DE126PF",10,428340,316753,"E92000001","E19000001","E18000004","E10000007","E07000039","E05008814"
"DE126PG",10,428334,316398,"E92000001","E19000001","E18000004","E10000007","E07000039","E05008814"
"DE126PH",10,427710,316361,"E92000001","E19000001","E18000004","E10000007","E07000039","E05008814"
"DE126PJ",10,427775,316444,"E92000001","E19000001","E18000004","E10000007","E07000039","E05008814"
"DE126PL",10,427700,316446,"E92000001","E19000001","E18000004","E10000007","E07000039","E05008814"
"DE126PN",10,427634,316318,"E92000001","E19000001","E18000004","E10000007","E07000039","E05008814"
"DE126PP",10,427589,316412,"E92000001","E19000001","E18000004","E10000007","E07000039","E05008814"
"DE126PR",10,427485,316454,"E92000001","E19000001","E18000004","E10000007","E07000039","E05008814"
"DE126PS",10,427637,316482,"E92000001","E19000001","E18000004","E10000007","E07000039","E05008814"
"DE126PW",10,427608,316516,"E92000001","E19000001","E18000004","E10000007","E07000039","E05008814"
"DE126PY",10,427345,316761,"E92000001","E19000001","E18000004","E10000007","E07000039","E05008814"
"DE126PZ",10,427595,316641,"E92000001","E19000001","E18000004","E10000007","E07000039","E05008814"
"DE126QA",10,427862,316433,"E92000001","E19000001","E18000004","E10000007","E07000039","E05008814"
"DE126QB",10,427469,316805,"E92000001","E19000001","E18000004","E10000007","E07000039","E05008814"
"DE126QD",10,427350,316685,"E92000001","E19000001","E18000004","E10000007","E07000039","E05008814"
"DE126QE",10,427186,316551,"E92000001","E19000001","E18000004","E10000007","E07000039","E05008814"
"DE126QF",10,427191,316587,"E92000001","E19000001","E18000004","E10000007","E07000039","E05008814"
"DE126QG",10,427375,316616,"E92000001","E19000001","E18000004","E10000007","E07000039","E05008814"
"DE126QH",10,427268,316501,"E92000001","E19000001","E18000004","E10000007","E07000039","E05008814"
"DE126QJ",10,427135,316416,"E92000001","E19000001","E18000004","E10000007","E07000039","E05008814"
"DE126QL",10,427143,316602,"E92000001","E19000001","E18000004","E10000007","E07000039","E05008814"
"DE126QN",10,427266,316678,"E92000001","E19000001","E18000004","E10000007","E07000039","E05008814"
"DE126QP",10,426993,316601,"E92000001","E19000001","E18000004","E10000007","E07000039","E05008814"
"DE126QQ",10,427417,316631,"E92000001","E19000001","E18000004","E10000007","E07000039","E05008814"
"DE126QS",10,427389,316500,"E92000001","E19000001","E18000004","E10000007","E07000039","E05008814"
"DE126QW",10,427296,316775,"E92000001","E19000001","E18000004","E10000007","E07000039","E05008814"
"DE126QX",10,427961,316264,"E92000001","E19000001","E18000004","E10000007","E07000039","E05008814"
"DE126RA",10,427374,316980,"E92000001","E19000001","E18000004","E10000007","E07000039","E05008814"
"DE126RB",10,427534,317207,"E92000001","E19000001","E18000004","E10000007","E07000039","E05008814"
"DE126RD",10,427134,317328,"E92000001","E19000001","E18000004","E10000007","E07000039","E05008814"
"DE126RE",10,427117,317510,"E92000001","E19000001","E18000004","E10000007","E07000039","E05008814"
"DE126RF",10,427026,317689,"E92000001","E19000001","E18000004","E10000007","E07000039","E05008814"
"DE126RG",10,426729,317999,"E92000001","E19000001","E18000004","E10000007","E07000039","E05008814"
"DE126RH",10,427085,316627,"E92000001","E19000001","E18000004","E10000007","E07000039","E05008814"
"DE126RJ",10,426431,318856,"E92000001","E19000001","E18000004","E10000007","E07000039","E05008814"
"DE126RL",10,426229,317846,"E92000001","E19000001","E18000004","E10000007","E07000039","E05008814"
"DE126RN",10,425633,318013,"E92000001","E19000001","E18000004","E10000007","E07000039","E05008814"
"DE126RP",10,427317,317100,"E92000001","E19000001","E18000004","E10000007","E07000039","E05008814"
"DE126RQ",50,426907,317313,"E92000001","E19000001","E18000004","E10000007","E07000039","E05008814"
"DE126RR",10,425456,317366,"E92000001","E19000001","E18000004","E10000007","E07000039","E05008814"
"DE126RS",10,425563,317214,"E92000001","E19000001","E18000004","E10000007","E07000039","E05008814"
"DE126RT",10,425446,317264,"E92000001","E19000001","E18000004","E10000007","E07000039","E05008814"
"DE126RU",10,425587,316324,"E92000001","E19000001","E18000004","E10000007","E07000039","E05008814"
"DE126RX",10,427074,316703,"E92000001","E19000001","E18000004","E10000007","E07000039","E05008814"
"DE126RY",10,426895,316693,"E92000001","E19000001","E18000004","E10000007","E07000039","E05008814"
"DE126ZP",10,429921,319752,"E92000001","E19000001","E18000004","E10000007","E07000039","E05008821"
"DE126ZY",10,429921,319752,"E92000001","E19000001","E18000004","E10000007","E07000039","E05008821"
"DE127AA",10,431644,309865,"E92000001","E19000001","E18000004","E10000018","E07000134","E05010090"
"DE127AB",10,431710,309896,"E92000001","E19000001","E18000004","E10000018","E07000134","E05010090"
"DE127AD",10,431635,309912,"E92000001","E19000001","E18000004","E10000018","E07000134","E05010090"
"DE127AE",10,431637,310007,"E92000001","E19000001","E18000004","E10000018","E07000134","E05010090"
"DE127AF",10,431700,310063,"E92000001","E19000001","E18000004","E10000018","E07000134","E05010090"
"DE127AG",10,431736,310123,"E92000001","E19000001","E18000004","E10000018","E07000134","E05010090"
"DE127AH",10,431633,309469,"E92000001","E19000001","E18000004","E10000018","E07000134","E05010090"
"DE127AJ",10,432290,309478,"E92000001","E19000001","E18000004","E10000018","E07000134","E05010090"
"DE127AL",10,431802,309525,"E92000001","E19000001","E18000004","E10000018","E07000134","E05010090"
"DE127AN",10,431139,309399,"E92000001","E19000001","E18000004","E10000018","E07000134","E05010090"
"DE127AP",10,431163,308374,"E92000001","E19000001","E18000004","E10000018","E07000134","E05010090"
"DE127AQ",10,431777,309900,"E92000001","E19000001","E18000004","E10000018","E07000134","E05010090"
"DE127AR",10,430832,308722,"E92000001","E19000001","E18000004","E10000018","E07000134","E05010090"
"DE127AS",10,431550,309562,"E92000001","E19000001","E18000004","E10000018","E07000134","E05010090"
"DE127AT",10,431572,309530,"E92000001","E19000001","E18000004","E10000018","E07000134","E05010090"
"DE127AU",10,431675,309663,"E92000001","E19000001","E18000004","E10000018","E07000134","E05010090"
"DE127AW",10,431082,308988,"E92000001","E19000001","E18000004","E10000018","E07000134","E05010090"
"DE127AX",10,431574,309660,"E92000001","E19000001","E18000004","E10000018","E07000134","E05010090"
"DE127AY",10,433705,312212,"E92000001","E19000001","E18000004","E10000018","E07000134","E05010117"
"DE127AZ",10,433670,312224,"E92000001","E19000001","E18000004","E10000018","E07000134","E05010117"
"DE127BA",10,431954,314269,"E92000001","E19000001","E18000004","E10000018","E07000134","E05010119"
"DE127BB",10,431440,309681,"E92000001","E19000001","E18000004","E10000018","E07000134","E05010090"
"DE127BD",10,431458,309542,"E92000001","E19000001","E18000004","E10000018","E07000134","E05010090"
"DE127BE",10,431215,309732,"E92000001","E19000001","E18000004","E10000018","E07000134","E05010090"
"DE127BF",10,431651,310136,"E92000001","E19000001","E18000004","E10000018","E07000134","E05010090"
"DE127BG",10,431545,310007,"E92000001","E19000001","E18000004","E10000018","E07000134","E05010090"
"DE127BH",10,431797,310987,"E92000001","E19000001","E18000004","E10000018","E07000134","E05010090"
"DE127BJ",10,430430,309864,"E92000001","E19000001","E18000004","E10000018","E07000134","E05010090"
"DE127BL",10,431846,310376,"E92000001","E19000001","E18000004","E10000018","E07000134","E05010090"
"DE127BN",10,431722,310256,"E92000001","E19000001","E18000004","E10000018","E07000134","E05010090"
"DE127BP",10,433310,311270,"E92000001","E19000001","E18000004","E10000018","E07000134","E05010118"
"DE127BQ",10,431330,310110,"E92000001","E19000001","E18000004","E10000018","E07000134","E05010090"
"DE127BS",10,434241,309369,"E92000001","E19000001","E18000004","E10000018","E07000134","E05010090"
"DE127BT",10,433319,311295,"E92000001","E19000001","E18000004","E10000018","E07000134","E05010118"
"DE127BU",10,433358,311231,"E92000001","E19000001","E18000004","E10000018","E07000134","E05010118"
"DE127BW",10,431484,310150,"E92000001","E19000001","E18000004","E10000018","E07000134","E05010090"
"DE127BY",10,434196,308724,"E92000001","E19000001","E18000004","E10000018","E07000134","E05010090"
"DE127BZ",10,434072,309235,"E92000001","E19000001","E18000004","E10000018","E07000134","E05010090"
"DE127DA",10,434194,309414,"E92000001","E19000001","E18000004","E10000018","E07000134","E05010090"
"DE127DB",10,434568,309380,"E92000001","E19000001","E18000004","E10000018","E07000134","E05010090"
"DE127DD",10,434561,309512,"E92000001","E19000001","E18000004","E10000018","E07000134","E05010090"
"DE127DE",10,435396,308567,"E92000001","E19000001","E18000004","E10000018","E07000132","E05005484"
"DE127DF",50,435627,309360,"E92000001","E19000001","E18000004","E10000018","E07000134","E05010090"
"DE127DG",10,435857,310153,"E92000001","E19000001","E18000004","E10000018","E07000134","E05010090"
"DE127DQ",10,435628,310417,"E92000001","E19000001","E18000004","E10000018","E07000134","E05010090"
"DE127DS",10,432428,311827,"E92000001","E19000001","E18000004","E10000018","E07000134","E05010118"
"DE127DT",10,431989,312033,"E92000001","E19000001","E18000004","E10000018","E07000134","E05010119"
"DE127DU",10,432388,311658,"E92000001","E19000001","E18000004","E10000018","E07000134","E05010090"
"DE127DX",10,432580,311534,"E92000001","E19000001","E18000004","E10000018","E07000134","E05010090"
"DE127DY",10,432842,311769,"E92000001","E19000001","E18000004","E10000018","E07000134","E05010118"
"DE127EA",10,433322,311361,"E92000001","E19000001","E18000004","E10000018","E07000134","E05010118"
"DE127EB",10,433419,312183,"E92000001","E19000001","E18000004","E10000018","E07000134","E05010117"
"DE127EE",10,433000,311307,"E92000001","E19000001","E18000004","E10000018","E07000134","E05010118"
"DE127EF",10,432957,311301,"E92000001","E19000001","E18000004","E10000018","E07000134","E05010118"
"DE127EG",10,433215,311478,"E92000001","E19000001","E18000004","E10000018","E07000134","E05010118"
"DE127EH",10,433832,310436,"E92000001","E19000001","E18000004","E10000018","E07000134","E05010118"
"DE127EJ",10,433316,311150,"E92000001","E19000001","E18000004","E10000018","E07000134","E05010118"
"DE127EL",10,433675,310856,"E92000001","E19000001","E18000004","E10000018","E07000134","E05010118"
"DE127EN",10,433096,311249,"E92000001","E19000001","E18000004","E10000018","E07000134","E05010118"
"DE127EP",10,433013,311184,"E92000001","E19000001","E18000004","E10000018","E07000134","E05010118"
"DE127EQ",10,433760,310654,"E92000001","E19000001","E18000004","E10000018","E07000134","E05010118"
"DE127ER",10,432993,311422,"E92000001","E19000001","E18000004","E10000018","E07000134","E05010118"
"DE127ES",10,432948,311469,"E92000001","E19000001","E18000004","E10000018","E07000134","E05010118"
"DE127ET",10,433002,311548,"E92000001","E19000001","E18000004","E10000018","E07000134","E05010118"
"DE127EU",10,433116,311489,"E92000001","E19000001","E18000004","E10000018","E07000134","E05010118"
"DE127EW",10,433148,311282,"E92000001","E19000001","E18000004","E10000018","E07000134","E05010118"
"DE127EX",10,433165,311578,"E92000001","E19000001","E18000004","E10000018","E07000134","E05010118"
"DE127EY",10,432878,311365,"E92000001","E19000001","E18000004","E10000018","E07000134","E05010118"
"DE127EZ",10,433149,311359,"E92000001","E19000001","E18000004","E10000018","E07000134","E05010118"
"DE127GA",10,432993,311660,"E92000001","E19000001","E18000004","E10000018","E07000134","E05010118"
"DE127GB",10,432960,311601,"E92000001","E19000001","E18000004","E10000018","E07000134","E05010118"
"DE127GD",10,432796,311546,"E92000001","E19000001","E18000004","E10000018","E07000134","E05010118"
"DE127GE",10,432734,311599,"E92000001","E19000001","E18000004","E10000018","E07000134","E05010118"
"DE127GF",10,433072,311805,"E92000001","E19000001","E18000004","E10000018","E07000134","E05010118"
"DE127GG",10,433021,311768,"E92000001","E19000001","E18000004","E10000018","E07000134","E05010118"
"DE127GH",10,432955,311715,"E92000001","E19000001","E18000004","E10000018","E07000134","E05010118"
"DE127GJ",10,432933,311696,"E92000001","E19000001","E18000004","E10000018","E07000134","E05010118"
"DE127GL",10,432877,311645,"E92000001","E19000001","E18000004","E10000018","E07000134","E05010118"
"DE127GN",10,432822,311590,"E92000001","E19000001","E18000004","E10000018","E07000134","E05010118"
"DE127GP",10,432792,311634,"E92000001","E19000001","E18000004","E10000018","E07000134","E05010118"
"DE127GW",10,433501,312471,"E92000001","E19000001","E18000004","E10000018","E07000134","E05010117"
"DE127GX",10,433372,312008,"E92000001","E19000001","E18000004","E10000018","E07000134","E05010118"
"DE127GY",10,433350,311527,"E92000001","E19000001","E18000004","E10000018","E07000134","E05010118"
"DE127GZ",10,433578,312449,"E92000001","E19000001","E18000004","E10000018","E07000134","E05010117"
"DE127HA",10,434014,311220,"E92000001","E19000001","E18000004","E10000018","E07000134","E05010117"
"DE127HB",10,433246,311909,"E92000001","E19000001","E18000004","E10000018","E07000134","E05010118"
"DE127HD",10,434355,312502,"E92000001","E19000001","E18000004","E10000018","E07000134","E05010117"
"DE127HE",10,434069,311761,"E92000001","E19000001","E18000004","E10000018","E07000134","E05010117"
"DE127HF",10,435484,311948,"E92000001","E19000001","E18000004","E10000018","E07000134","E05010117"
"DE127HH",10,433368,311697,"E92000001","E19000001","E18000004","E10000018","E07000134","E05010118"
"DE127HJ",10,433347,311662,"E92000001","E19000001","E18000004","E10000018","E07000134","E05010118"
"DE127HL",10,433272,311758,"E92000001","E19000001","E18000004","E10000018","E07000134","E05010118"
"DE127HN",10,433224,311685,"E92000001","E19000001","E18000004","E10000018","E07000134","E05010118"
"DE127HP",10,433443,312512,"E92000001","E19000001","E18000004","E10000018","E07000134","E05010117"
"DE127HQ",10,433332,311603,"E92000001","E19000001","E18000004","E10000018","E07000134","E05010118"
"DE127HR",10,433262,312018,"E92000001","E19000001","E18000004","E10000018","E07000134","E05010118"
"DE127HS",10,435662,311684,"E92000001","E19000001","E18000004","E10000018","E07000134","E05010090"
"DE127HT",10,433243,311956,"E92000001","E19000001","E18000004","E10000018","E07000134","E05010118"
"DE127HU",10,433284,311954,"E92000001","E19000001","E18000004","E10000018","E07000134","E05010118"
"DE127HW",10,433243,311991,"E92000001","E19000001","E18000004","E10000018","E07000134","E05010118"
"DE127HX",10,433280,312047,"E92000001","E19000001","E18000004","E10000018","E07000134","E05010118"
"DE127HZ",10,433529,312193,"E92000001","E19000001","E18000004","E10000018","E07000134","E05010117"
"DE127JA",10,433418,312223,"E92000001","E19000001","E18000004","E10000018","E07000134","E05010117"
"DE127JB",10,433592,312400,"E92000001","E19000001","E18000004","E10000018","E07000134","E05010117"
"DE127JD",10,433297,312198,"E92000001","E19000001","E18000004","E10000018","E07000134","E05010117"
"DE127JE",10,433391,312293,"E92000001","E19000001","E18000004","E10000018","E07000134","E05010117"
"DE127JF",10,433450,312295,"E92000001","E19000001","E18000004","E10000018","E07000134","E05010117"
"DE127JG",10,433813,312233,"E92000001","E19000001","E18000004","E10000018","E07000134","E05010117"
"DE127JH",10,433250,312197,"E92000001","E19000001","E18000004","E10000018","E07000134","E05010117"
"DE127JJ",10,433761,312213,"E92000001","E19000001","E18000004","E10000018","E07000134","E05010117"
"DE127JL",10,433616,312223,"E92000001","E19000001","E18000004","E10000018","E07000134","E05010117"
"DE127JN",10,433383,312649,"E92000001","E19000001","E18000004","E10000018","E07000134","E05010117"
"DE127JP",10,433657,312487,"E92000001","E19000001","E18000004","E10000018","E07000134","E05010117"
"DE127JQ",10,433942,312251,"E92000001","E19000001","E18000004","E10000018","E07000134","E05010117"
"DE127JR",10,433817,312763,"E92000001","E19000001","E18000004","E10000018","E07000134","E05010117"
"DE127JS",10,433660,312550,"E92000001","E19000001","E18000004","E10000018","E07000134","E05010117"
"DE127JT",10,433957,313042,"E92000001","E19000001","E18000004","E10000018","E07000134","E05010117"
"DE127JU",10,433556,312542,"E92000001","E19000001","E18000004","E10000018","E07000134","E05010117"
"DE127JW",10,434025,313109,"E92000001","E19000001","E18000004","E10000018","E07000134","E05010117"
"DE127JX",10,433435,312435,"E92000001","E19000001","E18000004","E10000018","E07000134","E05010117"
"DE127JY",10,433341,312360,"E92000001","E19000001","E18000004","E10000018","E07000134","E05010117"
"DE127JZ",10,433219,312459,"E92000001","E19000001","E18000004","E10000018","E07000134","E05010117"
"DE127LA",10,433491,312536,"E92000001","E19000001","E18000004","E10000018","E07000134","E05010117"
"DE127LB",10,433968,312158,"E92000001","E19000001","E18000004","E10000018","E07000134","E05010117"
"DE127LD",10,433917,312079,"E92000001","E19000001","E18000004","E10000018","E07000134","E05010117"
"DE127LE",10,433862,312055,"E92000001","E19000001","E18000004","E10000018","E07000134","E05010117"
"DE127LF",10,433473,312056,"E92000001","E19000001","E18000004","E10000018","E07000134","E05010117"
"DE127LG",10,433538,312144,"E92000001","E19000001","E18000004","E10000018","E07000134","E05010117"
"DE127LH",10,433655,312122,"E92000001","E19000001","E18000004","E10000018","E07000134","E05010117"
"DE127LJ",10,433504,312030,"E92000001","E19000001","E18000004","E10000018","E07000134","E05010117"
"DE127LL",10,433549,311703,"E92000001","E19000001","E18000004","E10000018","E07000134","E05010117"
"DE127LN",10,433524,311552,"E92000001","E19000001","E18000004","E10000018","E07000134","E05010117"
"DE127LP",10,433434,312119,"E92000001","E19000001","E18000004","E10000018","E07000134","E05010117"
"DE127LQ",10,433798,312033,"E92000001","E19000001","E18000004","E10000018","E07000134","E05010117"
"DE127LR",10,433485,311888,"E92000001","E19000001","E18000004","E10000018","E07000134","E05010118"
"DE127LS",10,433420,311804,"E92000001","E19000001","E18000004","E10000018","E07000134","E05010118"
"DE127LT",10,433430,311841,"E92000001","E19000001","E18000004","E10000018","E07000134","E05010118"
"DE127LU",10,433342,312601,"E92000001","E19000001","E18000004","E10000018","E07000134","E05010117"
"DE127LW",10,433424,312070,"E92000001","E19000001","E18000004","E10000018","E07000134","E05010118"
"DE127LX",10,433450,311996,"E92000001","E19000001","E18000004","E10000018","E07000134","E05010118"
"DE127LY",10,433127,311765,"E92000001","E19000001","E18000004","E10000018","E07000134","E05010118"
"DE127LZ",10,433187,311779,"E92000001","E19000001","E18000004","E10000018","E07000134","E05010118"
"DE127NA",10,433082,311638,"E92000001","E19000001","E18000004","E10000018","E07000134","E05010118"
"DE127NB",10,433341,312525,"E92000001","E19000001","E18000004","E10000018","E07000134","E05010117"
"DE127ND",10,433200,312574,"E92000001","E19000001","E18000004","E10000018","E07000134","E05010117"
"DE127NE",10,433275,312493,"E92000001","E19000001","E18000004","E10000018","E07000134","E05010117"
"DE127NF",10,433216,312504,"E92000001","E19000001","E18000004","E10000018","E07000134","E05010117"
"DE127NG",10,433226,312639,"E92000001","E19000001","E18000004","E10000018","E07000134","E05010117"
"DE127NH",10,432996,311936,"E92000001","E19000001","E18000004","E10000018","E07000134","E05010118"
"DE127NL",10,432758,312076,"E92000001","E19000001","E18000004","E10000018","E07000134","E05010118"
"DE127NN",10,432693,312023,"E92000001","E19000001","E18000004","E10000018","E07000134","E05010118"
"DE127NP",10,432529,312024,"E92000001","E19000001","E18000004","E10000018","E07000134","E05010118"
"DE127NQ",10,432441,312154,"E92000001","E19000001","E18000004","E10000018","E07000134","E05010118"
"DE127NW",10,432751,311923,"E92000001","E19000001","E18000004","E10000018","E07000134","E05010118"
"DE127NY",10,433459,312186,"E92000001","E19000001","E18000004","E10000018","E07000134","E05010117"
"DE127NZ",10,433158,312525,"E92000001","E19000001","E18000004","E10000018","E07000134","E05010117"
"DE127PA",10,433060,312587,"E92000001","E19000001","E18000004","E10000018","E07000134","E05010117"
"DE127PB",10,433015,312484,"E92000001","E19000001","E18000004","E10000018","E07000134","E05010117"
"DE127PD",10,433031,312614,"E92000001","E19000001","E18000004","E10000018","E07000134","E05010117"
"DE127PE",10,433038,312534,"E92000001","E19000001","E18000004","E10000018","E07000134","E05010117"
"DE127PF",10,431060,314448,"E92000001","E19000001","E18000004","E10000018","E07000134","E05010119"
"DE127PG",10,431403,314061,"E92000001","E19000001","E18000004","E10000018","E07000134","E05010119"
"DE127PH",10,433131,312394,"E92000001","E19000001","E18000004","E10000018","E07000134","E05010117"
"DE127PJ",10,431063,314140,"E92000001","E19000001","E18000004","E10000018","E07000134","E05010119"
"DE127PL",10,431114,314372,"E92000001","E19000001","E18000004","E10000018","E07000134","E05010119"
"DE127PN",10,431090,314248,"E92000001","E19000001","E18000004","E10000018","E07000134","E05010119"
"DE127PP",10,431070,314373,"E92000001","E19000001","E18000004","E10000018","E07000134","E05010119"
"DE127PQ",10,431147,314119,"E92000001","E19000001","E18000004","E10000018","E07000134","E05010119"
"DE127PR",10,431021,314281,"E92000001","E19000001","E18000004","E10000018","E07000134","E05010119"
"DE127PS",10,431216,313973,"E92000001","E19000001","E18000004","E10000018","E07000134","E05010119"
"DE127PT",10,431210,313737,"E92000001","E19000001","E18000004","E10000018","E07000134","E05010119"
"DE127PU",10,431245,313699,"E92000001","E19000001","E18000004","E10000018","E07000134","E05010119"
"DE127PW",10,431073,314346,"E92000001","E19000001","E18000004","E10000018","E07000134","E05010119"
"DE127PX",10,431750,314052,"E92000001","E19000001","E18000004","E10000018","E07000134","E05010119"
"DE127PY",10,431537,314017,"E92000001","E19000001","E18000004","E10000018","E07000134","E05010119"
"DE127PZ",10,431456,313716,"E92000001","E19000001","E18000004","E10000018","E07000134","E05010119"
"DE127QA",10,431740,313844,"E92000001","E19000001","E18000004","E10000018","E07000134","E05010119"
"DE127QB",10,431688,313887,"E92000001","E19000001","E18000004","E10000018","E07000134","E05010119"
"DE127QD",10,432025,314298,"E92000001","E19000001","E18000004","E10000018","E07000134","E05010119"
"DE127QE",10,432043,314207,"E92000001","E19000001","E18000004","E10000018","E07000134","E05010119"
"DE127QF",10,432309,314195,"E92000001","E19000001","E18000004","E10000018","E07000134","E05010119"
"DE127QG",10,432309,314164,"E92000001","E19000001","E18000004","E10000018","E07000134","E05010119"
"DE127QH",10,431289,314007,"E92000001","E19000001","E18000004","E10000018","E07000134","E05010119"
"DE127QJ",10,431263,314065,"E92000001","E19000001","E18000004","E10000018","E07000134","E05010119"
"DE127QL",10,431505,314047,"E92000001","E19000001","E18000004","E10000018","E07000134","E05010119"
"DE127QN",10,432117,313086,"E92000001","E19000001","E18000004","E10000018","E07000134","E05010119"
"DE127QQ",10,432135,314029,"E92000001","E19000001","E18000004","E10000018","E07000134","E05010119"
"DE127QR",10,431333,313929,"E92000001","E19000001","E18000004","E10000018","E07000134","E05010119"
"DE127QS",10,432119,313046,"E92000001","E19000001","E18000004","E10000018","E07000134","E05010119"
"DE127QT",10,432082,312852,"E92000001","E19000001","E18000004","E10000018","E07000134","E05010119"
"DE127QU",10,432077,312426,"E92000001","E19000001","E18000004","E10000018","E07000134","E05010119"
"DE127QW",10,431306,313935,"E92000001","E19000001","E18000004","E10000018","E07000134","E05010119"
"DE127QX",10,431787,312514,"E92000001","E19000001","E18000004","E10000018","E07000134","E05010119"
"DE127QY",10,432032,313017,"E92000001","E19000001","E18000004","E10000018","E07000134","E05010119"
"DE127QZ",10,432028,312902,"E92000001","E19000001","E18000004","E10000018","E07000134","E05010119"
"DE127RA",10,432143,312960,"E92000001","E19000001","E18000004","E10000018","E07000134","E05010119"
"DE127RB",10,432255,313111,"E92000001","E19000001","E18000004","E10000018","E07000134","E05010119"
"DE127RD",10,432263,313192,"E92000001","E19000001","E18000004","E10000018","E07000134","E05010119"
"DE127RE",10,432611,312940,"E92000001","E19000001","E18000004","E10000018","E07000134","E05010119"
"DE127RF",10,432544,313335,"E92000001","E19000001","E18000004","E10000018","E07000134","E05010119"
"DE127RG",10,432710,313059,"E92000001","E19000001","E18000004","E10000018","E07000134","E05010119"
"DE127RH",10,433427,313673,"E92000001","E19000001","E18000004","E10000018","E07000134","E05010119"
"DE127RJ",10,432449,313156,"E92000001","E19000001","E18000004","E10000018","E07000134","E05010119"
"DE127RL",10,431336,313905,"E92000001","E19000001","E18000004","E10000018","E07000134","E05010119"
"DE127RN",10,431213,314265,"E92000001","E19000001","E18000004","E10000018","E07000134","E05010119"
"DE127RP",10,431198,314229,"E92000001","E19000001","E18000004","E10000018","E07000134","E05010119"
"DE127RQ",10,432786,312807,"E92000001","E19000001","E18000004","E10000018","E07000134","E05010119"
"DE127RR",10,431410,314253,"E92000001","E19000001","E18000004","E10000018","E07000134","E05010119"
"DE127RS",10,431461,314327,"E92000001","E19000001","E18000004","E10000018","E07000134","E05010119"
"DE127RT",10,431488,314266,"E92000001","E19000001","E18000004","E10000018","E07000134","E05010119"
"DE127RU",10,431376,314232,"E92000001","E19000001","E18000004","E10000018","E07000134","E05010119"
"DE127RW",10,431307,314243,"E92000001","E19000001","E18000004","E10000018","E07000134","E05010119"
"DE127RX",10,431844,314015,"E92000001","E19000001","E18000004","E10000018","E07000134","E05010119"
"DE127SA",10,431219,313856,"E92000001","E19000001","E18000004","E10000018","E07000134","E05010119"
"DE127SB",10,433752,311836,"E92000001","E19000001","E18000004","E10000018","E07000134","E05010117"
"DE127SD",10,433781,311890,"E92000001","E19000001","E18000004","E10000018","E07000134","E05010117"
"DE127SE",10,433691,311825,"E92000001","E19000001","E18000004","E10000018","E07000134","E05010117"
"DE128AA",10,430592,310383,"E92000001","E19000001","E18000004","E10000018","E07000134","E05010090"
"DE128AB",10,429797,311119,"E92000001","E19000001","E18000004","E10000018","E07000134","E05010090"
"DE128AD",10,430158,311761,"E92000001","E19000001","E18000004","E10000018","E07000134","E05010090"
"DE128AE",10,430258,312680,"E92000001","E19000001","E18000004","E10000018","E07000134","E05010119"
"DE128AF",10,430502,311937,"E92000001","E19000001","E18000004","E10000018","E07000134","E05010090"
"DE128AG",10,430270,313135,"E92000001","E19000001","E18000004","E10000018","E07000134","E05010119"
"DE128AH",10,430983,312622,"E92000001","E19000001","E18000004","E10000018","E07000134","E05010119"
"DE128AJ",10,430071,313094,"E92000001","E19000001","E18000004","E10000018","E07000134","E05010119"
"DE128AL",10,429918,313159,"E92000001","E19000001","E18000004","E10000018","E07000134","E05010119"
"DE128AP",10,429751,313394,"E92000001","E19000001","E18000004","E10000007","E07000039","E05008819"
"DE128AQ",10,430128,312854,"E92000001","E19000001","E18000004","E10000018","E07000134","E05010119"
"DE128AR",10,428819,313671,"E92000001","E19000001","E18000004","E10000007","E07000039","E05008819"
"DE128AS",10,428557,314081,"E92000001","E19000001","E18000004","E10000007","E07000039","E05008819"
"DE128AT",10,428244,314004,"E92000001","E19000001","E18000004","E10000007","E07000039","E05008819"
"DE128AW",10,429966,313192,"E92000001","E19000001","E18000004","E10000018","E07000134","E05010119"
"DE128AX",10,429931,313237,"E92000001","E19000001","E18000004","E10000018","E07000134","E05010119"
"DE128BD",10,428537,313166,"E92000001","E19000001","E18000004","E10000007","E07000039","E05008819"
"DE128BE",10,427947,314353,"E92000001","E19000001","E18000004","E10000007","E07000039","E05008819"
"DE128BG",10,427303,314139,"E92000001","E19000001","E18000004","E10000007","E07000039","E05008819"
"DE128BH",10,426490,314043,"E92000001","E19000001","E18000004","E10000007","E07000039","E05008819"
"DE128BJ",10,428485,313261,"E92000001","E19000001","E18000004","E10000007","E07000039","E05008819"
"DE128BL",10,427773,313707,"E92000001","E19000001","E18000004","E10000007","E07000039","E05008819"
"DE128BN",10,428614,313178,"E92000001","E19000001","E18000004","E10000007","E07000039","E05008819"
"DE128BP",10,428508,313087,"E92000001","E19000001","E18000004","E10000007","E07000039","E05008819"
"DE128BS",10,428492,313114,"E92000001","E19000001","E18000004","E10000007","E07000039","E05008819"
"DE128BT",10,428000,313102,"E92000001","E19000001","E18000004","E10000007","E07000039","E05008819"
"DE128BU",10,426893,313037,"E92000001","E19000001","E18000004","E10000007","E07000039","E05008819"
"DE128BW",10,428584,313070,"E92000001","E19000001","E18000004","E10000007","E07000039","E05008819"
"DE128BX",10,427438,313096,"E92000001","E19000001","E18000004","E10000007","E07000039","E05008819"
"DE128BY",10,428562,313314,"E92000001","E19000001","E18000004","E10000007","E07000039","E05008819"
"DE128BZ",10,428645,312869,"E92000001","E19000001","E18000004","E10000007","E07000039","E05008819"
"DE128DA",10,428744,313057,"E92000001","E19000001","E18000004","E10000007","E07000039","E05008819"
"DE128DB",10,428686,313264,"E92000001","E19000001","E18000004","E10000007","E07000039","E05008819"
"DE128DD",10,428677,313041,"E92000001","E19000001","E18000004","E10000007","E07000039","E05008819"
"DE128DE",10,428660,312999,"E92000001","E19000001","E18000004","E10000007","E07000039","E05008819"
"DE128DF",10,428956,312837,"E92000001","E19000001","E18000004","E10000007","E07000039","E05008819"
"DE128DG",10,424636,315352,"E92000001","E19000001","E18000004","E10000007","E07000039","E05008819"
"DE128DH",10,428436,310419,"E92000001","E19000001","E18000004","E10000018","E07000134","E05010090"
"DE128DJ",10,428720,309438,"E92000001","E19000001","E18000004","E10000018","E07000134","E05010090"
"DE128DL",10,428234,311312,"E92000001","E19000001","E18000004","E10000018","E07000134","E05010090"
"DE128DN",10,428173,310030,"E92000001","E19000001","E18000004","E10000018","E07000134","E05010090"
"DE128DP",10,428600,311424,"E92000001","E19000001","E18000004","E10000018","E07000134","E05010090"
"DE128DQ",10,428614,311760,"E92000001","E19000001","E18000004","E10000018","E07000134","E05010090"
"DE128DR",10,428614,313016,"E92000001","E19000001","E18000004","E10000007","E07000039","E05008819"
"DE128DS",10,428524,311393,"E92000001","E19000001","E18000004","E10000018","E07000134","E05010090"
"DE128DU",10,428584,311529,"E92000001","E19000001","E18000004","E10000018","E07000134","E05010090"
"DE128DW",10,428676,312924,"E92000001","E19000001","E18000004","E10000007","E07000039","E05008819"
"DE128DY",10,426105,315464,"E92000001","E19000001","E18000004","E10000007","E07000039","E05008814"
"DE128DZ",10,425798,314530,"E92000001","E19000001","E18000004","E10000007","E07000039","E05008819"
"DE128EA",10,424364,315255,"E92000001","E19000001","E18000004","E10000007","E07000039","E05008819"
"DE128ED",10,425140,313053,"E92000001","E19000001","E18000004","E10000007","E07000039","E05008819"
"DE128EE",10,423851,312517,"E92000001","E19000001","E18000004","E10000007","E07000039","E05008819"
"DE128EF",10,425035,312842,"E92000001","E19000001","E18000004","E10000007","E07000039","E05008819"
"DE128EG",10,425022,313026,"E92000001","E19000001","E18000004","E10000007","E07000039","E05008819"
"DE128EH",10,424919,313062,"E92000001","E19000001","E18000004","E10000007","E07000039","E05008819"
"DE128EJ",10,424811,313073,"E92000001","E19000001","E18000004","E10000007","E07000039","E05008819"
"DE128EP",10,424512,315026,"E92000001","E19000001","E18000004","E10000007","E07000039","E05008819"
"DE128EQ",10,424997,313136,"E92000001","E19000001","E18000004","E10000007","E07000039","E05008819"
"DE128ER",10,424279,314415,"E92000001","E19000001","E18000004","E10000007","E07000039","E05008819"
"DE128ES",10,424652,315159,"E92000001","E19000001","E18000004","E10000007","E07000039","E05008819"
"DE128ET",10,424527,315240,"E92000001","E19000001","E18000004","E10000007","E07000039","E05008819"
"DE128EU",10,424618,315054,"E92000001","E19000001","E18000004","E10000007","E07000039","E05008819"
"DE128EW",10,424194,314222,"E92000001","E19000001","E18000004","E10000007","E07000039","E05008819"
"DE128EX",10,424873,315149,"E92000001","E19000001","E18000004","E10000007","E07000039","E05008819"
"DE128EY",10,424741,315294,"E92000001","E19000001","E18000004","E10000007","E07000039","E05008819"
"DE128EZ",10,424410,315215,"E92000001","E19000001","E18000004","E10000007","E07000039","E05008819"
"DE128HA",10,424279,315431,"E92000001","E19000001","E18000004","E10000007","E07000039","E05008819"
"DE128HB",10,424266,315328,"E92000001","E19000001","E18000004","E10000007","E07000039","E05008819"
"DE128HD",10,424514,315415,"E92000001","E19000001","E18000004","E10000007","E07000039","E05008819"
"DE128HE",10,424546,315348,"E92000001","E19000001","E18000004","E10000007","E07000039","E05008819"
"DE128HF",10,424467,315354,"E92000001","E19000001","E18000004","E10000007","E07000039","E05008819"
"DE128HG",10,424372,315497,"E92000001","E19000001","E18000004","E10000007","E07000039","E05008819"
"DE128HJ",10,424693,315271,"E92000001","E19000001","E18000004","E10000007","E07000039","E05008819"
"DE128HL",10,424672,315423,"E92000001","E19000001","E18000004","E10000007","E07000039","E05008819"
"DE128HN",10,424594,315901,"E92000001","E19000001","E18000004","E10000007","E07000039","E05008814"
"DE128HR",10,424574,315493,"E92000001","E19000001","E18000004","E10000007","E07000039","E05008819"
"DE128HY",10,424179,316888,"E92000001","E19000001","E18000004","E10000007","E07000039","E05008814"
"DE128HZ",10,424990,316121,"E92000001","E19000001","E18000004","E10000007","E07000039","E05008814"
"DE128JA",10,424817,316417,"E92000001","E19000001","E18000004","E10000007","E07000039","E05008814"
"DE128JB",10,424969,316309,"E92000001","E19000001","E18000004","E10000007","E07000039","E05008814"
"DE128JD",10,424829,316328,"E92000001","E19000001","E18000004","E10000007","E07000039","E05008814"
"DE128JE",10,424659,316550,"E92000001","E19000001","E18000004","E10000007","E07000039","E05008814"
"DE128JF",10,424389,316658,"E92000001","E19000001","E18000004","E10000007","E07000039","E05008814"
"DE128JG",10,424469,316605,"E92000001","E19000001","E18000004","E10000007","E07000039","E05008814"
"DE128JH",10,424555,316527,"E92000001","E19000001","E18000004","E10000007","E07000039","E05008814"
"DE128JL",10,424642,316512,"E92000001","E19000001","E18000004","E10000007","E07000039","E05008814"
"DE128JN",10,424742,317129,"E92000001","E19000001","E18000004","E10000007","E07000039","E05008814"
"DE128JP",10,424242,316654,"E92000001","E19000001","E18000004","E10000007","E07000039","E05008814"
"DE128JQ",10,424231,316683,"E92000001","E19000001","E18000004","E10000007","E07000039","E05008814"
"DE128JR",10,424225,316780,"E92000001","E19000001","E18000004","E10000007","E07000039","E05008814"
"DE128JU",10,424272,316841,"E92000001","E19000001","E18000004","E10000007","E07000039","E05008814"
"DE128JW",10,424454,316699,"E92000001","E19000001","E18000004","E10000007","E07000039","E05008814"
"DE128JX",10,424298,317517,"E92000001","E19000001","E18000004","E10000007","E07000039","E05008814"
"DE128JY",10,424335,317621,"E92000001","E19000001","E18000004","E10000007","E07000039","E05008814"
"DE128LB",10,424291,316648,"E92000001","E19000001","E18000004","E10000007","E07000039","E05008814"
"DE128LL",10,420979,317365,"E92000001","E19000001","E18000004","E10000007","E07000039","E05008819"
"DE128LN",10,420669,315330,"E92000001","E19000001","E18000004","E10000007","E07000039","E05008819"
"DE128LP",10,422373,316563,"E92000001","E19000001","E18000004","E10000007","E07000039","E05008819"
"DE128LR",10,422981,317525,"E92000001","E19000001","E18000004","E10000007","E07000039","E05008819"
"DE128LW",10,422162,315278,"E92000001","E19000001","E18000004","E10000007","E07000039","E05008819"
"DE128LY",10,421756,318203,"E92000001","E19000001","E18000004","E10000007","E07000039","E05008819"
"DE128LZ",10,421532,318075,"E92000001","E19000001","E18000004","E10000007","E07000039","E05008819"
"DE128NA",10,421523,318203,"E92000001","E19000001","E18000004","E10000007","E07000039","E05008819"
"DE128NB",10,421945,318562,"E92000001","E19000001","E18000004","E10000007","E07000039","E05008819"
"DE128ND",10,421888,318211,"E92000001","E19000001","E18000004","E10000007","E07000039","E05008819"
"DE128NE",10,421871,318243,"E92000001","E19000001","E18000004","E10000007","E07000039","E05008819"
"DE128NF",10,422020,318060,"E92000001","E19000001","E18000004","E10000007","E07000039","E05008819"
"DE128NG",10,421946,318051,"E92000001","E19000001","E18000004","E10000007","E07000039","E05008819"
"DE128NH",10,422046,317864,"E92000001","E19000001","E18000004","E10000007","E07000039","E05008819"
"DE128NJ",10,421895,317853,"E92000001","E19000001","E18000004","E10000007","E07000039","E05008819"
"DE128NL",10,421822,317909,"E92000001","E19000001","E18000004","E10000007","E07000039","E05008819"
"DE128NN",10,421848,318137,"E92000001","E19000001","E18000004","E10000007","E07000039","E05008819"
"DE128NP",10,421489,318162,"E92000001","E19000001","E18000004","E10000007","E07000039","E05008819"
"DE128NQ",10,421908,317947,"E92000001","E19000001","E18000004","E10000007","E07000039","E05008819"
"DE128NR",10,421889,318122,"E92000001","E19000001","E18000004","E10000007","E07000039","E05008819"
"DE128NW",10,421822,318000,"E92000001","E19000001","E18000004","E10000007","E07000039","E05008819"
"DE130AA",10,422403,325037,"E92000001","E19000001","E18000005","E10000028","E07000193","E05006934"
"DE130AB",10,422112,325301,"E92000001","E19000001","E18000005","E10000028","E07000193","E05006934"
"DE130AD",10,422964,325859,"E92000001","E19000001","E18000005","E10000028","E07000193","E05006934"
"DE130AE",10,423278,325878,"E92000001","E19000001","E18000005","E10000028","E07000193","E05006934"
"DE130AF",10,424437,325452,"E92000001","E19000001","E18000005","E10000028","E07000193","E05006927"
"DE130AG",10,424408,325426,"E92000001","E19000001","E18000005","E10000028","E07000193","E05006927"
"DE130AH",10,423433,325992,"E92000001","E19000001","E18000005","E10000028","E07000193","E05006934"
"DE130AJ",10,423417,326139,"E92000001","E19000001","E18000005","E10000028","E07000193","E05006934"
"DE130AL",10,423344,326428,"E92000001","E19000001","E18000005","E10000028","E07000193","E05006934"
"DE130AN",10,422888,326540,"E92000001","E19000001","E18000005","E10000028","E07000193","E05006934"
"DE130AP",10,425207,326398,"E92000001","E19000001","E18000005","E10000028","E07000193","E05006932"
"DE130AQ",10,425865,325747,"E92000001","E19000001","E18000005","E10000028","E07000193","E05006932"
"DE130AR",10,425233,324946,"E92000001","E19000001","E18000005","E10000028","E07000193","E05006925"
"DE130AS",10,423705,325963,"E92000001","E19000001","E18000005","E10000028","E07000193","E05006934"
"DE130AT",10,425702,325613,"E92000001","E19000001","E18000005","E10000028","E07000193","E05006925"
"DE130AU",10,425866,326143,"E92000001","E19000001","E18000005","E10000028","E07000193","E05006932"
"DE130AW",10,422917,326730,"E92000001","E19000001","E18000005","E10000028","E07000193","E05006929"
"DE130AY",10,423889,326306,"E92000001","E19000001","E18000005","E10000028","E07000193","E05006932"
"DE130AZ",10,424715,326916,"E92000001","E19000001","E18000005","E10000028","E07000193","E05006932"
"DE130BA",10,424989,326626,"E92000001","E19000001","E18000005","E10000028","E07000193","E05006932"
"DE130BB",10,425651,325601,"E92000001","E19000001","E18000005","E10000028","E07000193","E05006925"
"DE130BD",10,425395,326199,"E92000001","E19000001","E18000005","E10000028","E07000193","E05006932"
"DE130BE",10,425939,325642,"E92000001","E19000001","E18000005","E10000028","E07000193","E05006925"
"DE130BG",10,424752,326054,"E92000001","E19000001","E18000005","E10000028","E07000193","E05006932"
"DE130BH",10,425475,325490,"E92000001","E19000001","E18000005","E10000028","E07000193","E05006925"
"DE130BL",10,425996,326060,"E92000001","E19000001","E18000005","E10000028","E07000193","E05006932"
"DE130BN",10,425535,326186,"E92000001","E19000001","E18000005","E10000028","E07000193","E05006932"
"DE130BP",10,425620,326066,"E92000001","E19000001","E18000005","E10000028","E07000193","E05006925"
"DE130BS",10,425556,326297,"E92000001","E19000001","E18000005","E10000028","E07000193","E05006932"
"DE130BT",10,425669,326401,"E92000001","E19000001","E18000005","E10000028","E07000193","E05006932"
"DE130BU",10,425583,326445,"E92000001","E19000001","E18000005","E10000028","E07000193","E05006932"
"DE130BW",10,425396,326287,"E92000001","E19000001","E18000005","E10000028","E07000193","E05006932"
"DE130BX",10,425512,326459,"E92000001","E19000001","E18000005","E10000028","E07000193","E05006932"
"DE130BY",10,425566,325840,"E92000001","E19000001","E18000005","E10000028","E07000193","E05006925"
"DE130BZ",10,425447,325920,"E92000001","E19000001","E18000005","E10000028","E07000193","E05006925"
"DE130DA",10,426268,325993,"E92000001","E19000001","E18000005","E10000028","E07000193","E05006932"
"DE130DB",10,426400,325807,"E92000001","E19000001","E18000005","E10000028","E07000193","E05006922"
"DE130DD",10,425311,326184,"E92000001","E19000001","E18000005","E10000028","E07000193","E05006932"
"DE130DE",10,425280,326363,"E92000001","E19000001","E18000005","E10000028","E07000193","E05006932"
"DE130DF",10,426050,326039,"E92000001","E19000001","E18000005","E10000028","E07000193","E05006932"
"DE130DG",10,426252,326694,"E92000001","E19000001","E18000005","E10000028","E07000193","E05006932"
"DE130DH",10,425911,326984,"E92000001","E19000001","E18000005","E10000028","E07000193","E05006932"
"DE130DJ",10,425664,327200,"E92000001","E19000001","E18000005","E10000028","E07000193","E05006932"
"DE130DL",10,425662,325450,"E92000001","E19000001","E18000005","E10000028","E07000193","E05006925"
"DE130DN",10,425433,325826,"E92000001","E19000001","E18000005","E10000028","E07000193","E05006925"
"DE130DP",10,425749,325402,"E92000001","E19000001","E18000005","E10000028","E07000193","E05006925"
"DE130DQ",10,426089,326917,"E92000001","E19000001","E18000005","E10000028","E07000193","E05006932"
"DE130DR",10,425829,325496,"E92000001","E19000001","E18000005","E10000028","E07000193","E05006925"
"DE130DS",10,425886,325575,"E92000001","E19000001","E18000005","E10000028","E07000193","E05006925"
"DE130DT",10,425541,325515,"E92000001","E19000001","E18000005","E10000028","E07000193","E05006925"
"DE130DU",10,425314,325843,"E92000001","E19000001","E18000005","E10000028","E07000193","E05006925"
"DE130DW",10,425569,325207,"E92000001","E19000001","E18000005","E10000028","E07000193","E05006925"
"DE130DX",10,425186,325996,"E92000001","E19000001","E18000005","E10000028","E07000193","E05006932"
"DE130DY",10,425156,325859,"E92000001","E19000001","E18000005","E10000028","E07000193","E05006932"
"DE130DZ",10,425307,326241,"E92000001","E19000001","E18000005","E10000028","E07000193","E05006932"
"DE130EA",10,425159,326112,"E92000001","E19000001","E18000005","E10000028","E07000193","E05006932"
"DE130EB",10,425336,326123,"E92000001","E19000001","E18000005","E10000028","E07000193","E05006932"
"DE130ED",10,425279,326041,"E92000001","E19000001","E18000005","E10000028","E07000193","E05006932"
"DE130EE",10,425400,326061,"E92000001","E19000001","E18000005","E10000028","E07000193","E05006932"
"DE130EF",10,424675,326016,"E92000001","E19000001","E18000005","E10000028","E07000193","E05006932"
"DE130EG",10,424615,325759,"E92000001","E19000001","E18000005","E10000028","E07000193","E05006932"
"DE130EH",10,425144,326278,"E92000001","E19000001","E18000005","E10000028","E07000193","E05006932"
"DE130EJ",10,425265,326324,"E92000001","E19000001","E18000005","E10000028","E07000193","E05006932"
"DE130EL",10,425191,326345,"E92000001","E19000001","E18000005","E10000028","E07000193","E05006932"
"DE130EN",10,425049,325995,"E92000001","E19000001","E18000005","E10000028","E07000193","E05006932"
"DE130EP",10,424886,326116,"E92000001","E19000001","E18000005","E10000028","E07000193","E05006932"
"DE130EQ",10,425210,326289,"E92000001","E19000001","E18000005","E10000028","E07000193","E05006932"
"DE130ER",10,424893,326024,"E92000001","E19000001","E18000005","E10000028","E07000193","E05006932"
"DE130ES",10,424975,326025,"E92000001","E19000001","E18000005","E10000028","E07000193","E05006932"
"DE130ET",10,424962,325978,"E92000001","E19000001","E18000005","E10000028","E07000193","E05006932"
"DE130EU",10,424965,325891,"E92000001","E19000001","E18000005","E10000028","E07000193","E05006932"
"DE130EW",10,424702,325891,"E92000001","E19000001","E18000005","E10000028","E07000193","E05006932"
"DE130EX",10,425041,325892,"E92000001","E19000001","E18000005","E10000028","E07000193","E05006932"
"DE130EY",10,424896,325902,"E92000001","E19000001","E18000005","E10000028","E07000193","E05006932"
"DE130EZ",10,424878,325818,"E92000001","E19000001","E18000005","E10000028","E07000193","E05006932"
"DE130FB",10,424867,325767,"E92000001","E19000001","E18000005","E10000028","E07000193","E05006932"
"DE130FD",10,424730,325834,"E92000001","E19000001","E18000005","E10000028","E07000193","E05006932"
"DE130FE",10,425206,326073,"E92000001","E19000001","E18000005","E10000028","E07000193","E05006932"
"DE130FF",10,425105,325779,"E92000001","E19000001","E18000005","E10000028","E07000193","E05006932"
"DE130FG",10,424679,325683,"E92000001","E19000001","E18000005","E10000028","E07000193","E05006932"
"DE130FH",10,424524,325819,"E92000001","E19000001","E18000005","E10000028","E07000193","E05006932"
"DE130FJ",10,425801,326006,"E92000001","E19000001","E18000005","E10000028","E07000193","E05006932"
"DE130FL",10,425875,326047,"E92000001","E19000001","E18000005","E10000028","E07000193","E05006932"
"DE130FN",10,424296,326307,"E92000001","E19000001","E18000005","E10000028","E07000193","E05006932"
"DE130FP",10,424220,326225,"E92000001","E19000001","E18000005","E10000028","E07000193","E05006932"
"DE130FQ",10,425245,325674,"E92000001","E19000001","E18000005","E10000028","E07000193","E05006925"
"DE130FR",10,424206,326282,"E92000001","E19000001","E18000005","E10000028","E07000193","E05006932"
"DE130FS",10,425056,326091,"E92000001","E19000001","E18000005","E10000028","E07000193","E05006932"
"DE130FT",10,425282,326435,"E92000001","E19000001","E18000005","E10000028","E07000193","E05006932"
"DE130FU",10,423749,324717,"E92000001","E19000001","E18000005","E10000028","E07000193","E05006927"
"DE130FW",50,424258,326266,"E92000001","E19000001","E18000005","E10000028","E07000193","E05006932"
"DE130FX",10,424786,325930,"E92000001","E19000001","E18000005","E10000028","E07000193","E05006932"
"DE130FZ",10,425283,326618,"E92000001","E19000001","E18000005","E10000028","E07000193","E05006932"
"DE130GA",10,423822,324697,"E92000001","E19000001","E18000005","E10000028","E07000193","E05006927"
"DE130GB",10,423807,324637,"E92000001","E19000001","E18000005","E10000028","E07000193","E05006927"
"DE130GD",10,423882,324651,"E92000001","E19000001","E18000005","E10000028","E07000193","E05006927"
"DE130GE",10,423950,324634,"E92000001","E19000001","E18000005","E10000028","E07000193","E05006927"
"DE130GF",10,423932,324600,"E92000001","E19000001","E18000005","E10000028","E07000193","E05006927"
"DE130GG",10,423950,324528,"E92000001","E19000001","E18000005","E10000028","E07000193","E05006927"
"DE130GH",10,423883,324445,"E92000001","E19000001","E18000005","E10000028","E07000193","E05006927"
"DE130GJ",10,425198,326503,"E92000001","E19000001","E18000005","E10000028","E07000193","E05006932"
"DE130GL",10,425207,326601,"E92000001","E19000001","E18000005","E10000028","E07000193","E05006932"
"DE130GN",10,425232,326613,"E92000001","E19000001","E18000005","E10000028","E07000193","E05006932"
"DE130GP",10,425195,326662,"E92000001","E19000001","E18000005","E10000028","E07000193","E05006932"
"DE130GQ",10,424028,324584,"E92000001","E19000001","E18000005","E10000028","E07000193","E05006927"
"DE130GR",10,425172,326743,"E92000001","E19000001","E18000005","E10000028","E07000193","E05006932"
"DE130GS",10,425289,326693,"E92000001","E19000001","E18000005","E10000028","E07000193","E05006932"
"DE130GT",10,425299,326590,"E92000001","E19000001","E18000005","E10000028","E07000193","E05006932"
"DE130GU",10,425239,326500,"E92000001","E19000001","E18000005","E10000028","E07000193","E05006932"
"DE130GW",10,425255,326450,"E92000001","E19000001","E18000005","E10000028","E07000193","E05006932"
"DE130GX",10,425339,326596,"E92000001","E19000001","E18000005","E10000028","E07000193","E05006932"
"DE130GY",10,425388,326626,"E92000001","E19000001","E18000005","E10000028","E07000193","E05006932"
"DE130GZ",10,425393,326571,"E92000001","E19000001","E18000005","E10000028","E07000193","E05006932"
"DE130HA",10,424842,326235,"E92000001","E19000001","E18000005","E10000028","E07000193","E05006932"
"DE130HB",10,424292,326127,"E92000001","E19000001","E18000005","E10000028","E07000193","E05006932"
"DE130HD",10,425444,326495,"E92000001","E19000001","E18000005","E10000028","E07000193","E05006932"
"DE130HE",10,425621,326703,"E92000001","E19000001","E18000005","E10000028","E07000193","E05006932"
"DE130HF",10,425817,326834,"E92000001","E19000001","E18000005","E10000028","E07000193","E05006932"
"DE130HG",10,425578,326731,"E92000001","E19000001","E18000005","E10000028","E07000193","E05006932"
"DE130HH",10,425421,326721,"E92000001","E19000001","E18000005","E10000028","E07000193","E05006932"
"DE130HJ",10,425458,326835,"E92000001","E19000001","E18000005","E10000028","E07000193","E05006932"
"DE130HL",10,426053,326998,"E92000001","E19000001","E18000005","E10000028","E07000193","E05006932"
"DE130HN",10,425429,326409,"E92000001","E19000001","E18000005","E10000028","E07000193","E05006932"
"DE130HP",10,424766,326144,"E92000001","E19000001","E18000005","E10000028","E07000193","E05006932"
"DE130HQ",10,425478,326683,"E92000001","E19000001","E18000005","E10000028","E07000193","E05006932"
"DE130HR",10,424966,325750,"E92000001","E19000001","E18000005","E10000028","E07000193","E05006932"
"DE130HS",10,424970,325708,"E92000001","E19000001","E18000005","E10000028","E07000193","E05006932"
"DE130HT",10,425010,325788,"E92000001","E19000001","E18000005","E10000028","E07000193","E05006932"
"DE130HU",10,425039,325778,"E92000001","E19000001","E18000005","E10000028","E07000193","E05006932"
"DE130HW",10,424092,325933,"E92000001","E19000001","E18000005","E10000028","E07000193","E05006932"
"DE130HX",10,424808,325769,"E92000001","E19000001","E18000005","E10000028","E07000193","E05006932"
"DE130HY",10,425759,326484,"E92000001","E19000001","E18000005","E10000028","E07000193","E05006932"
"DE130HZ",10,425850,326558,"E92000001","E19000001","E18000005","E10000028","E07000193","E05006932"
"DE130JA",10,425975,326689,"E92000001","E19000001","E18000005","E10000028","E07000193","E05006932"
"DE130JB",10,425800,326599,"E92000001","E19000001","E18000005","E10000028","E07000193","E05006932"
"DE130JD",10,425675,326560,"E92000001","E19000001","E18000005","E10000028","E07000193","E05006932"
"DE130JE",10,426014,326670,"E92000001","E19000001","E18000005","E10000028","E07000193","E05006932"
"DE130JF",10,425874,326735,"E92000001","E19000001","E18000005","E10000028","E07000193","E05006932"
"DE130JG",10,425976,326890,"E92000001","E19000001","E18000005","E10000028","E07000193","E05006932"
"DE130JH",10,425736,326952,"E92000001","E19000001","E18000005","E10000028","E07000193","E05006932"
"DE130JJ",10,425654,326822,"E92000001","E19000001","E18000005","E10000028","E07000193","E05006932"
"DE130JL",10,424921,325689,"E92000001","E19000001","E18000005","E10000028","E07000193","E05006932"
"DE130JN",10,424858,325614,"E92000001","E19000001","E18000005","E10000028","E07000193","E05006932"
"DE130JP",10,424748,325604,"E92000001","E19000001","E18000005","E10000028","E07000193","E05006932"
"DE130JQ",10,426052,326838,"E92000001","E19000001","E18000005","E10000028","E07000193","E05006932"
"DE130JR",10,424772,325662,"E92000001","E19000001","E18000005","E10000028","E07000193","E05006932"
"DE130JS",10,424817,325635,"E92000001","E19000001","E18000005","E10000028","E07000193","E05006932"
"DE130JT",10,424150,325364,"E92000001","E19000001","E18000005","E10000028","E07000193","E05006927"
"DE130JU",10,424088,325416,"E92000001","E19000001","E18000005","E10000028","E07000193","E05006927"
"DE130JW",10,425319,326439,"E92000001","E19000001","E18000005","E10000028","E07000193","E05006932"
"DE130JY",10,424590,325690,"E92000001","E19000001","E18000005","E10000028","E07000193","E05006927"
"DE130JZ",10,424231,325475,"E92000001","E19000001","E18000005","E10000028","E07000193","E05006927"
"DE130LA",10,425755,325833,"E92000001","E19000001","E18000005","E10000028","E07000193","E05006925"
"DE130LB",10,425692,326011,"E92000001","E19000001","E18000005","E10000028","E07000193","E05006925"
"DE130LD",10,424037,325830,"E92000001","E19000001","E18000005","E10000028","E07000193","E05006934"
"DE130LE",10,424068,325872,"E92000001","E19000001","E18000005","E10000028","E07000193","E05006932"
"DE130LF",10,424129,325358,"E92000001","E19000001","E18000005","E10000028","E07000193","E05006927"
"DE130LG",10,424030,325552,"E92000001","E19000001","E18000005","E10000028","E07000193","E05006927"
"DE130LH",10,424033,325629,"E92000001","E19000001","E18000005","E10000028","E07000193","E05006927"
"DE130LJ",10,424212,325760,"E92000001","E19000001","E18000005","E10000028","E07000193","E05006927"
"DE130LL",10,424282,325864,"E92000001","E19000001","E18000005","E10000028","E07000193","E05006927"
"DE130LN",10,424255,325664,"E92000001","E19000001","E18000005","E10000028","E07000193","E05006927"
"DE130LP",10,424368,325583,"E92000001","E19000001","E18000005","E10000028","E07000193","E05006927"
"DE130LQ",10,424068,325525,"E92000001","E19000001","E18000005","E10000028","E07000193","E05006927"
"DE130LR",10,424371,325550,"E92000001","E19000001","E18000005","E10000028","E07000193","E05006927"
"DE130LS",10,424307,325457,"E92000001","E19000001","E18000005","E10000028","E07000193","E05006927"
"DE130LT",10,424613,325629,"E92000001","E19000001","E18000005","E10000028","E07000193","E05006927"
"DE130LU",10,424372,325405,"E92000001","E19000001","E18000005","E10000028","E07000193","E05006927"
"DE130LW",10,424295,325551,"E92000001","E19000001","E18000005","E10000028","E07000193","E05006927"
"DE130LX",10,424488,325488,"E92000001","E19000001","E18000005","E10000028","E07000193","E05006927"
"DE130LY",10,424565,325492,"E92000001","E19000001","E18000005","E10000028","E07000193","E05006927"
"DE130LZ",10,424368,325262,"E92000001","E19000001","E18000005","E10000028","E07000193","E05006927"
"DE130NA",10,424420,325272,"E92000001","E19000001","E18000005","E10000028","E07000193","E05006927"
"DE130NB",10,424292,325068,"E92000001","E19000001","E18000005","E10000028","E07000193","E05006927"
"DE130ND",10,424460,325537,"E92000001","E19000001","E18000005","E10000028","E07000193","E05006927"
"DE130NE",10,424613,325599,"E92000001","E19000001","E18000005","E10000028","E07000193","E05006927"
"DE130NF",10,424514,325585,"E92000001","E19000001","E18000005","E10000028","E07000193","E05006927"
"DE130NG",10,424530,325668,"E92000001","E19000001","E18000005","E10000028","E07000193","E05006927"
"DE130NH",10,423642,325251,"E92000001","E19000001","E18000005","E10000028","E07000193","E05006927"
"DE130NJ",10,423158,325147,"E92000001","E19000001","E18000005","E10000028","E07000193","E05006934"
"DE130NL",10,423757,325284,"E92000001","E19000001","E18000005","E10000028","E07000193","E05006927"
"DE130NN",10,423363,325241,"E92000001","E19000001","E18000005","E10000028","E07000193","E05006934"
"DE130NP",10,423658,325353,"E92000001","E19000001","E18000005","E10000028","E07000193","E05006927"
"DE130NQ",10,424293,325287,"E92000001","E19000001","E18000005","E10000028","E07000193","E05006927"
"DE130NR",10,423505,325339,"E92000001","E19000001","E18000005","E10000028","E07000193","E05006927"
"DE130NS",10,423434,325316,"E92000001","E19000001","E18000005","E10000028","E07000193","E05006927"
"DE130NT",10,423479,325395,"E92000001","E19000001","E18000005","E10000028","E07000193","E05006927"
"DE130NU",10,423797,325372,"E92000001","E19000001","E18000005","E10000028","E07000193","E05006927"
"DE130NW",10,423477,325230,"E92000001","E19000001","E18000005","E10000028","E07000193","E05006927"
"DE130NX",10,423723,325522,"E92000001","E19000001","E18000005","E10000028","E07000193","E05006927"
"DE130NY",10,423522,325751,"E92000001","E19000001","E18000005","E10000028","E07000193","E05006934"
"DE130NZ",10,423573,325783,"E92000001","E19000001","E18000005","E10000028","E07000193","E05006934"
"DE130PA",10,423565,325445,"E92000001","E19000001","E18000005","E10000028","E07000193","E05006927"
"DE130PB",10,423387,325486,"E92000001","E19000001","E18000005","E10000028","E07000193","E05006934"
"DE130PD",10,425797,326199,"E92000001","E19000001","E18000005","E10000028","E07000193","E05006932"
"DE130PE",10,425894,326276,"E92000001","E19000001","E18000005","E10000028","E07000193","E05006932"
"DE130PF",10,426018,326308,"E92000001","E19000001","E18000005","E10000028","E07000193","E05006932"
"DE130PG",10,423723,325648,"E92000001","E19000001","E18000005","E10000028","E07000193","E05006934"
"DE130PH",10,423651,324852,"E92000001","E19000001","E18000005","E10000028","E07000193","E05006927"
"DE130PJ",10,423561,324936,"E92000001","E19000001","E18000005","E10000028","E07000193","E05006927"
"DE130PL",10,423422,324998,"E92000001","E19000001","E18000005","E10000028","E07000193","E05006927"
"DE130PN",10,423635,325146,"E92000001","E19000001","E18000005","E10000028","E07000193","E05006927"
"DE130PP",10,423475,325096,"E92000001","E19000001","E18000005","E10000028","E07000193","E05006927"
"DE130PQ",10,423452,325634,"E92000001","E19000001","E18000005","E10000028","E07000193","E05006934"
"DE130PR",10,423723,325012,"E92000001","E19000001","E18000005","E10000028","E07000193","E05006927"
"DE130PS",10,423693,325051,"E92000001","E19000001","E18000005","E10000028","E07000193","E05006927"
"DE130PT",10,423630,325066,"E92000001","E19000001","E18000005","E10000028","E07000193","E05006927"
"DE130PU",10,423380,324715,"E92000001","E19000001","E18000005","E10000028","E07000193","E05006927"
"DE130PW",10,423487,325048,"E92000001","E19000001","E18000005","E10000028","E07000193","E05006927"
"DE130PX",10,423417,324886,"E92000001","E19000001","E18000005","E10000028","E07000193","E05006927"
"DE130PY",10,423252,324710,"E92000001","E19000001","E18000005","E10000028","E07000193","E05006927"
"DE130PZ",10,423196,324824,"E92000001","E19000001","E18000005","E10000028","E07000193","E05006927"
"DE130QA",10,423368,325089,"E92000001","E19000001","E18000005","E10000028","E07000193","E05006927"
"DE130QB",10,423280,325032,"E92000001","E19000001","E18000005","E10000028","E07000193","E05006927"
"DE130QD",10,423325,325059,"E92000001","E19000001","E18000005","E10000028","E07000193","E05006927"
"DE130QE",10,423345,324940,"E92000001","E19000001","E18000005","E10000028","E07000193","E05006927"
"DE130QF",10,423254,324999,"E92000001","E19000001","E18000005","E10000028","E07000193","E05006927"
"DE130QG",10,423301,324801,"E92000001","E19000001","E18000005","E10000028","E07000193","E05006927"
"DE130QH",10,422847,324415,"E92000001","E19000001","E18000005","E10000028","E07000193","E05006934"
"DE130QJ",10,422184,323046,"E92000001","E19000001","E18000005","E10000028","E07000193","E05006920"
"DE130QL",10,422940,324778,"E92000001","E19000001","E18000005","E10000028","E07000193","E05006927"
"DE130QN",10,424244,325288,"E92000001","E19000001","E18000005","E10000028","E07000193","E05006927"
"DE130QP",10,424332,325322,"E92000001","E19000001","E18000005","E10000028","E07000193","E05006927"
"DE130QQ",10,426004,326181,"E92000001","E19000001","E18000005","E10000028","E07000193","E05006932"
"DE130QR",10,424229,325330,"E92000001","E19000001","E18000005","E10000028","E07000193","E05006927"
"DE130QS",10,423333,325670,"E92000001","E19000001","E18000005","E10000028","E07000193","E05006934"
"DE130QT",10,422883,324447,"E92000001","E19000001","E18000005","E10000028","E07000193","E05006934"
"DE130QU",10,422908,324591,"E92000001","E19000001","E18000005","E10000028","E07000193","E05006934"
"DE130QX",10,422905,324541,"E92000001","E19000001","E18000005","E10000028","E07000193","E05006934"
"DE130QY",10,423060,324702,"E92000001","E19000001","E18000005","E10000028","E07000193","E05006927"
"DE130QZ",10,423425,324697,"E92000001","E19000001","E18000005","E10000028","E07000193","E05006927"
"DE130RA",10,423497,324340,"E92000001","E19000001","E18000005","E10000028","E07000193","E05006927"
"DE130RB",10,423255,324526,"E92000001","E19000001","E18000005","E10000028","E07000193","E05006927"
"DE130RD",10,423220,324666,"E92000001","E19000001","E18000005","E10000028","E07000193","E05006927"
"DE130RE",10,423442,324612,"E92000001","E19000001","E18000005","E10000028","E07000193","E05006927"
"DE130RF",10,423608,324476,"E92000001","E19000001","E18000005","E10000028","E07000193","E05006927"
"DE130RG",10,423735,324367,"E92000001","E19000001","E18000005","E10000028","E07000193","E05006927"
"DE130RH",10,423372,325773,"E92000001","E19000001","E18000005","E10000028","E07000193","E05006934"
"DE130RJ",10,426041,326401,"E92000001","E19000001","E18000005","E10000028","E07000193","E05006932"
"DE130RL",10,426063,326321,"E92000001","E19000001","E18000005","E10000028","E07000193","E05006932"
"DE130RN",10,424227,325057,"E92000001","E19000001","E18000005","E10000028","E07000193","E05006927"
"DE130RP",10,424080,325218,"E92000001","E19000001","E18000005","E10000028","E07000193","E05006927"
"DE130RQ",10,423773,324385,"E92000001","E19000001","E18000005","E10000028","E07000193","E05006927"
"DE130RR",10,425495,327546,"E92000001","E19000001","E18000005","E10000028","E07000193","E05006929"
"DE130RS",10,423556,324369,"E92000001","E19000001","E18000005","E10000028","E07000193","E05006927"
"DE130RT",10,423568,324723,"E92000001","E19000001","E18000005","E10000028","E07000193","E05006927"
"DE130RU",10,423509,324759,"E92000001","E19000001","E18000005","E10000028","E07000193","E05006927"
"DE130RW",10,423307,325587,"E92000001","E19000001","E18000005","E10000028","E07000193","E05006934"
"DE130RX",10,423473,324815,"E92000001","E19000001","E18000005","E10000028","E07000193","E05006927"
"DE130RY",10,423312,324849,"E92000001","E19000001","E18000005","E10000028","E07000193","E05006927"
"DE130RZ",10,423610,324757,"E92000001","E19000001","E18000005","E10000028","E07000193","E05006927"
"DE130SA",10,423752,324808,"E92000001","E19000001","E18000005","E10000028","E07000193","E05006927"
"DE130SB",10,423896,324741,"E92000001","E19000001","E18000005","E10000028","E07000193","E05006927"
"DE130SD",10,424078,324660,"E92000001","E19000001","E18000005","E10000028","E07000193","E05006927"
"DE130SE",10,424246,324723,"E92000001","E19000001","E18000005","E10000028","E07000193","E05006927"
"DE130SF",10,424400,324735,"E92000001","E19000001","E18000005","E10000028","E07000193","E05006925"
"DE130SG",10,424192,324910,"E92000001","E19000001","E18000005","E10000028","E07000193","E05006927"
"DE130SH",10,424452,324974,"E92000001","E19000001","E18000005","E10000028","E07000193","E05006927"
"DE130SJ",10,424381,324836,"E92000001","E19000001","E18000005","E10000028","E07000193","E05006927"
"DE130SL",10,424309,324817,"E92000001","E19000001","E18000005","E10000028","E07000193","E05006927"
"DE130SP",10,424056,325183,"E92000001","E19000001","E18000005","E10000028","E07000193","E05006927"
"DE130SQ",10,424393,325103,"E92000001","E19000001","E18000005","E10000028","E07000193","E05006927"
"DE130SR",10,424132,325133,"E92000001","E19000001","E18000005","E10000028","E07000193","E05006927"
"DE130SS",10,424296,324943,"E92000001","E19000001","E18000005","E10000028","E07000193","E05006927"
"DE130ST",10,424187,325099,"E92000001","E19000001","E18000005","E10000028","E07000193","E05006927"
"DE130SU",10,424413,325023,"E92000001","E19000001","E18000005","E10000028","E07000193","E05006927"
"DE130SW",10,424260,324949,"E92000001","E19000001","E18000005","E10000028","E07000193","E05006927"
"DE130SX",10,423957,325205,"E92000001","E19000001","E18000005","E10000028","E07000193","E05006927"
"DE130SY",10,424507,325171,"E92000001","E19000001","E18000005","E10000028","E07000193","E05006927"
"DE130SZ",10,423918,325210,"E92000001","E19000001","E18000005","E10000028","E07000193","E05006927"
"DE130TA",10,423908,325157,"E92000001","E19000001","E18000005","E10000028","E07000193","E05006927"
"DE130TB",10,423873,325042,"E92000001","E19000001","E18000005","E10000028","E07000193","E05006927"
"DE130TD",10,424010,325120,"E92000001","E19000001","E18000005","E10000028","E07000193","E05006927"
"DE130TE",10,423828,324935,"E92000001","E19000001","E18000005","E10000028","E07000193","E05006927"
"DE130TF",10,423859,324942,"E92000001","E19000001","E18000005","E10000028","E07000193","E05006927"
"DE130TG",10,424072,325031,"E92000001","E19000001","E18000005","E10000028","E07000193","E05006927"
"DE130TH",10,424058,324862,"E92000001","E19000001","E18000005","E10000028","E07000193","E05006927"
"DE130TJ",10,424047,324753,"E92000001","E19000001","E18000005","E10000028","E07000193","E05006927"
"DE130TL",10,423939,324914,"E92000001","E19000001","E18000005","E10000028","E07000193","E05006927"
"DE130TN",10,424159,324909,"E92000001","E19000001","E18000005","E10000028","E07000193","E05006927"
"DE130TP",10,424123,324802,"E92000001","E19000001","E18000005","E10000028","E07000193","E05006927"
"DE130TQ",10,424180,324987,"E92000001","E19000001","E18000005","E10000028","E07000193","E05006927"
"DE130TR",10,424141,324788,"E92000001","E19000001","E18000005","E10000028","E07000193","E05006927"
"DE130TS",10,424188,324769,"E92000001","E19000001","E18000005","E10000028","E07000193","E05006927"
"DE130TT",10,424220,324787,"E92000001","E19000001","E18000005","E10000028","E07000193","E05006927"
"DE130TU",10,424139,325088,"E92000001","E19000001","E18000005","E10000028","E07000193","E05006927"
"DE130TW",10,424020,324971,"E92000001","E19000001","E18000005","E10000028","E07000193","E05006927"
"DE130TX",10,424598,325149,"E92000001","E19000001","E18000005","E10000028","E07000193","E05006927"
"DE130TY",10,424579,325295,"E92000001","E19000001","E18000005","E10000028","E07000193","E05006927"
"DE130TZ",50,424580,325294,"E92000001","E19000001","E18000005","E10000028","E07000193","E05006927"
"DE130UA",10,423954,325262,"E92000001","E19000001","E18000005","E10000028","E07000193","E05006927"
"DE130UF",10,423699,324610,"E92000001","E19000001","E18000005","E10000028","E07000193","E05006927"
"DE130UG",10,423690,324692,"E92000001","E19000001","E18000005","E10000028","E07000193","E05006927"
"DE130UH",10,423599,324571,"E92000001","E19000001","E18000005","E10000028","E07000193","E05006927"
"DE130UJ",10,423608,324644,"E92000001","E19000001","E18000005","E10000028","E07000193","E05006927"
"DE130UL",10,423689,324788,"E92000001","E19000001","E18000005","E10000028","E07000193","E05006927"
"DE130UN",10,423764,325024,"E92000001","E19000001","E18000005","E10000028","E07000193","E05006927"
"DE130UP",10,423821,325154,"E92000001","E19000001","E18000005","E10000028","E07000193","E05006927"
"DE130UQ",10,423659,324640,"E92000001","E19000001","E18000005","E10000028","E07000193","E05006927"
"DE130UR",10,423888,325339,"E92000001","E19000001","E18000005","E10000028","E07000193","E05006927"
"DE130UT",10,423849,325416,"E92000001","E19000001","E18000005","E10000028","E07000193","E05006927"
"DE130UU",10,423863,325461,"E92000001","E19000001","E18000005","E10000028","E07000193","E05006927"
"DE130UW",10,423780,324939,"E92000001","E19000001","E18000005","E10000028","E07000193","E05006927"
"DE130UX",10,423810,325571,"E92000001","E19000001","E18000005","E10000028","E07000193","E05006927"
"DE130UY",10,423870,325497,"E92000001","E19000001","E18000005","E10000028","E07000193","E05006927"
"DE130UZ",10,423920,325598,"E92000001","E19000001","E18000005","E10000028","E07000193","E05006927"
"DE130WB",10,424587,325428,"E92000001","E19000001","E18000005","E10000028","E07000193","E05006932"
"DE130WD",10,424596,325355,"E92000001","E19000001","E18000005","E10000028","E07000193","E05006932"
"DE130WE",10,424652,325353,"E92000001","E19000001","E18000005","E10000028","E07000193","E05006932"
"DE130WF",10,424684,325299,"E92000001","E19000001","E18000005","E10000028","E07000193","E05006932"
"DE130WG",10,424735,325558,"E92000001","E19000001","E18000005","E10000028","E07000193","E05006932"
"DE130WH",10,424715,325517,"E92000001","E19000001","E18000005","E10000028","E07000193","E05006932"
"DE130WJ",10,424772,325417,"E92000001","E19000001","E18000005","E10000028","E07000193","E05006932"
"DE130WQ",10,424683,325467,"E92000001","E19000001","E18000005","E10000028","E07000193","E05006932"
"DE130WR",10,425089,324308,"E92000001","E19000001","E18000005","E10000028","E07000193","E05006922"
"DE130WZ",10,425089,324308,"E92000001","E19000001","E18000005","E10000028","E07000193","E05006922"
"DE130XE",10,423992,325423,"E92000001","E19000001","E18000005","E10000028","E07000193","E05006927"
"DE130XF",10,423959,325346,"E92000001","E19000001","E18000005","E10000028","E07000193","E05006927"
"DE130XG",10,424062,325409,"E92000001","E19000001","E18000005","E10000028","E07000193","E05006927"
"DE130XJ",10,424479,325971,"E92000001","E19000001","E18000005","E10000028","E07000193","E05006932"
"DE130XP",10,424098,326200,"E92000001","E19000001","E18000005","E10000028","E07000193","E05006932"
"DE130XQ",10,424071,325287,"E92000001","E19000001","E18000005","E10000028","E07000193","E05006927"
"DE130XR",10,423970,326357,"E92000001","E19000001","E18000005","E10000028","E07000193","E05006932"
"DE130XS",10,424382,326198,"E92000001","E19000001","E18000005","E10000028","E07000193","E05006932"
"DE130XT",10,424168,326262,"E92000001","E19000001","E18000005","E10000028","E07000193","E05006932"
"DE130XU",10,424420,326254,"E92000001","E19000001","E18000005","E10000028","E07000193","E05006932"
"DE130XX",10,423924,326447,"E92000001","E19000001","E18000005","E10000028","E07000193","E05006932"
"DE130XY",10,424022,326219,"E92000001","E19000001","E18000005","E10000028","E07000193","E05006932"
"DE130XZ",10,424039,326362,"E92000001","E19000001","E18000005","E10000028","E07000193","E05006932"
"DE130YA",10,424061,326486,"E92000001","E19000001","E18000005","E10000028","E07000193","E05006932"
"DE130YB",10,424112,326399,"E92000001","E19000001","E18000005","E10000028","E07000193","E05006932"
"DE130YD",10,424065,326342,"E92000001","E19000001","E18000005","E10000028","E07000193","E05006932"
"DE130YE",10,424104,326316,"E92000001","E19000001","E18000005","E10000028","E07000193","E05006932"
"DE130YG",10,424255,326403,"E92000001","E19000001","E18000005","E10000028","E07000193","E05006932"
"DE130YH",10,424455,326307,"E92000001","E19000001","E18000005","E10000028","E07000193","E05006932"
"DE130YJ",10,424528,326229,"E92000001","E19000001","E18000005","E10000028","E07000193","E05006932"
"DE130YL",10,425089,324308,"E92000001","E19000001","E18000005","E10000028","E07000193","E05006922"
"DE130YQ",10,424373,326352,"E92000001","E19000001","E18000005","E10000028","E07000193","E05006932"
"DE130ZT",10,425089,324308,"E92000001","E19000001","E18000005","E10000028","E07000193","E05006922"
"DE130ZZ",10,425089,324308,"E92000001","E19000001","E18000005","E10000028","E07000193","E05006922"
"DE137AA",10,417469,314959,"E92000001","E19000001","E18000005","E10000028","E07000194","E05010651"
"DE137AB",10,417136,314164,"E92000001","E19000001","E18000005","E10000028","E07000194","E05010651"
"DE137AD",10,417057,314993,"E92000001","E19000001","E18000005","E10000028","E07000194","E05010651"
"DE137AE",10,417173,315017,"E92000001","E19000001","E18000005","E10000028","E07000194","E05010651"
"DE137AG",10,417214,315174,"E92000001","E19000001","E18000005","E10000028","E07000194","E05010651"
"DE137AH",10,417419,315028,"E92000001","E19000001","E18000005","E10000028","E07000194","E05010651"
"DE137AJ",10,417361,315106,"E92000001","E19000001","E18000005","E10000028","E07000194","E05010651"
"DE137AL",10,417120,315162,"E92000001","E19000001","E18000005","E10000028","E07000194","E05010651"
"DE137AN",10,417170,315139,"E92000001","E19000001","E18000005","E10000028","E07000194","E05010651"
"DE137AP",10,417294,315207,"E92000001","E19000001","E18000005","E10000028","E07000194","E05010651"
"DE137AR",10,418242,314475,"E92000001","E19000001","E18000005","E10000028","E07000194","E05010651"
"DE137AS",10,417289,315080,"E92000001","E19000001","E18000005","E10000028","E07000194","E05010651"
"DE137AT",10,417553,315089,"E92000001","E19000001","E18000005","E10000028","E07000194","E05010651"
"DE137AU",10,417658,315121,"E92000001","E19000001","E18000005","E10000028","E07000194","E05010651"
"DE137AW",10,417746,315147,"E92000001","E19000001","E18000005","E10000028","E07000194","E05010651"
"DE137AX",10,417483,314721,"E92000001","E19000001","E18000005","E10000028","E07000194","E05010651"
"DE137AY",10,417465,314830,"E92000001","E19000001","E18000005","E10000028","E07000194","E05010651"
"DE137AZ",10,417363,314843,"E92000001","E19000001","E18000005","E10000028","E07000194","E05010651"
"DE137BA",10,417918,315231,"E92000001","E19000001","E18000005","E10000028","E07000194","E05010651"
"DE137BB",10,417673,315009,"E92000001","E19000001","E18000005","E10000028","E07000194","E05010651"
"DE137BD",10,417687,314818,"E92000001","E19000001","E18000005","E10000028","E07000194","E05010651"
"DE137BE",10,416879,315158,"E92000001","E19000001","E18000005","E10000028","E07000194","E05010651"
"DE137BF",10,416784,315398,"E92000001","E19000001","E18000005","E10000028","E07000194","E05010651"
"DE137BG",10,416934,315155,"E92000001","E19000001","E18000005","E10000028","E07000194","E05010651"
"DE137BS",10,417024,315164,"E92000001","E19000001","E18000005","E10000028","E07000194","E05010651"
"DE137BT",10,416842,315315,"E92000001","E19000001","E18000005","E10000028","E07000194","E05010651"
"DE137BX",10,416707,315191,"E92000001","E19000001","E18000005","E10000028","E07000194","E05010651"
"DE137BY",10,416638,315357,"E92000001","E19000001","E18000005","E10000028","E07000194","E05010651"
"DE137DA",10,416621,315108,"E92000001","E19000001","E18000005","E10000028","E07000194","E05010651"
"DE137DB",10,416600,314982,"E92000001","E19000001","E18000005","E10000028","E07000194","E05010651"
"DE137DD",10,416137,315249,"E92000001","E19000001","E18000005","E10000028","E07000194","E05010651"
"DE137DE",10,415242,315601,"E92000001","E19000001","E18000005","E10000028","E07000194","E05010651"
"DE137DF",10,415895,315730,"E92000001","E19000001","E18000005","E10000028","E07000194","E05010651"
"DE137DG",10,414950,315999,"E92000001","E19000001","E18000005","E10000028","E07000194","E05010651"
"DE137DH",10,414670,315799,"E92000001","E19000001","E18000005","E10000028","E07000194","E05010651"
"DE137DJ",10,416694,314699,"E92000001","E19000001","E18000005","E10000028","E07000194","E05010651"
"DE137DL",10,414315,314433,"E92000001","E19000001","E18000005","E10000028","E07000194","E05010651"
"DE137DN",10,414052,314039,"E92000001","E19000001","E18000005","E10000028","E07000194","E05010651"
"DE137DP",10,415216,314141,"E92000001","E19000001","E18000005","E10000028","E07000194","E05010651"
"DE137DQ",10,414385,315869,"E92000001","E19000001","E18000005","E10000028","E07000194","E05010651"
"DE137DR",10,417459,315164,"E92000001","E19000001","E18000005","E10000028","E07000194","E05010651"
"DE137DS",10,416851,314572,"E92000001","E19000001","E18000005","E10000028","E07000194","E05010651"
"DE137DT",10,416808,315144,"E92000001","E19000001","E18000005","E10000028","E07000194","E05010651"
"DE137DW",10,414450,314142,"E92000001","E19000001","E18000005","E10000028","E07000194","E05010651"
"DE137DY",10,414386,316048,"E92000001","E19000001","E18000005","E10000028","E07000194","E05010651"
"DE137EA",10,416946,314693,"E92000001","E19000001","E18000005","E10000028","E07000194","E05010651"
"DE137EB",10,417408,314737,"E92000001","E19000001","E18000005","E10000028","E07000194","E05010651"
"DE137ED",10,416844,315051,"E92000001","E19000001","E18000005","E10000028","E07000194","E05010651"
"DE137EE",10,417178,314922,"E92000001","E19000001","E18000005","E10000028","E07000194","E05010651"
"DE137EF",10,417195,314845,"E92000001","E19000001","E18000005","E10000028","E07000194","E05010651"
"DE137EG",10,416944,314926,"E92000001","E19000001","E18000005","E10000028","E07000194","E05010651"
"DE137EH",10,416799,314782,"E92000001","E19000001","E18000005","E10000028","E07000194","E05010651"
"DE137EJ",10,417045,314568,"E92000001","E19000001","E18000005","E10000028","E07000194","E05010651"
"DE137EL",10,416757,314839,"E92000001","E19000001","E18000005","E10000028","E07000194","E05010651"
"DE137EN",10,416829,314925,"E92000001","E19000001","E18000005","E10000028","E07000194","E05010651"
"DE137EP",10,417066,314611,"E92000001","E19000001","E18000005","E10000028","E07000194","E05010651"
"DE137EQ",10,416912,314742,"E92000001","E19000001","E18000005","E10000028","E07000194","E05010651"
"DE137ER",10,417018,314862,"E92000001","E19000001","E18000005","E10000028","E07000194","E05010651"
"DE137ES",10,417041,314699,"E92000001","E19000001","E18000005","E10000028","E07000194","E05010651"
"DE137ET",10,417131,314777,"E92000001","E19000001","E18000005","E10000028","E07000194","E05010651"
"DE137EU",10,417098,314695,"E92000001","E19000001","E18000005","E10000028","E07000194","E05010651"
"DE137EW",10,416737,314635,"E92000001","E19000001","E18000005","E10000028","E07000194","E05010651"
"DE137EX",10,417128,315139,"E92000001","E19000001","E18000005","E10000028","E07000194","E05010651"
"DE137EY",10,417377,314702,"E92000001","E19000001","E18000005","E10000028","E07000194","E05010651"
"DE137EZ",10,417304,314649,"E92000001","E19000001","E18000005","E10000028","E07000194","E05010651"
"DE137FB",10,417008,314977,"E92000001","E19000001","E18000005","E10000028","E07000194","E05010651"
"DE137FD",10,417005,314944,"E92000001","E19000001","E18000005","E10000028","E07000194","E05010651"
"DE137FE",10,417030,314529,"E92000001","E19000001","E18000005","E10000028","E07000194","E05010651"
"DE137FF",10,416944,314540,"E92000001","E19000001","E18000005","E10000028","E07000194","E05010651"
"DE137FG",10,416893,314905,"E92000001","E19000001","E18000005","E10000028","E07000194","E05010651"
"DE137FH",10,417123,315099,"E92000001","E19000001","E18000005","E10000028","E07000194","E05010651"
"DE137HA",10,417227,314552,"E92000001","E19000001","E18000005","E10000028","E07000194","E05010651"
"DE137HB",10,417284,314843,"E92000001","E19000001","E18000005","E10000028","E07000194","E05010651"
"DE137HE",10,412214,316882,"E92000001","E19000001","E18000005","E10000028","E07000194","E05010652"
"DE137HJ",10,412638,316641,"E92000001","E19000001","E18000005","E10000028","E07000194","E05010652"
"DE137HL",10,412711,316702,"E92000001","E19000001","E18000005","E10000028","E07000194","E05010652"
"DE137HN",10,412742,316443,"E92000001","E19000001","E18000005","E10000028","E07000194","E05010652"
"DE137HP",10,412743,316777,"E92000001","E19000001","E18000005","E10000028","E07000194","E05010652"
"DE137HR",10,413322,316741,"E92000001","E19000001","E18000005","E10000028","E07000194","E05010652"
"DE137HS",10,412931,316722,"E92000001","E19000001","E18000005","E10000028","E07000194","E05010652"
"DE137HT",10,412490,316887,"E92000001","E19000001","E18000005","E10000028","E07000194","E05010652"
"DE137HU",10,412555,316906,"E92000001","E19000001","E18000005","E10000028","E07000194","E05010652"
"DE137HW",10,412524,316755,"E92000001","E19000001","E18000005","E10000028","E07000194","E05010652"
"DE137HX",10,412430,316703,"E92000001","E19000001","E18000005","E10000028","E07000194","E05010652"
"DE137HY",10,412528,316688,"E92000001","E19000001","E18000005","E10000028","E07000194","E05010652"
"DE137HZ",10,412025,316841,"E92000001","E19000001","E18000005","E10000028","E07000194","E05010652"
"DE137JA",10,411698,316832,"E92000001","E19000001","E18000005","E10000028","E07000194","E05010652"
"DE137JB",10,411898,316991,"E92000001","E19000001","E18000005","E10000028","E07000194","E05010652"
"DE137JE",10,412062,316666,"E92000001","E19000001","E18000005","E10000028","E07000194","E05010652"
"DE137JF",10,412229,316190,"E92000001","E19000001","E18000005","E10000028","E07000194","E05010652"
"DE137JG",10,410855,316367,"E92000001","E19000001","E18000005","E10000028","E07000194","E05010652"
"DE137JH",10,411996,316891,"E92000001","E19000001","E18000005","E10000028","E07000194","E05010652"
"DE137JJ",10,412182,316952,"E92000001","E19000001","E18000005","E10000028","E07000194","E05010652"
"DE137JL",10,412199,316973,"E92000001","E19000001","E18000005","E10000028","E07000194","E05010652"
"DE137JN",10,412092,316918,"E92000001","E19000001","E18000005","E10000028","E07000194","E05010652"
"DE137JP",10,412317,316909,"E92000001","E19000001","E18000005","E10000028","E07000194","E05010652"
"DE137JQ",10,411380,316107,"E92000001","E19000001","E18000005","E10000028","E07000194","E05010652"
"DE137JR",10,411995,316657,"E92000001","E19000001","E18000005","E10000028","E07000194","E05010652"
"DE137JS",10,412293,316730,"E92000001","E19000001","E18000005","E10000028","E07000194","E05010652"
"DE137JT",10,411995,316723,"E92000001","E19000001","E18000005","E10000028","E07000194","E05010652"
"DE137JU",10,411963,316582,"E92000001","E19000001","E18000005","E10000028","E07000194","E05010652"
"DE137JW",10,412824,316705,"E92000001","E19000001","E18000005","E10000028","E07000194","E05010652"
"DE137JY",10,411943,316754,"E92000001","E19000001","E18000005","E10000028","E07000194","E05010652"
"DE137JZ",10,412258,317011,"E92000001","E19000001","E18000005","E10000028","E07000194","E05010652"
"DE137LA",10,412051,316556,"E92000001","E19000001","E18000005","E10000028","E07000194","E05010652"
"DE137LB",10,425089,324308,"E92000001","E19000001","E18000005","E10000028","E07000193","E05006922"
"DE137LD",10,412082,316582,"E92000001","E19000001","E18000005","E10000028","E07000194","E05010652"
"DE137LR",10,418131,314899,"E92000001","E19000001","E18000005","E10000028","E07000194","E05010651"
"DE137ZU",10,425089,324308,"E92000001","E19000001","E18000005","E10000028","E07000193","E05006922"
"DE138AA",10,418740,318616,"E92000001","E19000001","E18000005","E10000028","E07000193","E05006928"
"DE138AB",10,418369,318725,"E92000001","E19000001","E18000005","E10000028","E07000193","E05006928"
"DE138AD",10,413580,319166,"E92000001","E19000001","E18000005","E10000028","E07000193","E05006937"
"DE138AE",10,418670,318573,"E92000001","E19000001","E18000005","E10000028","E07000193","E05006928"
"DE138AF",10,418678,318717,"E92000001","E19000001","E18000005","E10000028","E07000193","E05006928"
"DE138AG",10,417705,319075,"E92000001","E19000001","E18000005","E10000028","E07000193","E05006928"
"DE138AH",10,417221,319267,"E92000001","E19000001","E18000005","E10000028","E07000193","E05006928"
"DE138AJ",10,417353,318116,"E92000001","E19000001","E18000005","E10000028","E07000193","E05006928"
"DE138AL",10,417943,317863,"E92000001","E19000001","E18000005","E10000028","E07000193","E05006928"
"DE138AN",10,418231,317959,"E92000001","E19000001","E18000005","E10000028","E07000193","E05006928"
"DE138AP",10,417631,319475,"E92000001","E19000001","E18000005","E10000028","E07000193","E05006928"
"DE138AQ",10,417362,319312,"E92000001","E19000001","E18000005","E10000028","E07000193","E05006928"
"DE138AR",10,419105,318487,"E92000001","E19000001","E18000005","E10000028","E07000193","E05006928"
"DE138AS",10,419750,318104,"E92000001","E19000001","E18000005","E10000028","E07000193","E05006928"
"DE138AT",10,418747,318704,"E92000001","E19000001","E18000005","E10000028","E07000193","E05006928"
"DE138AU",10,418954,318785,"E92000001","E19000001","E18000005","E10000028","E07000193","E05006928"
"DE138AW",10,418192,317631,"E92000001","E19000001","E18000005","E10000028","E07000193","E05006928"
"DE138AX",10,418857,318708,"E92000001","E19000001","E18000005","E10000028","E07000193","E05006928"
"DE138AY",10,419100,319161,"E92000001","E19000001","E18000005","E10000028","E07000193","E05006928"
"DE138AZ",10,418939,318618,"E92000001","E19000001","E18000005","E10000028","E07000193","E05006928"
"DE138BA",10,419066,318976,"E92000001","E19000001","E18000005","E10000028","E07000193","E05006928"
"DE138BB",10,419331,318288,"E92000001","E19000001","E18000005","E10000028","E07000193","E05006928"
"DE138BD",10,419842,319973,"E92000001","E19000001","E18000005","E10000028","E07000193","E05006928"
"DE138BE",10,418382,320638,"E92000001","E19000001","E18000005","E10000028","E07000193","E05006928"
"DE138BF",10,418708,318625,"E92000001","E19000001","E18000005","E10000028","E07000193","E05006928"
"DE138BG",10,418855,321029,"E92000001","E19000001","E18000005","E10000028","E07000193","E05006928"
"DE138BH",10,418357,319957,"E92000001","E19000001","E18000005","E10000028","E07000193","E05006928"
"DE138BJ",10,417351,320783,"E92000001","E19000001","E18000005","E10000028","E07000193","E05006928"
"DE138BL",10,417537,320626,"E92000001","E19000001","E18000005","E10000028","E07000193","E05006928"
"DE138BN",10,416611,320898,"E92000001","E19000001","E18000005","E10000028","E07000193","E05006937"
"DE138BP",10,417305,320023,"E92000001","E19000001","E18000005","E10000028","E07000193","E05006928"
"DE138BQ",10,417919,320753,"E92000001","E19000001","E18000005","E10000028","E07000193","E05006928"
"DE138BS",10,416122,319155,"E92000001","E19000001","E18000005","E10000028","E07000193","E05006928"
"DE138BT",10,415965,318331,"E92000001","E19000001","E18000005","E10000028","E07000193","E05006928"
"DE138BU",10,416744,316642,"E92000001","E19000001","E18000005","E10000028","E07000193","E05006928"
"DE138BW",10,414942,320866,"E92000001","E19000001","E18000005","E10000028","E07000193","E05006937"
"DE138BX",10,419905,317603,"E92000001","E19000001","E18000005","E10000028","E07000193","E05006928"
"DE138BY",10,417724,316226,"E92000001","E19000001","E18000005","E10000028","E07000193","E05006928"
"DE138BZ",10,418601,316162,"E92000001","E19000001","E18000005","E10000028","E07000193","E05006928"
"DE138DA",10,419245,316838,"E92000001","E19000001","E18000005","E10000028","E07000193","E05006928"
"DE138DB",10,418206,318309,"E92000001","E19000001","E18000005","E10000028","E07000193","E05006928"
"DE138DD",10,418335,318367,"E92000001","E19000001","E18000005","E10000028","E07000193","E05006928"
"DE138DF",10,419027,317166,"E92000001","E19000001","E18000005","E10000028","E07000193","E05006928"
"DE138DG",10,419069,317439,"E92000001","E19000001","E18000005","E10000028","E07000193","E05006928"
"DE138DH",10,418417,318577,"E92000001","E19000001","E18000005","E10000028","E07000193","E05006928"
"DE138DJ",10,418281,318570,"E92000001","E19000001","E18000005","E10000028","E07000193","E05006928"
"DE138DL",10,418240,318327,"E92000001","E19000001","E18000005","E10000028","E07000193","E05006928"
"DE138DN",10,418304,318197,"E92000001","E19000001","E18000005","E10000028","E07000193","E05006928"
"DE138DP",10,418907,318501,"E92000001","E19000001","E18000005","E10000028","E07000193","E05006928"
"DE138DR",10,419034,318471,"E92000001","E19000001","E18000005","E10000028","E07000193","E05006928"
"DE138DS",10,419362,318460,"E92000001","E19000001","E18000005","E10000028","E07000193","E05006928"
"DE138DT",10,419125,318334,"E92000001","E19000001","E18000005","E10000028","E07000193","E05006928"
"DE138DU",10,419152,318523,"E92000001","E19000001","E18000005","E10000028","E07000193","E05006928"
"DE138DW",10,418272,318634,"E92000001","E19000001","E18000005","E10000028","E07000193","E05006928"
"DE138DX",10,418254,318435,"E92000001","E19000001","E18000005","E10000028","E07000193","E05006928"
"DE138DZ",10,420149,318292,"E92000001","E19000001","E18000005","E10000028","E07000193","E05006928"
"DE138EA",10,420156,318189,"E92000001","E19000001","E18000005","E10000028","E07000193","E05006928"
"DE138EB",10,420284,318329,"E92000001","E19000001","E18000005","E10000028","E07000193","E05006928"
"DE138ED",10,420989,319365,"E92000001","E19000001","E18000005","E10000028","E07000193","E05006928"
"DE138EE",10,420385,319034,"E92000001","E19000001","E18000005","E10000028","E07000193","E05006928"
"DE138EF",10,419682,316399,"E92000001","E19000001","E18000005","E10000028","E07000193","E05006928"
"DE138EG",10,420836,319433,"E92000001","E19000001","E18000005","E10000028","E07000193","E05006928"
"DE138EH",10,419966,317996,"E92000001","E19000001","E18000005","E10000028","E07000193","E05006928"
"DE138EJ",10,420477,318358,"E92000001","E19000001","E18000005","E10000028","E07000193","E05006928"
"DE138EN",10,420581,318452,"E92000001","E19000001","E18000005","E10000028","E07000193","E05006928"
"DE138ES",10,420035,317564,"E92000001","E19000001","E18000005","E10000028","E07000193","E05006928"
"DE138ET",10,418970,318355,"E92000001","E19000001","E18000005","E10000028","E07000193","E05006928"
"DE138EU",10,419107,318038,"E92000001","E19000001","E18000005","E10000028","E07000193","E05006928"
"DE138EX",10,419092,317838,"E92000001","E19000001","E18000005","E10000028","E07000193","E05006928"
"DE138EY",10,419089,317611,"E92000001","E19000001","E18000005","E10000028","E07000193","E05006928"
"DE138EZ",10,418897,317811,"E92000001","E19000001","E18000005","E10000028","E07000193","E05006928"
"DE138FB",10,419188,317754,"E92000001","E19000001","E18000005","E10000028","E07000193","E05006928"
"DE138FD",10,419336,317798,"E92000001","E19000001","E18000005","E10000028","E07000193","E05006928"
"DE138FE",10,419267,317850,"E92000001","E19000001","E18000005","E10000028","E07000193","E05006928"
"DE138FF",10,419230,317819,"E92000001","E19000001","E18000005","E10000028","E07000193","E05006928"
"DE138FG",10,419288,317817,"E92000001","E19000001","E18000005","E10000028","E07000193","E05006928"
"DE138FH",10,418285,315683,"E92000001","E19000001","E18000005","E10000028","E07000193","E05006928"
"DE138FJ",10,414818,317389,"E92000001","E19000001","E18000005","E10000028","E07000193","E05006937"
"DE138FL",10,421296,319562,"E92000001","E19000001","E18000005","E10000028","E07000193","E05006928"
"DE138GB",10,418662,318615,"E92000001","E19000001","E18000005","E10000028","E07000193","E05006928"
"DE138HA",10,418606,317948,"E92000001","E19000001","E18000005","E10000028","E07000193","E05006928"
"DE138HB",10,418435,318053,"E92000001","E19000001","E18000005","E10000028","E07000193","E05006928"
"DE138HD",10,419002,317815,"E92000001","E19000001","E18000005","E10000028","E07000193","E05006928"
"DE138HE",10,419245,317554,"E92000001","E19000001","E18000005","E10000028","E07000193","E05006928"
"DE138HG",10,419177,317483,"E92000001","E19000001","E18000005","E10000028","E07000193","E05006928"
"DE138HH",10,419151,317548,"E92000001","E19000001","E18000005","E10000028","E07000193","E05006928"
"DE138HJ",10,419356,317626,"E92000001","E19000001","E18000005","E10000028","E07000193","E05006928"
"DE138HL",10,419011,318535,"E92000001","E19000001","E18000005","E10000028","E07000193","E05006928"
"DE138HN",10,418726,318560,"E92000001","E19000001","E18000005","E10000028","E07000193","E05006928"
"DE138HU",10,418728,318419,"E92000001","E19000001","E18000005","E10000028","E07000193","E05006928"
"DE138HX",10,418776,318372,"E92000001","E19000001","E18000005","E10000028","E07000193","E05006928"
"DE138HY",10,418844,318365,"E92000001","E19000001","E18000005","E10000028","E07000193","E05006928"
"DE138HZ",10,418852,318301,"E92000001","E19000001","E18000005","E10000028","E07000193","E05006928"
"DE138JA",10,418717,318298,"E92000001","E19000001","E18000005","E10000028","E07000193","E05006928"
"DE138JB",10,418453,318145,"E92000001","E19000001","E18000005","E10000028","E07000193","E05006928"
"DE138JD",10,418271,318063,"E92000001","E19000001","E18000005","E10000028","E07000193","E05006928"
"DE138JE",10,418368,318041,"E92000001","E19000001","E18000005","E10000028","E07000193","E05006928"
"DE138JF",10,418556,318591,"E92000001","E19000001","E18000005","E10000028","E07000193","E05006928"
"DE138JG",10,418538,318369,"E92000001","E19000001","E18000005","E10000028","E07000193","E05006928"
"DE138JJ",10,418593,318437,"E92000001","E19000001","E18000005","E10000028","E07000193","E05006928"
"DE138JL",10,418613,318357,"E92000001","E19000001","E18000005","E10000028","E07000193","E05006928"
"DE138JN",10,418445,318428,"E92000001","E19000001","E18000005","E10000028","E07000193","E05006928"
"DE138JP",10,418421,318309,"E92000001","E19000001","E18000005","E10000028","E07000193","E05006928"
"DE138JR",10,418373,318347,"E92000001","E19000001","E18000005","E10000028","E07000193","E05006928"
"DE138JS",10,418474,318541,"E92000001","E19000001","E18000005","E10000028","E07000193","E05006928"
"DE138JW",10,418451,318469,"E92000001","E19000001","E18000005","E10000028","E07000193","E05006928"
"DE138LA",10,418867,318229,"E92000001","E19000001","E18000005","E10000028","E07000193","E05006928"
"DE138LB",10,418619,318197,"E92000001","E19000001","E18000005","E10000028","E07000193","E05006928"
"DE138LD",10,419010,317902,"E92000001","E19000001","E18000005","E10000028","E07000193","E05006928"
"DE138LE",10,418876,317931,"E92000001","E19000001","E18000005","E10000028","E07000193","E05006928"
"DE138LF",10,418831,318043,"E92000001","E19000001","E18000005","E10000028","E07000193","E05006928"
"DE138LG",10,418963,317999,"E92000001","E19000001","E18000005","E10000028","E07000193","E05006928"
"DE138LH",10,418902,318035,"E92000001","E19000001","E18000005","E10000028","E07000193","E05006928"
"DE138LJ",10,418709,318125,"E92000001","E19000001","E18000005","E10000028","E07000193","E05006928"
"DE138LL",10,418521,318131,"E92000001","E19000001","E18000005","E10000028","E07000193","E05006928"
"DE138LN",10,418769,318046,"E92000001","E19000001","E18000005","E10000028","E07000193","E05006928"
"DE138LP",10,418672,318055,"E92000001","E19000001","E18000005","E10000028","E07000193","E05006928"
"DE138LQ",10,418894,317965,"E92000001","E19000001","E18000005","E10000028","E07000193","E05006928"
"DE138LR",10,418594,318010,"E92000001","E19000001","E18000005","E10000028","E07000193","E05006928"
"DE138LS",10,418786,317937,"E92000001","E19000001","E18000005","E10000028","E07000193","E05006928"
"DE138LT",10,418622,318226,"E92000001","E19000001","E18000005","E10000028","E07000193","E05006928"
"DE138LW",10,418703,318044,"E92000001","E19000001","E18000005","E10000028","E07000193","E05006928"
"DE138NA",10,414089,319327,"E92000001","E19000001","E18000005","E10000028","E07000193","E05006937"
"DE138NB",10,413807,319296,"E92000001","E19000001","E18000005","E10000028","E07000193","E05006937"
"DE138ND",10,413824,319257,"E92000001","E19000001","E18000005","E10000028","E07000193","E05006937"
"DE138NE",10,414170,319135,"E92000001","E19000001","E18000005","E10000028","E07000193","E05006937"
"DE138NF",10,414145,319151,"E92000001","E19000001","E18000005","E10000028","E07000193","E05006937"
"DE138NG",10,414243,319246,"E92000001","E19000001","E18000005","E10000028","E07000193","E05006937"
"DE138NH",10,414139,318538,"E92000001","E19000001","E18000005","E10000028","E07000193","E05006937"
"DE138NJ",10,413742,318068,"E92000001","E19000001","E18000005","E10000028","E07000193","E05006937"
"DE138NL",10,413908,318153,"E92000001","E19000001","E18000005","E10000028","E07000193","E05006937"
"DE138NN",10,414416,318809,"E92000001","E19000001","E18000005","E10000028","E07000193","E05006937"
"DE138NP",10,415412,318707,"E92000001","E19000001","E18000005","E10000028","E07000193","E05006937"
"DE138NQ",10,414224,318924,"E92000001","E19000001","E18000005","E10000028","E07000193","E05006937"
"DE138NR",10,415768,319069,"E92000001","E19000001","E18000005","E10000028","E07000193","E05006937"
"DE138NS",10,415264,320386,"E92000001","E19000001","E18000005","E10000028","E07000193","E05006928"
"DE138NT",10,414935,319956,"E92000001","E19000001","E18000005","E10000028","E07000193","E05006937"
"DE138NU",10,414166,319279,"E92000001","E19000001","E18000005","E10000028","E07000193","E05006937"
"DE138NW",10,414457,318628,"E92000001","E19000001","E18000005","E10000028","E07000193","E05006937"
"DE138NX",10,414064,318461,"E92000001","E19000001","E18000005","E10000028","E07000193","E05006937"
"DE138PA",10,418949,318121,"E92000001","E19000001","E18000005","E10000028","E07000193","E05006928"
"DE138PD",10,414052,318952,"E92000001","E19000001","E18000005","E10000028","E07000193","E05006937"
"DE138PE",10,412752,318877,"E92000001","E19000001","E18000005","E10000028","E07000193","E05006937"
"DE138PF",10,413245,320072,"E92000001","E19000001","E18000005","E10000028","E07000193","E05006937"
"DE138PG",10,413762,320924,"E92000001","E19000001","E18000005","E10000028","E07000193","E05006937"
"DE138PH",10,414192,320795,"E92000001","E19000001","E18000005","E10000028","E07000193","E05006937"
"DE138PJ",10,414584,321883,"E92000001","E19000001","E18000005","E10000028","E07000193","E05006937"
"DE138PL",10,414127,319425,"E92000001","E19000001","E18000005","E10000028","E07000193","E05006937"
"DE138PQ",10,414151,319934,"E92000001","E19000001","E18000005","E10000028","E07000193","E05006937"
"DE138PS",10,414015,318761,"E92000001","E19000001","E18000005","E10000028","E07000193","E05006937"
"DE138PT",10,414072,318813,"E92000001","E19000001","E18000005","E10000028","E07000193","E05006937"
"DE138PU",10,414108,318898,"E92000001","E19000001","E18000005","E10000028","E07000193","E05006937"
"DE138PX",10,414013,318838,"E92000001","E19000001","E18000005","E10000028","E07000193","E05006937"
"DE138PY",10,414138,318827,"E92000001","E19000001","E18000005","E10000028","E07000193","E05006937"
"DE138PZ",10,414038,318705,"E92000001","E19000001","E18000005","E10000028","E07000193","E05006937"
"DE138QA",10,413988,318562,"E92000001","E19000001","E18000005","E10000028","E07000193","E05006937"
"DE138QB",10,414086,318532,"E92000001","E19000001","E18000005","E10000028","E07000193","E05006937"
"DE138QD",10,413912,318478,"E92000001","E19000001","E18000005","E10000028","E07000193","E05006937"
"DE138QE",10,413945,318629,"E92000001","E19000001","E18000005","E10000028","E07000193","E05006937"
"DE138QF",10,413901,318406,"E92000001","E19000001","E18000005","E10000028","E07000193","E05006937"
"DE138QH",10,414084,318636,"E92000001","E19000001","E18000005","E10000028","E07000193","E05006937"
"DE138QR",10,412776,322540,"E92000001","E19000001","E18000005","E10000028","E07000193","E05006937"
"DE138QS",10,412145,323189,"E92000001","E19000001","E18000005","E10000028","E07000193","E05006937"
"DE138QT",10,412525,323918,"E92000001","E19000001","E18000005","E10000028","E07000193","E05006937"
"DE138QU",10,412303,323618,"E92000001","E19000001","E18000005","E10000028","E07000193","E05006937"
"DE138RA",10,411688,323584,"E92000001","E19000001","E18000005","E10000028","E07000193","E05006937"
"DE138RB",10,412975,323333,"E92000001","E19000001","E18000005","E10000028","E07000193","E05006937"
"DE138RD",10,413290,323337,"E92000001","E19000001","E18000005","E10000028","E07000193","E05006937"
"DE138RE",10,413272,322560,"E92000001","E19000001","E18000005","E10000028","E07000193","E05006937"
"DE138RF",10,413680,322980,"E92000001","E19000001","E18000005","E10000028","E07000193","E05006937"
"DE138RG",10,413555,323309,"E92000001","E19000001","E18000005","E10000028","E07000193","E05006937"
"DE138RH",10,414900,323452,"E92000001","E19000001","E18000005","E10000028","E07000193","E05006937"
"DE138RJ",10,414824,322572,"E92000001","E19000001","E18000005","E10000028","E07000193","E05006937"
"DE138RL",10,415621,322522,"E92000001","E19000001","E18000005","E10000028","E07000193","E05006937"
"DE138RQ",10,414657,323302,"E92000001","E19000001","E18000005","E10000028","E07000193","E05006937"
"DE138RT",10,413483,325406,"E92000001","E19000001","E18000005","E10000028","E07000193","E05006937"
"DE138RU",10,413134,324480,"E92000001","E19000001","E18000005","E10000028","E07000193","E05006937"
"DE138RX",10,412718,325043,"E92000001","E19000001","E18000005","E10000028","E07000193","E05006937"
"DE138RY",10,412204,326336,"E92000001","E19000001","E18000005","E10000028","E07000193","E05006937"
"DE138RZ",10,411998,327419,"E92000001","E19000001","E18000005","E10000028","E07000193","E05006937"
"DE138SA",10,413518,325253,"E92000001","E19000001","E18000005","E10000028","E07000193","E05006937"
"DE138SB",10,413409,325171,"E92000001","E19000001","E18000005","E10000028","E07000193","E05006937"
"DE138SF",10,413459,325883,"E92000001","E19000001","E18000005","E10000028","E07000193","E05006937"
"DE138SG",10,414056,325821,"E92000001","E19000001","E18000005","E10000028","E07000193","E05006937"
"DE138SH",10,413783,325317,"E92000001","E19000001","E18000005","E10000028","E07000193","E05006937"
"DE138SJ",10,415684,325274,"E92000001","E19000001","E18000005","E10000028","E07000193","E05006924"
"DE138SL",10,414901,324807,"E92000001","E19000001","E18000005","E10000028","E07000193","E05006937"
"DE138SN",10,415494,324554,"E92000001","E19000001","E18000005","E10000028","E07000193","E05006928"
"DE138SP",10,414056,323962,"E92000001","E19000001","E18000005","E10000028","E07000193","E05006937"
"DE138SQ",10,413692,325426,"E92000001","E19000001","E18000005","E10000028","E07000193","E05006937"
"DE138SR",10,413293,324043,"E92000001","E19000001","E18000005","E10000028","E07000193","E05006937"
"DE138SS",10,413576,324674,"E92000001","E19000001","E18000005","E10000028","E07000193","E05006937"
"DE138ST",10,413054,324468,"E92000001","E19000001","E18000005","E10000028","E07000193","E05006937"
"DE138SU",10,413381,325151,"E92000001","E19000001","E18000005","E10000028","E07000193","E05006937"
"DE138SW",10,414293,324918,"E92000001","E19000001","E18000005","E10000028","E07000193","E05006937"
"DE138SX",10,413646,325534,"E92000001","E19000001","E18000005","E10000028","E07000193","E05006937"
"DE138TD",10,417371,327916,"E92000001","E19000001","E18000005","E10000028","E07000193","E05006924"
"DE138TE",10,417245,327857,"E92000001","E19000001","E18000005","E10000028","E07000193","E05006924"
"DE138TF",10,417128,327897,"E92000001","E19000001","E18000005","E10000028","E07000193","E05006924"
"DE138TG",10,416836,327473,"E92000001","E19000001","E18000005","E10000028","E07000193","E05006924"
"DE138TH",10,416547,326673,"E92000001","E19000001","E18000005","E10000028","E07000193","E05006924"
"DE138TJ",10,417307,327181,"E92000001","E19000001","E18000005","E10000028","E07000193","E05006924"
"DE138TL",10,416503,326193,"E92000001","E19000001","E18000005","E10000028","E07000193","E05006924"
"DE138TN",10,415635,326395,"E92000001","E19000001","E18000005","E10000028","E07000193","E05006924"
"DE138TP",10,417305,327862,"E92000001","E19000001","E18000005","E10000028","E07000193","E05006924"
"DE138TQ",10,416376,327629,"E92000001","E19000001","E18000005","E10000028","E07000193","E05006924"
"DE138TR",10,416850,326587,"E92000001","E19000001","E18000005","E10000028","E07000193","E05006924"
"DE138TU",10,417668,326624,"E92000001","E19000001","E18000005","E10000028","E07000193","E05006924"
"DE138TX",10,418572,326242,"E92000001","E19000001","E18000005","E10000028","E07000193","E05006934"
"DE138YS",10,425089,324308,"E92000001","E19000001","E18000005","E10000028","E07000193","E05006922"
"DE138ZG",10,425089,324308,"E92000001","E19000001","E18000005","E10000028","E07000193","E05006922"
"DE139AA",10,423951,327717,"E92000001","E19000001","E18000005","E10000028","E07000193","E05006929"
"DE139AB",10,424267,327776,"E92000001","E19000001","E18000005","E10000028","E07000193","E05006929"
"DE139AD",10,424744,327687,"E92000001","E19000001","E18000005","E10000028","E07000193","E05006929"
"DE139AE",10,424457,327731,"E92000001","E19000001","E18000005","E10000028","E07000193","E05006929"
"DE139AF",10,423740,327680,"E92000001","E19000001","E18000005","E10000028","E07000193","E05006929"
"DE139AG",10,423884,327678,"E92000001","E19000001","E18000005","E10000028","E07000193","E05006929"
"DE139AH",10,424009,327822,"E92000001","E19000001","E18000005","E10000028","E07000193","E05006929"
"DE139AJ",10,424608,327644,"E92000001","E19000001","E18000005","E10000028","E07000193","E05006929"
"DE139AL",10,424270,327733,"E92000001","E19000001","E18000005","E10000028","E07000193","E05006929"
"DE139AN",10,424286,327652,"E92000001","E19000001","E18000005","E10000028","E07000193","E05006929"
"DE139AP",10,424840,327537,"E92000001","E19000001","E18000005","E10000028","E07000193","E05006929"
"DE139AQ",10,423988,327631,"E92000001","E19000001","E18000005","E10000028","E07000193","E05006929"
"DE139AR",10,424973,327452,"E92000001","E19000001","E18000005","E10000028","E07000193","E05006929"
"DE139AS",10,424792,327550,"E92000001","E19000001","E18000005","E10000028","E07000193","E05006929"
"DE139AT",10,424919,327617,"E92000001","E19000001","E18000005","E10000028","E07000193","E05006929"
"DE139AU",10,425117,327685,"E92000001","E19000001","E18000005","E10000028","E07000193","E05006929"
"DE139AW",10,421276,329030,"E92000001","E19000001","E18000005","E10000028","E07000193","E05006934"
"DE139AX",10,424481,327678,"E92000001","E19000001","E18000005","E10000028","E07000193","E05006929"
"DE139AY",10,424522,327682,"E92000001","E19000001","E18000005","E10000028","E07000193","E05006929"
"DE139AZ",10,424438,327645,"E92000001","E19000001","E18000005","E10000028","E07000193","E05006929"
"DE139BA",10,419272,328661,"E92000001","E19000001","E18000005","E10000028","E07000193","E05006934"
"DE139BB",10,423629,327823,"E92000001","E19000001","E18000005","E10000028","E07000193","E05006929"
"DE139BD",10,423753,327804,"E92000001","E19000001","E18000005","E10000028","E07000193","E05006929"
"DE139BE",10,423411,327805,"E92000001","E19000001","E18000005","E10000028","E07000193","E05006929"
"DE139BF",10,424119,327545,"E92000001","E19000001","E18000005","E10000028","E07000193","E05006929"
"DE139BG",10,423079,327896,"E92000001","E19000001","E18000005","E10000028","E07000193","E05006929"
"DE139BH",10,423443,327873,"E92000001","E19000001","E18000005","E10000028","E07000193","E05006929"
"DE139BJ",10,423326,327950,"E92000001","E19000001","E18000005","E10000028","E07000193","E05006929"
"DE139BL",10,423518,327834,"E92000001","E19000001","E18000005","E10000028","E07000193","E05006929"
"DE139BN",10,423232,327966,"E92000001","E19000001","E18000005","E10000028","E07000193","E05006929"
"DE139BP",10,423397,327877,"E92000001","E19000001","E18000005","E10000028","E07000193","E05006929"
"DE139BS",10,423221,327782,"E92000001","E19000001","E18000005","E10000028","E07000193","E05006929"
"DE139BT",10,423189,327871,"E92000001","E19000001","E18000005","E10000028","E07000193","E05006929"
"DE139BU",10,423225,327854,"E92000001","E19000001","E18000005","E10000028","E07000193","E05006929"
"DE139BW",10,421222,328766,"E92000001","E19000001","E18000005","E10000028","E07000193","E05006934"
"DE139BX",10,423073,327796,"E92000001","E19000001","E18000005","E10000028","E07000193","E05006929"
"DE139BY",10,423055,327705,"E92000001","E19000001","E18000005","E10000028","E07000193","E05006929"
"DE139BZ",10,423496,327491,"E92000001","E19000001","E18000005","E10000028","E07000193","E05006929"
"DE139DA",10,423273,327518,"E92000001","E19000001","E18000005","E10000028","E07000193","E05006929"
"DE139DB",10,423312,327551,"E92000001","E19000001","E18000005","E10000028","E07000193","E05006929"
"DE139DD",10,423432,327648,"E92000001","E19000001","E18000005","E10000028","E07000193","E05006929"
"DE139DE",10,423367,327615,"E92000001","E19000001","E18000005","E10000028","E07000193","E05006929"
"DE139DF",10,417648,321965,"E92000001","E19000001","E18000005","E10000028","E07000193","E05006928"
"DE139DG",10,423679,327691,"E92000001","E19000001","E18000005","E10000028","E07000193","E05006929"
"DE139DH",10,421226,328826,"E92000001","E19000001","E18000005","E10000028","E07000193","E05006934"
"DE139DL",10,420905,328864,"E92000001","E19000001","E18000005","E10000028","E07000193","E05006934"
"DE139DN",10,423622,327560,"E92000001","E19000001","E18000005","E10000028","E07000193","E05006929"
"DE139DP",10,423684,327656,"E92000001","E19000001","E18000005","E10000028","E07000193","E05006929"
"DE139DR",10,423685,327574,"E92000001","E19000001","E18000005","E10000028","E07000193","E05006929"
"DE139DS",10,423367,327183,"E92000001","E19000001","E18000005","E10000028","E07000193","E05006929"
"DE139DT",10,423732,327628,"E92000001","E19000001","E18000005","E10000028","E07000193","E05006929"
"DE139DU",10,421169,328828,"E92000001","E19000001","E18000005","E10000028","E07000193","E05006934"
"DE139DY",10,423664,327279,"E92000001","E19000001","E18000005","E10000028","E07000193","E05006929"
"DE139DZ",10,423716,327039,"E92000001","E19000001","E18000005","E10000028","E07000193","E05006929"
"DE139EA",10,423622,326689,"E92000001","E19000001","E18000005","E10000028","E07000193","E05006929"
"DE139EB",10,424056,326866,"E92000001","E19000001","E18000005","E10000028","E07000193","E05006929"
"DE139ED",10,423895,327583,"E92000001","E19000001","E18000005","E10000028","E07000193","E05006929"
"DE139EE",10,423763,327184,"E92000001","E19000001","E18000005","E10000028","E07000193","E05006929"
"DE139EF",10,423899,327492,"E92000001","E19000001","E18000005","E10000028","E07000193","E05006929"
"DE139EG",10,423883,327279,"E92000001","E19000001","E18000005","E10000028","E07000193","E05006929"
"DE139EH",10,423618,327289,"E92000001","E19000001","E18000005","E10000028","E07000193","E05006929"
"DE139EL",10,423786,327298,"E92000001","E19000001","E18000005","E10000028","E07000193","E05006929"
"DE139EN",10,423685,327408,"E92000001","E19000001","E18000005","E10000028","E07000193","E05006929"
"DE139EP",10,423699,327500,"E92000001","E19000001","E18000005","E10000028","E07000193","E05006929"
"DE139EQ",10,423786,327073,"E92000001","E19000001","E18000005","E10000028","E07000193","E05006929"
"DE139EW",10,423760,327421,"E92000001","E19000001","E18000005","E10000028","E07000193","E05006929"
"DE139GR",10,419381,329014,"E92000001","E19000001","E18000005","E10000028","E07000193","E05006934"
"DE139GT",10,417871,328592,"E92000001","E19000001","E18000005","E10000028","E07000193","E05006924"
"DE139GU",10,419205,328977,"E92000001","E19000001","E18000005","E10000028","E07000193","E05006934"
"DE139GW",10,419268,328979,"E92000001","E19000001","E18000005","E10000028","E07000193","E05006934"
"DE139GX",10,419355,329062,"E92000001","E19000001","E18000005","E10000028","E07000193","E05006934"
"DE139GY",10,419335,328983,"E92000001","E19000001","E18000005","E10000028","E07000193","E05006934"
"DE139GZ",10,419376,328976,"E92000001","E19000001","E18000005","E10000028","E07000193","E05006934"
"DE139HA",10,421573,328887,"E92000001","E19000001","E18000005","E10000028","E07000193","E05006934"
"DE139HB",10,422205,328760,"E92000001","E19000001","E18000005","E10000028","E07000193","E05006934"
"DE139HD",10,421477,328868,"E92000001","E19000001","E18000005","E10000028","E07000193","E05006934"
"DE139HE",10,422308,328082,"E92000001","E19000001","E18000005","E10000028","E07000193","E05006929"
"DE139HF",10,422351,327178,"E92000001","E19000001","E18000005","E10000028","E07000193","E05006929"
"DE139HG",10,422354,327290,"E92000001","E19000001","E18000005","E10000028","E07000193","E05006929"
"DE139HH",10,420532,326808,"E92000001","E19000001","E18000005","E10000028","E07000193","E05006934"
"DE139HJ",10,420667,327815,"E92000001","E19000001","E18000005","E10000028","E07000193","E05006934"
"DE139HL",10,419504,327625,"E92000001","E19000001","E18000005","E10000028","E07000193","E05006934"
"DE139HN",10,421515,328513,"E92000001","E19000001","E18000005","E10000028","E07000193","E05006934"
"DE139HP",10,420590,328642,"E92000001","E19000001","E18000005","E10000028","E07000193","E05006934"
"DE139HQ",10,421291,326955,"E92000001","E19000001","E18000005","E10000028","E07000193","E05006934"
"DE139HR",10,418599,329062,"E92000001","E19000001","E18000005","E10000028","E07000193","E05006924"
"DE139HS",10,419263,328919,"E92000001","E19000001","E18000005","E10000028","E07000193","E05006934"
"DE139HT",10,418155,328393,"E92000001","E19000001","E18000005","E10000028","E07000193","E05006924"
"DE139HU",10,421161,328277,"E92000001","E19000001","E18000005","E10000028","E07000193","E05006934"
"DE139HW",10,419243,328936,"E92000001","E19000001","E18000005","E10000028","E07000193","E05006934"
"DE139HX",10,421203,328411,"E92000001","E19000001","E18000005","E10000028","E07000193","E05006934"
"DE139HY",10,419368,328699,"E92000001","E19000001","E18000005","E10000028","E07000193","E05006934"
"DE139HZ",10,421192,328273,"E92000001","E19000001","E18000005","E10000028","E07000193","E05006934"
"DE139JA",10,421145,328715,"E92000001","E19000001","E18000005","E10000028","E07000193","E05006934"
"DE139JB",10,421226,329061,"E92000001","E19000001","E18000005","E10000028","E07000193","E05006934"
"DE139JD",10,420944,328414,"E92000001","E19000001","E18000005","E10000028","E07000193","E05006934"
"DE139JE",10,421132,329044,"E92000001","E19000001","E18000005","E10000028","E07000193","E05006934"
"DE139JF",10,421038,329013,"E92000001","E19000001","E18000005","E10000028","E07000193","E05006934"
"DE139JG",10,420985,328951,"E92000001","E19000001","E18000005","E10000028","E07000193","E05006934"
"DE139JH",10,420752,328744,"E92000001","E19000001","E18000005","E10000028","E07000193","E05006934"
"DE139JJ",10,420952,328577,"E92000001","E19000001","E18000005","E10000028","E07000193","E05006934"
"DE139JL",10,420836,328987,"E92000001","E19000001","E18000005","E10000028","E07000193","E05006934"
"DE139JN",10,420688,328527,"E92000001","E19000001","E18000005","E10000028","E07000193","E05006934"
"DE139JP",10,420770,328397,"E92000001","E19000001","E18000005","E10000028","E07000193","E05006934"
"DE139JQ",10,420821,328797,"E92000001","E19000001","E18000005","E10000028","E07000193","E05006934"
"DE139JR",10,420801,328372,"E92000001","E19000001","E18000005","E10000028","E07000193","E05006934"
"DE139JS",10,420868,328403,"E92000001","E19000001","E18000005","E10000028","E07000193","E05006934"
"DE139JT",10,420858,328291,"E92000001","E19000001","E18000005","E10000028","E07000193","E05006934"
"DE139JU",10,420884,328713,"E92000001","E19000001","E18000005","E10000028","E07000193","E05006934"
"DE139JW",10,420734,328373,"E92000001","E19000001","E18000005","E10000028","E07000193","E05006934"
"DE139JX",10,420860,328753,"E92000001","E19000001","E18000005","E10000028","E07000193","E05006934"
"DE139JY",10,420875,328662,"E92000001","E19000001","E18000005","E10000028","E07000193","E05006934"
"DE139JZ",10,421083,328647,"E92000001","E19000001","E18000005","E10000028","E07000193","E05006934"
"DE139LA",10,421014,328659,"E92000001","E19000001","E18000005","E10000028","E07000193","E05006934"
"DE139LB",10,421055,328423,"E92000001","E19000001","E18000005","E10000028","E07000193","E05006934"
"DE139LD",10,421052,328738,"E92000001","E19000001","E18000005","E10000028","E07000193","E05006934"
"DE139LE",10,421008,328760,"E92000001","E19000001","E18000005","E10000028","E07000193","E05006934"
"DE139LF",10,420903,328580,"E92000001","E19000001","E18000005","E10000028","E07000193","E05006934"
"DE139LG",10,420806,328513,"E92000001","E19000001","E18000005","E10000028","E07000193","E05006934"
"DE139LH",10,421006,328698,"E92000001","E19000001","E18000005","E10000028","E07000193","E05006934"
"DE139LJ",10,421559,328297,"E92000001","E19000001","E18000005","E10000028","E07000193","E05006934"
"DE139LL",10,421508,328251,"E92000001","E19000001","E18000005","E10000028","E07000193","E05006934"
"DE139LN",10,421479,328311,"E92000001","E19000001","E18000005","E10000028","E07000193","E05006934"
"DE139LP",10,421288,328961,"E92000001","E19000001","E18000005","E10000028","E07000193","E05006934"
"DE139LR",10,421340,329015,"E92000001","E19000001","E18000005","E10000028","E07000193","E05006934"
"DE139LS",10,421322,328950,"E92000001","E19000001","E18000005","E10000028","E07000193","E05006934"
"DE139LT",10,421380,329024,"E92000001","E19000001","E18000005","E10000028","E07000193","E05006934"
"DE139LU",10,421344,329064,"E92000001","E19000001","E18000005","E10000028","E07000193","E05006934"
"DE139LW",10,421455,329112,"E92000001","E19000001","E18000005","E10000028","E07000193","E05006934"
"DE139LY",10,421764,329643,"E92000001","E19000001","E18000004","E10000007","E07000039","E05008812"
"DE139LZ",10,421375,329158,"E92000001","E19000001","E18000005","E10000028","E07000193","E05006934"
"DE139NA",10,421215,329042,"E92000001","E19000001","E18000005","E10000028","E07000193","E05006934"
"DE139NB",10,421076,328874,"E92000001","E19000001","E18000005","E10000028","E07000193","E05006934"
"DE139ND",10,421061,328906,"E92000001","E19000001","E18000005","E10000028","E07000193","E05006934"
"DE139NE",10,421166,328855,"E92000001","E19000001","E18000005","E10000028","E07000193","E05006934"
"DE139NF",10,421592,328536,"E92000001","E19000001","E18000005","E10000028","E07000193","E05006934"
"DE139NG",10,421164,328653,"E92000001","E19000001","E18000005","E10000028","E07000193","E05006934"
"DE139NH",10,421308,328527,"E92000001","E19000001","E18000005","E10000028","E07000193","E05006934"
"DE139NJ",10,421034,328253,"E92000001","E19000001","E18000005","E10000028","E07000193","E05006934"
"DE139NL",10,420978,328321,"E92000001","E19000001","E18000005","E10000028","E07000193","E05006934"
"DE139NN",10,421258,328352,"E92000001","E19000001","E18000005","E10000028","E07000193","E05006934"
"DE139NP",10,421580,328649,"E92000001","E19000001","E18000005","E10000028","E07000193","E05006934"
"DE139NQ",10,421170,328720,"E92000001","E19000001","E18000005","E10000028","E07000193","E05006934"
"DE139NR",10,421379,328755,"E92000001","E19000001","E18000005","E10000028","E07000193","E05006934"
"DE139NS",10,421274,328657,"E92000001","E19000001","E18000005","E10000028","E07000193","E05006934"
"DE139NT",10,421251,329028,"E92000001","E19000001","E18000005","E10000028","E07000193","E05006934"
"DE139NU",10,421195,328879,"E92000001","E19000001","E18000005","E10000028","E07000193","E05006934"
"DE139NW",10,421462,328801,"E92000001","E19000001","E18000005","E10000028","E07000193","E05006934"
"DE139NY",10,421402,328318,"E92000001","E19000001","E18000005","E10000028","E07000193","E05006934"
"DE139NZ",10,421410,328437,"E92000001","E19000001","E18000005","E10000028","E07000193","E05006934"
"DE139PA",10,419496,324845,"E92000001","E19000001","E18000005","E10000028","E07000193","E05006934"
"DE139PB",10,418281,324208,"E92000001","E19000001","E18000005","E10000028","E07000193","E05006934"
"DE139PD",10,416265,324493,"E92000001","E19000001","E18000005","E10000028","E07000193","E05006924"
"DE139PE",10,416535,324980,"E92000001","E19000001","E18000005","E10000028","E07000193","E05006924"
"DE139PF",10,417104,324970,"E92000001","E19000001","E18000005","E10000028","E07000193","E05006924"
"DE139PG",10,417145,325401,"E92000001","E19000001","E18000005","E10000028","E07000193","E05006924"
"DE139PH",10,419309,326058,"E92000001","E19000001","E18000005","E10000028","E07000193","E05006934"
"DE139PJ",10,419349,325404,"E92000001","E19000001","E18000005","E10000028","E07000193","E05006934"
"DE139PN",10,421593,328356,"E92000001","E19000001","E18000005","E10000028","E07000193","E05006934"
"DE139PP",10,421603,328266,"E92000001","E19000001","E18000005","E10000028","E07000193","E05006934"
"DE139PQ",10,418384,324904,"E92000001","E19000001","E18000005","E10000028","E07000193","E05006934"
"DE139PR",10,421596,328192,"E92000001","E19000001","E18000005","E10000028","E07000193","E05006934"
"DE139PS",50,421072,326079,"E92000001","E19000001","E18000005","E10000028","E07000193","E05006934"
"DE139PT",10,420545,323964,"E92000001","E19000001","E18000005","E10000028","E07000193","E05006934"
"DE139PU",10,419140,323906,"E92000001","E19000001","E18000005","E10000028","E07000193","E05006928"
"DE139PX",10,420245,324038,"E92000001","E19000001","E18000005","E10000028","E07000193","E05006934"
"DE139PY",10,420461,324068,"E92000001","E19000001","E18000005","E10000028","E07000193","E05006934"
"DE139PZ",10,420530,324280,"E92000001","E19000001","E18000005","E10000028","E07000193","E05006934"
"DE139QA",10,420434,324448,"E92000001","E19000001","E18000005","E10000028","E07000193","E05006934"
"DE139QB",10,420305,324442,"E92000001","E19000001","E18000005","E10000028","E07000193","E05006934"
"DE139QD",10,421126,325212,"E92000001","E19000001","E18000005","E10000028","E07000193","E05006934"
"DE139QE",10,421601,325552,"E92000001","E19000001","E18000005","E10000028","E07000193","E05006934"
"DE139QF",10,421210,325316,"E92000001","E19000001","E18000005","E10000028","E07000193","E05006934"
"DE139QG",10,421277,325355,"E92000001","E19000001","E18000005","E10000028","E07000193","E05006934"
"DE139QH",10,421307,325440,"E92000001","E19000001","E18000005","E10000028","E07000193","E05006934"
"DE139QJ",10,422020,325817,"E92000001","E19000001","E18000005","E10000028","E07000193","E05006934"
"DE139QL",10,421147,325480,"E92000001","E19000001","E18000005","E10000028","E07000193","E05006934"
"DE139QN",10,422662,325842,"E92000001","E19000001","E18000005","E10000028","E07000193","E05006934"
"DE139QP",10,422260,325802,"E92000001","E19000001","E18000005","E10000028","E07000193","E05006934"
"DE139QQ",10,421288,325418,"E92000001","E19000001","E18000005","E10000028","E07000193","E05006934"
"DE139QR",10,422337,326014,"E92000001","E19000001","E18000005","E10000028","E07000193","E05006934"
"DE139QS",10,421992,326444,"E92000001","E19000001","E18000005","E10000028","E07000193","E05006934"
"DE139QT",10,420106,324837,"E92000001","E19000001","E18000005","E10000028","E07000193","E05006934"
"DE139QW",10,422439,325817,"E92000001","E19000001","E18000005","E10000028","E07000193","E05006934"
"DE139QX",10,421710,325510,"E92000001","E19000001","E18000005","E10000028","E07000193","E05006934"
"DE139QY",10,421223,325275,"E92000001","E19000001","E18000005","E10000028","E07000193","E05006934"
"DE139QZ",10,420409,321494,"E92000001","E19000001","E18000005","E10000028","E07000193","E05006928"
"DE139RA",10,418302,322969,"E92000001","E19000001","E18000005","E10000028","E07000193","E05006928"
"DE139RB",10,418275,322901,"E92000001","E19000001","E18000005","E10000028","E07000193","E05006928"
"DE139RD",10,417566,323365,"E92000001","E19000001","E18000005","E10000028","E07000193","E05006928"
"DE139RE",10,417692,322512,"E92000001","E19000001","E18000005","E10000028","E07000193","E05006928"
"DE139RF",10,417861,323466,"E92000001","E19000001","E18000005","E10000028","E07000193","E05006928"
"DE139RG",10,417736,322045,"E92000001","E19000001","E18000005","E10000028","E07000193","E05006928"
"DE139RH",10,417758,322409,"E92000001","E19000001","E18000005","E10000028","E07000193","E05006928"
"DE139RJ",10,420323,321642,"E92000001","E19000001","E18000005","E10000028","E07000193","E05006928"
"DE139RL",10,417603,321424,"E92000001","E19000001","E18000005","E10000028","E07000193","E05006928"
"DE139RN",10,417327,323418,"E92000001","E19000001","E18000005","E10000028","E07000193","E05006928"
"DE139RP",10,418167,322947,"E92000001","E19000001","E18000005","E10000028","E07000193","E05006928"
"DE139RR",10,418269,323051,"E92000001","E19000001","E18000005","E10000028","E07000193","E05006928"
"DE139RS",10,419147,322616,"E92000001","E19000001","E18000005","E10000028","E07000193","E05006928"
"DE139RT",10,419673,322110,"E92000001","E19000001","E18000005","E10000028","E07000193","E05006928"
"DE139RU",10,419072,321910,"E92000001","E19000001","E18000005","E10000028","E07000193","E05006928"
"DE139RW",10,418126,322928,"E92000001","E19000001","E18000005","E10000028","E07000193","E05006928"
"DE139RX",10,419657,322447,"E92000001","E19000001","E18000005","E10000028","E07000193","E05006928"
"DE139RY",10,420372,321547,"E92000001","E19000001","E18000005","E10000028","E07000193","E05006928"
"DE139RZ",10,420382,321622,"E92000001","E19000001","E18000005","E10000028","E07000193","E05006928"
"DE139SA",10,420450,321570,"E92000001","E19000001","E18000005","E10000028","E07000193","E05006928"
"DE139SB",10,421684,322478,"E92000001","E19000001","E18000005","E10000028","E07000193","E05006920"
"DE139SD",10,420454,321995,"E92000001","E19000001","E18000005","E10000028","E07000193","E05006928"
"DE139SE",10,420344,321668,"E92000001","E19000001","E18000005","E10000028","E07000193","E05006928"
"DE139SF",10,420322,321749,"E92000001","E19000001","E18000005","E10000028","E07000193","E05006928"
"DE139SG",10,420557,322252,"E92000001","E19000001","E18000005","E10000028","E07000193","E05006928"
"DE139SH",10,419970,323092,"E92000001","E19000001","E18000005","E10000028","E07000193","E05006928"
"DE139SJ",10,420542,323626,"E92000001","E19000001","E18000005","E10000028","E07000193","E05006920"
"DE139SL",10,420505,321542,"E92000001","E19000001","E18000005","E10000028","E07000193","E05006928"
"DE139SQ",10,420638,322309,"E92000001","E19000001","E18000005","E10000028","E07000193","E05006928"
"DE139SU",10,420712,323877,"E92000001","E19000001","E18000005","E10000028","E07000193","E05006920"
"DE139SX",10,420784,323934,"E92000001","E19000001","E18000005","E10000028","E07000193","E05006934"
"DE139SY",10,421071,323859,"E92000001","E19000001","E18000005","E10000028","E07000193","E05006920"
"DE139SZ",10,421270,323950,"E92000001","E19000001","E18000005","E10000028","E07000193","E05006920"
"DE139TA",10,421313,323908,"E92000001","E19000001","E18000005","E10000028","E07000193","E05006920"
"DE139TB",10,421523,324013,"E92000001","E19000001","E18000005","E10000028","E07000193","E05006920"
"DE139TD",10,421478,323937,"E92000001","E19000001","E18000005","E10000028","E07000193","E05006920"
"DE139TE",10,421804,324072,"E92000001","E19000001","E18000005","E10000028","E07000193","E05006920"
"DE139TH",10,421276,323680,"E92000001","E19000001","E18000005","E10000028","E07000193","E05006920"
"DE139TJ",10,421344,323745,"E92000001","E19000001","E18000005","E10000028","E07000193","E05006920"
"DE139TL",10,421372,323741,"E92000001","E19000001","E18000005","E10000028","E07000193","E05006920"
"DE139TN",10,422366,323760,"E92000001","E19000001","E18000005","E10000028","E07000193","E05006920"
"DE139TP",10,422078,323943,"E92000001","E19000001","E18000005","E10000028","E07000193","E05006920"
"DE139TQ",10,421235,323717,"E92000001","E19000001","E18000005","E10000028","E07000193","E05006920"
"DE139TR",10,421941,323947,"E92000001","E19000001","E18000005","E10000028","E07000193","E05006920"
"DE139TW",10,422353,323811,"E92000001","E19000001","E18000005","E10000028","E07000193","E05006920"
"DE139UB",10,421112,325082,"E92000001","E19000001","E18000005","E10000028","E07000193","E05006934"
"DE139UD",10,421080,325030,"E92000001","E19000001","E18000005","E10000028","E07000193","E05006934"
"DE139WZ",10,425089,324308,"E92000001","E19000001","E18000005","E10000028","E07000193","E05006922"
"DE139YQ",10,425089,324308,"E92000001","E19000001","E18000005","E10000028","E07000193","E05006922"
"DE139ZT",10,425089,324308,"E92000001","E19000001","E18000005","E10000028","E07000193","E05006922"
"DE141AA",10,424604,322878,"E92000001","E19000001","E18000005","E10000028","E07000193","E05006922"
"DE141AB",10,425404,323353,"E92000001","E19000001","E18000005","E10000028","E07000193","E05006922"
"DE141AE",10,425245,324281,"E92000001","E19000001","E18000005","E10000028","E07000193","E05006922"
"DE141AH",10,425204,322891,"E92000001","E19000001","E18000005","E10000028","E07000193","E05006922"
"DE141AJ",10,424712,322837,"E92000001","E19000001","E18000005","E10000028","E07000193","E05006922"
"DE141AN",10,425000,322897,"E92000001","E19000001","E18000005","E10000028","E07000193","E05006922"
"DE141AP",10,424575,322849,"E92000001","E19000001","E18000005","E10000028","E07000193","E05006922"
"DE141AQ",10,424645,322779,"E92000001","E19000001","E18000005","E10000028","E07000193","E05006922"
"DE141AU",10,424899,322912,"E92000001","E19000001","E18000005","E10000028","E07000193","E05006922"
"DE141AX",10,424797,322976,"E92000001","E19000001","E18000005","E10000028","E07000193","E05006922"
"DE141AZ",10,424288,323238,"E92000001","E19000001","E18000005","E10000028","E07000193","E05006922"
"DE141BB",10,425089,324308,"E92000001","E19000001","E18000005","E10000028","E07000193","E05006922"
"DE141BD",10,424482,323167,"E92000001","E19000001","E18000005","E10000028","E07000193","E05006922"
"DE141BF",10,424890,323049,"E92000001","E19000001","E18000005","E10000028","E07000193","E05006922"
"DE141BG",10,424688,323072,"E92000001","E19000001","E18000005","E10000028","E07000193","E05006922"
"DE141BH",10,424935,322944,"E92000001","E19000001","E18000005","E10000028","E07000193","E05006922"
"DE141BJ",10,424917,322946,"E92000001","E19000001","E18000005","E10000028","E07000193","E05006922"
"DE141BL",10,424991,323291,"E92000001","E19000001","E18000005","E10000028","E07000193","E05006922"
"DE141BN",10,424835,322997,"E92000001","E19000001","E18000005","E10000028","E07000193","E05006922"
"DE141BQ",10,424923,323047,"E92000001","E19000001","E18000005","E10000028","E07000193","E05006922"
"DE141BS",10,424729,323061,"E92000001","E19000001","E18000005","E10000028","E07000193","E05006922"
"DE141BT",10,424496,323143,"E92000001","E19000001","E18000005","E10000028","E07000193","E05006922"
"DE141BU",10,424982,322959,"E92000001","E19000001","E18000005","E10000028","E07000193","E05006922"
"DE141BW",10,424400,323064,"E92000001","E19000001","E18000005","E10000028","E07000193","E05006922"
"DE141BX",10,424427,323224,"E92000001","E19000001","E18000005","E10000028","E07000193","E05006922"
"DE141BY",10,424360,323102,"E92000001","E19000001","E18000005","E10000028","E07000193","E05006922"
"DE141BZ",10,425089,324308,"E92000001","E19000001","E18000005","E10000028","E07000193","E05006922"
"DE141DB",10,425245,324536,"E92000001","E19000001","E18000005","E10000028","E07000193","E05006922"
"DE141DD",10,424907,322835,"E92000001","E19000001","E18000005","E10000028","E07000193","E05006922"
"DE141DE",10,424854,322833,"E92000001","E19000001","E18000005","E10000028","E07000193","E05006922"
"DE141DF",10,424913,322791,"E92000001","E19000001","E18000005","E10000028","E07000193","E05006922"
"DE141DG",10,424871,322795,"E92000001","E19000001","E18000005","E10000028","E07000193","E05006922"
"DE141DH",10,425660,324961,"E92000001","E19000001","E18000005","E10000028","E07000193","E05006922"
"DE141DJ",10,425100,323384,"E92000001","E19000001","E18000005","E10000028","E07000193","E05006922"
"DE141DL",10,424902,322953,"E92000001","E19000001","E18000005","E10000028","E07000193","E05006922"
"DE141DN",10,425493,324832,"E92000001","E19000001","E18000005","E10000028","E07000193","E05006922"
"DE141DP",10,424713,323081,"E92000001","E19000001","E18000005","E10000028","E07000193","E05006922"
"DE141DQ",10,424861,322744,"E92000001","E19000001","E18000005","E10000028","E07000193","E05006922"
"DE141DR",10,424356,323135,"E92000001","E19000001","E18000005","E10000028","E07000193","E05006922"
"DE141DS",10,424272,323111,"E92000001","E19000001","E18000005","E10000028","E07000193","E05006922"
"DE141DT",10,424921,322974,"E92000001","E19000001","E18000005","E10000028","E07000193","E05006922"
"DE141DU",10,425323,324090,"E92000001","E19000001","E18000005","E10000028","E07000193","E05006922"
"DE141DW",10,424167,323014,"E92000001","E19000001","E18000005","E10000028","E07000193","E05006922"
"DE141DX",50,424777,323550,"E92000001","E19000001","E18000005","E10000028","E07000193","E05006922"
"DE141DY",10,424237,322975,"E92000001","E19000001","E18000005","E10000028","E07000193","E05006922"
"DE141DZ",10,425042,322878,"E92000001","E19000001","E18000005","E10000028","E07000193","E05006922"
"DE141EA",10,424371,322954,"E92000001","E19000001","E18000005","E10000028","E07000193","E05006922"
"DE141EB",10,424576,322889,"E92000001","E19000001","E18000005","E10000028","E07000193","E05006922"
"DE141ED",10,424462,323071,"E92000001","E19000001","E18000005","E10000028","E07000193","E05006922"
"DE141EE",10,424414,322978,"E92000001","E19000001","E18000005","E10000028","E07000193","E05006922"
"DE141EF",10,424429,322894,"E92000001","E19000001","E18000005","E10000028","E07000193","E05006922"
"DE141EG",10,424473,323006,"E92000001","E19000001","E18000005","E10000028","E07000193","E05006922"
"DE141EN",10,424484,322889,"E92000001","E19000001","E18000005","E10000028","E07000193","E05006922"
"DE141EP",10,424501,323035,"E92000001","E19000001","E18000005","E10000028","E07000193","E05006922"
"DE141ER",10,424299,322955,"E92000001","E19000001","E18000005","E10000028","E07000193","E05006922"
"DE141HA",10,425031,322745,"E92000001","E19000001","E18000005","E10000028","E07000193","E05006922"
"DE141HB",10,425062,322745,"E92000001","E19000001","E18000005","E10000028","E07000193","E05006922"
"DE141HH",10,425089,324308,"E92000001","E19000001","E18000005","E10000028","E07000193","E05006922"
"DE141HJ",10,425033,322641,"E92000001","E19000001","E18000005","E10000028","E07000193","E05006922"
"DE141HL",10,424937,322758,"E92000001","E19000001","E18000005","E10000028","E07000193","E05006922"
"DE141HN",10,424988,322704,"E92000001","E19000001","E18000005","E10000028","E07000193","E05006922"
"DE141HQ",10,425000,322703,"E92000001","E19000001","E18000005","E10000028","E07000193","E05006922"
"DE141HS",10,425081,322759,"E92000001","E19000001","E18000005","E10000028","E07000193","E05006922"
"DE141HU",10,425010,322820,"E92000001","E19000001","E18000005","E10000028","E07000193","E05006922"
"DE141HX",10,424980,322756,"E92000001","E19000001","E18000005","E10000028","E07000193","E05006922"
"DE141JA",10,425003,322803,"E92000001","E19000001","E18000005","E10000028","E07000193","E05006922"
"DE141JE",10,425053,322839,"E92000001","E19000001","E18000005","E10000028","E07000193","E05006922"
"DE141JF",10,425009,322756,"E92000001","E19000001","E18000005","E10000028","E07000193","E05006922"
"DE141JG",10,425063,322855,"E92000001","E19000001","E18000005","E10000028","E07000193","E05006922"
"DE141JN",10,425049,322889,"E92000001","E19000001","E18000005","E10000028","E07000193","E05006922"
"DE141JP",10,425086,322951,"E92000001","E19000001","E18000005","E10000028","E07000193","E05006922"
"DE141JS",10,425117,323002,"E92000001","E19000001","E18000005","E10000028","E07000193","E05006922"
"DE141JW",10,425073,322925,"E92000001","E19000001","E18000005","E10000028","E07000193","E05006922"
"DE141JY",10,425105,322932,"E92000001","E19000001","E18000005","E10000028","E07000193","E05006922"
"DE141JZ",10,425153,322994,"E92000001","E19000001","E18000005","E10000028","E07000193","E05006922"
"DE141LD",10,425215,323184,"E92000001","E19000001","E18000005","E10000028","E07000193","E05006922"
"DE141LJ",10,425256,323279,"E92000001","E19000001","E18000005","E10000028","E07000193","E05006922"
"DE141LL",10,425327,323290,"E92000001","E19000001","E18000005","E10000028","E07000193","E05006922"
"DE141LS",10,425249,323798,"E92000001","E19000001","E18000005","E10000028","E07000193","E05006922"
"DE141LX",10,425196,323942,"E92000001","E19000001","E18000005","E10000028","E07000193","E05006922"
"DE141NA",10,424758,323062,"E92000001","E19000001","E18000005","E10000028","E07000193","E05006922"
"DE141NB",10,424843,323159,"E92000001","E19000001","E18000005","E10000028","E07000193","E05006922"
"DE141NG",10,425214,323356,"E92000001","E19000001","E18000005","E10000028","E07000193","E05006922"
"DE141NJ",10,425204,323358,"E92000001","E19000001","E18000005","E10000028","E07000193","E05006922"
"DE141NQ",10,424912,323110,"E92000001","E19000001","E18000005","E10000028","E07000193","E05006922"
"DE141NR",10,425132,323392,"E92000001","E19000001","E18000005","E10000028","E07000193","E05006922"
"DE141NT",10,425167,323372,"E92000001","E19000001","E18000005","E10000028","E07000193","E05006922"
"DE141PA",10,425030,323432,"E92000001","E19000001","E18000005","E10000028","E07000193","E05006922"
"DE141PD",10,424990,324052,"E92000001","E19000001","E18000005","E10000028","E07000193","E05006922"
"DE141PG",10,424973,323380,"E92000001","E19000001","E18000005","E10000028","E07000193","E05006922"
"DE141PH",10,425008,323519,"E92000001","E19000001","E18000005","E10000028","E07000193","E05006922"
"DE141PJ",10,424792,323677,"E92000001","E19000001","E18000005","E10000028","E07000193","E05006922"
"DE141PL",10,425327,324305,"E92000001","E19000001","E18000005","E10000028","E07000193","E05006922"
"DE141PN",10,424726,323701,"E92000001","E19000001","E18000005","E10000028","E07000193","E05006922"
"DE141PP",10,424623,323937,"E92000001","E19000001","E18000005","E10000028","E07000193","E05006925"
"DE141PS",10,424681,323983,"E92000001","E19000001","E18000005","E10000028","E07000193","E05006925"
"DE141PT",10,424982,323883,"E92000001","E19000001","E18000005","E10000028","E07000193","E05006922"
"DE141PW",10,425338,324790,"E92000001","E19000001","E18000005","E10000028","E07000193","E05006925"
"DE141PX",10,424986,323812,"E92000001","E19000001","E18000005","E10000028","E07000193","E05006922"
"DE141PZ",10,425239,324155,"E92000001","E19000001","E18000005","E10000028","E07000193","E05006922"
"DE141QA",10,425002,324164,"E92000001","E19000001","E18000005","E10000028","E07000193","E05006922"
"DE141QE",10,425227,324271,"E92000001","E19000001","E18000005","E10000028","E07000193","E05006922"
"DE141QF",10,425178,324013,"E92000001","E19000001","E18000005","E10000028","E07000193","E05006922"
"DE141QG",10,425191,324378,"E92000001","E19000001","E18000005","E10000028","E07000193","E05006922"
"DE141QH",10,425093,324136,"E92000001","E19000001","E18000005","E10000028","E07000193","E05006922"
"DE141QL",10,425265,324021,"E92000001","E19000001","E18000005","E10000028","E07000193","E05006922"
"DE141QN",10,425330,324336,"E92000001","E19000001","E18000005","E10000028","E07000193","E05006922"
"DE141QR",10,425352,323713,"E92000001","E19000001","E18000005","E10000028","E07000193","E05006922"
"DE141QS",10,425432,324684,"E92000001","E19000001","E18000005","E10000028","E07000193","E05006922"
"DE141QT",10,425212,323521,"E92000001","E19000001","E18000005","E10000028","E07000193","E05006922"
"DE141QX",10,425024,323949,"E92000001","E19000001","E18000005","E10000028","E07000193","E05006922"
"DE141QY",10,425362,323750,"E92000001","E19000001","E18000005","E10000028","E07000193","E05006922"
"DE141QZ",10,425438,324651,"E92000001","E19000001","E18000005","E10000028","E07000193","E05006922"
"DE141RA",10,425575,324547,"E92000001","E19000001","E18000005","E10000028","E07000193","E05006922"
"DE141RB",10,425386,324483,"E92000001","E19000001","E18000005","E10000028","E07000193","E05006922"
"DE141RD",10,425384,324295,"E92000001","E19000001","E18000005","E10000028","E07000193","E05006922"
"DE141RE",10,425523,324406,"E92000001","E19000001","E18000005","E10000028","E07000193","E05006922"
"DE141RF",10,425722,324981,"E92000001","E19000001","E18000005","E10000028","E07000193","E05006922"
"DE141RH",10,425524,324635,"E92000001","E19000001","E18000005","E10000028","E07000193","E05006922"
"DE141RJ",10,425623,324715,"E92000001","E19000001","E18000005","E10000028","E07000193","E05006922"
"DE141RL",10,425680,324727,"E92000001","E19000001","E18000005","E10000028","E07000193","E05006922"
"DE141RN",10,425193,324736,"E92000001","E19000001","E18000005","E10000028","E07000193","E05006925"
"DE141RP",10,424909,324428,"E92000001","E19000001","E18000005","E10000028","E07000193","E05006925"
"DE141RQ",10,425452,324408,"E92000001","E19000001","E18000005","E10000028","E07000193","E05006922"
"DE141RR",10,425102,324610,"E92000001","E19000001","E18000005","E10000028","E07000193","E05006925"
"DE141RS",10,424803,324214,"E92000001","E19000001","E18000005","E10000028","E07000193","E05006925"
"DE141RT",10,425273,324745,"E92000001","E19000001","E18000005","E10000028","E07000193","E05006925"
"DE141RU",10,424765,324239,"E92000001","E19000001","E18000005","E10000028","E07000193","E05006925"
"DE141RW",10,425039,324592,"E92000001","E19000001","E18000005","E10000028","E07000193","E05006925"
"DE141RY",10,424867,324225,"E92000001","E19000001","E18000005","E10000028","E07000193","E05006925"
"DE141RZ",10,425403,324942,"E92000001","E19000001","E18000005","E10000028","E07000193","E05006925"
"DE141SA",10,425127,324717,"E92000001","E19000001","E18000005","E10000028","E07000193","E05006925"
"DE141SB",10,425278,323887,"E92000001","E19000001","E18000005","E10000028","E07000193","E05006922"
"DE141SE",10,425208,323635,"E92000001","E19000001","E18000005","E10000028","E07000193","E05006922"
"DE141SG",10,425176,324293,"E92000001","E19000001","E18000005","E10000028","E07000193","E05006922"
"DE141SH",10,425347,323910,"E92000001","E19000001","E18000005","E10000028","E07000193","E05006922"
"DE141SJ",10,425404,324168,"E92000001","E19000001","E18000005","E10000028","E07000193","E05006922"
"DE141SL",10,425304,323454,"E92000001","E19000001","E18000005","E10000028","E07000193","E05006922"
"DE141SN",10,425293,323697,"E92000001","E19000001","E18000005","E10000028","E07000193","E05006922"
"DE141SP",10,425324,323523,"E92000001","E19000001","E18000005","E10000028","E07000193","E05006922"
"DE141SQ",10,425708,324879,"E92000001","E19000001","E18000005","E10000028","E07000193","E05006922"
"DE141SS",10,425269,323630,"E92000001","E19000001","E18000005","E10000028","E07000193","E05006922"
"DE141ST",10,425765,324860,"E92000001","E19000001","E18000005","E10000028","E07000193","E05006922"
"DE141SW",10,425187,323734,"E92000001","E19000001","E18000005","E10000028","E07000193","E05006922"
"DE141SY",10,425333,323310,"E92000001","E19000001","E18000005","E10000028","E07000193","E05006922"
"DE141TD",10,425530,323406,"E92000001","E19000001","E18000005","E10000028","E07000193","E05006922"
"DE141TL",10,425368,323081,"E92000001","E19000001","E18000005","E10000028","E07000193","E05006922"
"DE141TR",10,425295,323620,"E92000001","E19000001","E18000005","E10000028","E07000193","E05006922"
"DE141TS",10,425419,323389,"E92000001","E19000001","E18000005","E10000028","E07000193","E05006922"
"DE141TT",10,425383,323432,"E92000001","E19000001","E18000005","E10000028","E07000193","E05006922"
"DE141TU",10,425386,323489,"E92000001","E19000001","E18000005","E10000028","E07000193","E05006922"
"DE141TX",10,425346,323471,"E92000001","E19000001","E18000005","E10000028","E07000193","E05006922"
"DE141WP",10,425089,324308,"E92000001","E19000001","E18000005","E10000028","E07000193","E05006922"
"DE141XA",10,425089,324308,"E92000001","E19000001","E18000005","E10000028","E07000193","E05006922"
"DE141ZT",10,425089,324308,"E92000001","E19000001","E18000005","E10000028","E07000193","E05006922"
"DE142AA",10,423185,322456,"E92000001","E19000001","E18000005","E10000028","E07000193","E05006930"
"DE142AB",10,423364,322678,"E92000001","E19000001","E18000005","E10000028","E07000193","E05006930"
"DE142AD",10,423574,322887,"E92000001","E19000001","E18000005","E10000028","E07000193","E05006930"
"DE142AF",10,424948,325330,"E92000001","E19000001","E18000005","E10000028","E07000193","E05006925"
"DE142AG",10,425000,325416,"E92000001","E19000001","E18000005","E10000028","E07000193","E05006925"
"DE142AN",10,425022,325149,"E92000001","E19000001","E18000005","E10000028","E07000193","E05006925"
"DE142AP",10,423597,322935,"E92000001","E19000001","E18000005","E10000028","E07000193","E05006930"
"DE142AQ",10,425024,325273,"E92000001","E19000001","E18000005","E10000028","E07000193","E05006925"
"DE142AR",10,422832,321918,"E92000001","E19000001","E18000005","E10000028","E07000193","E05006920"
"DE142AS",10,423895,323110,"E92000001","E19000001","E18000005","E10000028","E07000193","E05006930"
"DE142AT",10,423115,322033,"E92000001","E19000001","E18000005","E10000028","E07000193","E05006920"
"DE142AU",10,423956,323101,"E92000001","E19000001","E18000005","E10000028","E07000193","E05006930"
"DE142AW",10,423364,322396,"E92000001","E19000001","E18000005","E10000028","E07000193","E05006930"
"DE142AX",10,422357,323262,"E92000001","E19000001","E18000005","E10000028","E07000193","E05006930"
"DE142AY",10,423577,323064,"E92000001","E19000001","E18000005","E10000028","E07000193","E05006930"
"DE142AZ",10,423966,323097,"E92000001","E19000001","E18000005","E10000028","E07000193","E05006930"
"DE142BA",10,423582,323202,"E92000001","E19000001","E18000005","E10000028","E07000193","E05006930"
"DE142BB",10,423151,323475,"E92000001","E19000001","E18000005","E10000028","E07000193","E05006930"
"DE142BD",10,422568,323703,"E92000001","E19000001","E18000005","E10000028","E07000193","E05006930"
"DE142BE",10,422667,323612,"E92000001","E19000001","E18000005","E10000028","E07000193","E05006930"
"DE142BF",10,425094,325059,"E92000001","E19000001","E18000005","E10000028","E07000193","E05006925"
"DE142BG",10,423221,323357,"E92000001","E19000001","E18000005","E10000028","E07000193","E05006930"
"DE142BH",10,423081,323516,"E92000001","E19000001","E18000005","E10000028","E07000193","E05006930"
"DE142BJ",10,422835,323707,"E92000001","E19000001","E18000005","E10000028","E07000193","E05006930"
"DE142BP",10,422746,323896,"E92000001","E19000001","E18000005","E10000028","E07000193","E05006930"
"DE142BS",10,422734,323733,"E92000001","E19000001","E18000005","E10000028","E07000193","E05006930"
"DE142BU",10,423770,323116,"E92000001","E19000001","E18000005","E10000028","E07000193","E05006930"
"DE142BW",10,425089,324308,"E92000001","E19000001","E18000005","E10000028","E07000193","E05006922"
"DE142BX",10,423006,323559,"E92000001","E19000001","E18000005","E10000028","E07000193","E05006930"
"DE142BZ",10,422717,322371,"E92000001","E19000001","E18000005","E10000028","E07000193","E05006920"
"DE142DA",10,424102,323335,"E92000001","E19000001","E18000005","E10000028","E07000193","E05006930"
"DE142DB",10,424147,323258,"E92000001","E19000001","E18000005","E10000028","E07000193","E05006930"
"DE142DF",10,424120,323367,"E92000001","E19000001","E18000005","E10000028","E07000193","E05006930"
"DE142DH",10,424052,323256,"E92000001","E19000001","E18000005","E10000028","E07000193","E05006930"
"DE142DL",10,425006,324998,"E92000001","E19000001","E18000005","E10000028","E07000193","E05006925"
"DE142DN",10,425068,324899,"E92000001","E19000001","E18000005","E10000028","E07000193","E05006925"
"DE142DP",10,423965,323306,"E92000001","E19000001","E18000005","E10000028","E07000193","E05006930"
"DE142DQ",10,422882,322038,"E92000001","E19000001","E18000005","E10000028","E07000193","E05006920"
"DE142DR",10,424027,323327,"E92000001","E19000001","E18000005","E10000028","E07000193","E05006930"
"DE142DS",10,423865,323189,"E92000001","E19000001","E18000005","E10000028","E07000193","E05006930"
"DE142DU",10,423803,323179,"E92000001","E19000001","E18000005","E10000028","E07000193","E05006930"
"DE142DW",10,423555,322606,"E92000001","E19000001","E18000005","E10000028","E07000193","E05006930"
"DE142DX",10,423889,323275,"E92000001","E19000001","E18000005","E10000028","E07000193","E05006930"
"DE142DZ",10,423984,323567,"E92000001","E19000001","E18000005","E10000028","E07000193","E05006930"
"DE142EA",10,423720,323171,"E92000001","E19000001","E18000005","E10000028","E07000193","E05006930"
"DE142EB",10,424007,323435,"E92000001","E19000001","E18000005","E10000028","E07000193","E05006930"
"DE142ED",10,423974,323474,"E92000001","E19000001","E18000005","E10000028","E07000193","E05006930"
"DE142EE",10,423849,323308,"E92000001","E19000001","E18000005","E10000028","E07000193","E05006930"
"DE142EF",10,423924,323510,"E92000001","E19000001","E18000005","E10000028","E07000193","E05006930"
"DE142EG",10,424097,323571,"E92000001","E19000001","E18000005","E10000028","E07000193","E05006930"
"DE142EH",10,423992,323589,"E92000001","E19000001","E18000005","E10000028","E07000193","E05006930"
"DE142EJ",10,423982,323627,"E92000001","E19000001","E18000005","E10000028","E07000193","E05006930"
"DE142EL",10,423909,323664,"E92000001","E19000001","E18000005","E10000028","E07000193","E05006930"
"DE142EN",10,423892,323565,"E92000001","E19000001","E18000005","E10000028","E07000193","E05006930"
"DE142EP",10,423720,323539,"E92000001","E19000001","E18000005","E10000028","E07000193","E05006930"
"DE142EQ",10,423886,323415,"E92000001","E19000001","E18000005","E10000028","E07000193","E05006930"
"DE142ER",10,423824,323603,"E92000001","E19000001","E18000005","E10000028","E07000193","E05006930"
"DE142ES",10,423649,323314,"E92000001","E19000001","E18000005","E10000028","E07000193","E05006930"
"DE142ET",10,423721,323403,"E92000001","E19000001","E18000005","E10000028","E07000193","E05006930"
"DE142EU",10,424185,323492,"E92000001","E19000001","E18000005","E10000028","E07000193","E05006930"
"DE142EW",10,423793,323501,"E92000001","E19000001","E18000005","E10000028","E07000193","E05006930"
"DE142EX",10,423750,323248,"E92000001","E19000001","E18000005","E10000028","E07000193","E05006930"
"DE142EY",10,423746,323209,"E92000001","E19000001","E18000005","E10000028","E07000193","E05006930"
"DE142EZ",10,423816,323440,"E92000001","E19000001","E18000005","E10000028","E07000193","E05006930"
"DE142FB",10,425209,325333,"E92000001","E19000001","E18000005","E10000028","E07000193","E05006925"
"DE142FD",10,424417,324547,"E92000001","E19000001","E18000005","E10000028","E07000193","E05006925"
"DE142FE",10,423832,323369,"E92000001","E19000001","E18000005","E10000028","E07000193","E05006930"
"DE142FF",50,423832,323369,"E92000001","E19000001","E18000005","E10000028","E07000193","E05006930"
"DE142FH",10,425147,325225,"E92000001","E19000001","E18000005","E10000028","E07000193","E05006925"
"DE142FJ",10,425176,325290,"E92000001","E19000001","E18000005","E10000028","E07000193","E05006925"
"DE142FL",10,425150,325379,"E92000001","E19000001","E18000005","E10000028","E07000193","E05006925"
"DE142FR",10,425151,325329,"E92000001","E19000001","E18000005","E10000028","E07000193","E05006925"
"DE142GA",10,423952,324259,"E92000001","E19000001","E18000005","E10000028","E07000193","E05006925"
"DE142GB",10,423741,323370,"E92000001","E19000001","E18000005","E10000028","E07000193","E05006930"
"DE142GD",10,423321,323446,"E92000001","E19000001","E18000005","E10000028","E07000193","E05006930"
"DE142GP",10,423798,323766,"E92000001","E19000001","E18000005","E10000028","E07000193","E05006930"
"DE142GR",10,422190,321415,"E92000001","E19000001","E18000005","E10000028","E07000193","E05006920"
"DE142GU",10,423958,324092,"E92000001","E19000001","E18000005","E10000028","E07000193","E05006930"
"DE142HE",10,423578,323346,"E92000001","E19000001","E18000005","E10000028","E07000193","E05006930"
"DE142HF",10,423507,323431,"E92000001","E19000001","E18000005","E10000028","E07000193","E05006930"
"DE142HG",10,423577,323575,"E92000001","E19000001","E18000005","E10000028","E07000193","E05006930"
"DE142HH",10,423649,323487,"E92000001","E19000001","E18000005","E10000028","E07000193","E05006930"
"DE142HJ",10,423751,323669,"E92000001","E19000001","E18000005","E10000028","E07000193","E05006930"
"DE142HL",10,423858,323880,"E92000001","E19000001","E18000005","E10000028","E07000193","E05006930"
"DE142HN",10,423994,324054,"E92000001","E19000001","E18000005","E10000028","E07000193","E05006930"
"DE142HQ",10,423636,323695,"E92000001","E19000001","E18000005","E10000028","E07000193","E05006930"
"DE142HR",10,423828,323903,"E92000001","E19000001","E18000005","E10000028","E07000193","E05006930"
"DE142HS",10,423712,323680,"E92000001","E19000001","E18000005","E10000028","E07000193","E05006930"
"DE142HT",10,423602,323454,"E92000001","E19000001","E18000005","E10000028","E07000193","E05006930"
"DE142HU",10,423950,323893,"E92000001","E19000001","E18000005","E10000028","E07000193","E05006930"
"DE142HX",10,423909,323835,"E92000001","E19000001","E18000005","E10000028","E07000193","E05006930"
"DE142HY",10,424093,324011,"E92000001","E19000001","E18000005","E10000028","E07000193","E05006930"
"DE142HZ",10,424063,324014,"E92000001","E19000001","E18000005","E10000028","E07000193","E05006930"
"DE142JA",10,424052,323776,"E92000001","E19000001","E18000005","E10000028","E07000193","E05006930"
"DE142JB",10,424028,323815,"E92000001","E19000001","E18000005","E10000028","E07000193","E05006930"
"DE142JD",10,424094,323912,"E92000001","E19000001","E18000005","E10000028","E07000193","E05006930"
"DE142JE",10,423973,323935,"E92000001","E19000001","E18000005","E10000028","E07000193","E05006930"
"DE142JF",10,424000,323952,"E92000001","E19000001","E18000005","E10000028","E07000193","E05006930"
"DE142JG",10,423945,323747,"E92000001","E19000001","E18000005","E10000028","E07000193","E05006930"
"DE142JH",10,423964,323528,"E92000001","E19000001","E18000005","E10000028","E07000193","E05006930"
"DE142JJ",10,424229,323397,"E92000001","E19000001","E18000005","E10000028","E07000193","E05006930"
"DE142JL",10,423750,323901,"E92000001","E19000001","E18000005","E10000028","E07000193","E05006930"
"DE142JN",10,424077,323721,"E92000001","E19000001","E18000005","E10000028","E07000193","E05006930"
"DE142JP",10,423836,323998,"E92000001","E19000001","E18000005","E10000028","E07000193","E05006930"
"DE142JQ",10,424017,323675,"E92000001","E19000001","E18000005","E10000028","E07000193","E05006930"
"DE142JR",10,423660,323772,"E92000001","E19000001","E18000005","E10000028","E07000193","E05006930"
"DE142JS",10,423518,323598,"E92000001","E19000001","E18000005","E10000028","E07000193","E05006930"
"DE142JT",10,423690,323724,"E92000001","E19000001","E18000005","E10000028","E07000193","E05006930"
"DE142JU",10,423993,323886,"E92000001","E19000001","E18000005","E10000028","E07000193","E05006930"
"DE142JW",10,424099,323715,"E92000001","E19000001","E18000005","E10000028","E07000193","E05006930"
"DE142LA",10,424169,323437,"E92000001","E19000001","E18000005","E10000028","E07000193","E05006930"
"DE142LD",10,424265,323584,"E92000001","E19000001","E18000005","E10000028","E07000193","E05006930"
"DE142LE",10,424419,323788,"E92000001","E19000001","E18000005","E10000028","E07000193","E05006930"
"DE142LF",10,424537,323945,"E92000001","E19000001","E18000005","E10000028","E07000193","E05006925"
"DE142LG",10,424537,323893,"E92000001","E19000001","E18000005","E10000028","E07000193","E05006925"
"DE142LH",10,424486,323815,"E92000001","E19000001","E18000005","E10000028","E07000193","E05006930"
"DE142LJ",10,424244,323504,"E92000001","E19000001","E18000005","E10000028","E07000193","E05006930"
"DE142LN",10,424410,323649,"E92000001","E19000001","E18000005","E10000028","E07000193","E05006930"
"DE142LP",10,424298,323791,"E92000001","E19000001","E18000005","E10000028","E07000193","E05006930"
"DE142LR",10,424366,323881,"E92000001","E19000001","E18000005","E10000028","E07000193","E05006930"
"DE142LS",10,424470,323978,"E92000001","E19000001","E18000005","E10000028","E07000193","E05006925"
"DE142LT",10,424257,323803,"E92000001","E19000001","E18000005","E10000028","E07000193","E05006930"
"DE142LU",10,424414,323901,"E92000001","E19000001","E18000005","E10000028","E07000193","E05006930"
"DE142LX",10,424244,323948,"E92000001","E19000001","E18000005","E10000028","E07000193","E05006930"
"DE142LY",10,424286,323898,"E92000001","E19000001","E18000005","E10000028","E07000193","E05006930"
"DE142LZ",10,424204,323932,"E92000001","E19000001","E18000005","E10000028","E07000193","E05006930"
"DE142NA",10,424105,323454,"E92000001","E19000001","E18000005","E10000028","E07000193","E05006930"
"DE142NB",10,424133,323666,"E92000001","E19000001","E18000005","E10000028","E07000193","E05006930"
"DE142ND",10,424172,323818,"E92000001","E19000001","E18000005","E10000028","E07000193","E05006930"
"DE142NF",10,424186,324008,"E92000001","E19000001","E18000005","E10000028","E07000193","E05006930"
"DE142NG",10,424157,323999,"E92000001","E19000001","E18000005","E10000028","E07000193","E05006930"
"DE142NJ",10,424127,323549,"E92000001","E19000001","E18000005","E10000028","E07000193","E05006930"
"DE142NL",10,424273,323702,"E92000001","E19000001","E18000005","E10000028","E07000193","E05006930"
"DE142NN",10,424248,323902,"E92000001","E19000001","E18000005","E10000028","E07000193","E05006930"
"DE142NP",10,424208,323808,"E92000001","E19000001","E18000005","E10000028","E07000193","E05006930"
"DE142NQ",10,424144,323824,"E92000001","E19000001","E18000005","E10000028","E07000193","E05006930"
"DE142NR",10,424237,323852,"E92000001","E19000001","E18000005","E10000028","E07000193","E05006930"
"DE142NS",10,424278,323388,"E92000001","E19000001","E18000005","E10000028","E07000193","E05006930"
"DE142NT",10,424219,323626,"E92000001","E19000001","E18000005","E10000028","E07000193","E05006930"
"DE142NU",10,424029,323637,"E92000001","E19000001","E18000005","E10000028","E07000193","E05006930"
"DE142NW",10,424196,323699,"E92000001","E19000001","E18000005","E10000028","E07000193","E05006930"
"DE142NY",10,423714,324210,"E92000001","E19000001","E18000005","E10000028","E07000193","E05006930"
"DE142NZ",10,424434,324148,"E92000001","E19000001","E18000005","E10000028","E07000193","E05006925"
"DE142PB",10,424435,324009,"E92000001","E19000001","E18000005","E10000028","E07000193","E05006925"
"DE142PD",10,424260,324077,"E92000001","E19000001","E18000005","E10000028","E07000193","E05006925"
"DE142PE",10,424381,324478,"E92000001","E19000001","E18000005","E10000028","E07000193","E05006925"
"DE142PF",10,424553,324063,"E92000001","E19000001","E18000005","E10000028","E07000193","E05006925"
"DE142PG",10,424256,324041,"E92000001","E19000001","E18000005","E10000028","E07000193","E05006925"
"DE142PJ",10,423757,324150,"E92000001","E19000001","E18000005","E10000028","E07000193","E05006930"
"DE142PL",10,423794,324140,"E92000001","E19000001","E18000005","E10000028","E07000193","E05006930"
"DE142PN",10,424314,324130,"E92000001","E19000001","E18000005","E10000028","E07000193","E05006925"
"DE142PP",10,424459,324306,"E92000001","E19000001","E18000005","E10000028","E07000193","E05006925"
"DE142PQ",10,424127,324114,"E92000001","E19000001","E18000005","E10000028","E07000193","E05006925"
"DE142PR",10,424526,324198,"E92000001","E19000001","E18000005","E10000028","E07000193","E05006925"
"DE142PT",10,424402,324460,"E92000001","E19000001","E18000005","E10000028","E07000193","E05006925"
"DE142PW",10,424339,324168,"E92000001","E19000001","E18000005","E10000028","E07000193","E05006925"
"DE142PX",10,424432,324459,"E92000001","E19000001","E18000005","E10000028","E07000193","E05006925"
"DE142PY",10,424519,324273,"E92000001","E19000001","E18000005","E10000028","E07000193","E05006925"
"DE142PZ",10,424576,324167,"E92000001","E19000001","E18000005","E10000028","E07000193","E05006925"
"DE142QA",10,424183,324158,"E92000001","E19000001","E18000005","E10000028","E07000193","E05006925"
"DE142QB",10,424537,324084,"E92000001","E19000001","E18000005","E10000028","E07000193","E05006925"
"DE142QD",10,424286,324294,"E92000001","E19000001","E18000005","E10000028","E07000193","E05006925"
"DE142QE",10,424309,324414,"E92000001","E19000001","E18000005","E10000028","E07000193","E05006925"
"DE142QF",10,424359,324299,"E92000001","E19000001","E18000005","E10000028","E07000193","E05006925"
"DE142QG",10,424231,324341,"E92000001","E19000001","E18000005","E10000028","E07000193","E05006925"
"DE142QH",10,424347,324387,"E92000001","E19000001","E18000005","E10000028","E07000193","E05006925"
"DE142QJ",10,424387,324200,"E92000001","E19000001","E18000005","E10000028","E07000193","E05006925"
"DE142QL",10,424581,324274,"E92000001","E19000001","E18000005","E10000028","E07000193","E05006925"
"DE142QN",10,424491,324103,"E92000001","E19000001","E18000005","E10000028","E07000193","E05006925"
"DE142QP",10,424517,324501,"E92000001","E19000001","E18000005","E10000028","E07000193","E05006925"
"DE142QQ",10,424209,324157,"E92000001","E19000001","E18000005","E10000028","E07000193","E05006925"
"DE142QR",10,424636,324292,"E92000001","E19000001","E18000005","E10000028","E07000193","E05006925"
"DE142QS",10,424731,324486,"E92000001","E19000001","E18000005","E10000028","E07000193","E05006925"
"DE142QT",10,424728,324376,"E92000001","E19000001","E18000005","E10000028","E07000193","E05006925"
"DE142QU",10,424697,324481,"E92000001","E19000001","E18000005","E10000028","E07000193","E05006925"
"DE142QW",10,424568,324362,"E92000001","E19000001","E18000005","E10000028","E07000193","E05006925"
"DE142QX",10,424825,324612,"E92000001","E19000001","E18000005","E10000028","E07000193","E05006925"
"DE142QY",10,424853,324624,"E92000001","E19000001","E18000005","E10000028","E07000193","E05006925"
"DE142QZ",10,424932,324696,"E92000001","E19000001","E18000005","E10000028","E07000193","E05006925"
"DE142RA",10,424994,324653,"E92000001","E19000001","E18000005","E10000028","E07000193","E05006925"
"DE142RB",10,424622,324185,"E92000001","E19000001","E18000005","E10000028","E07000193","E05006925"
"DE142RD",10,424690,324299,"E92000001","E19000001","E18000005","E10000028","E07000193","E05006925"
"DE142RE",10,424815,324466,"E92000001","E19000001","E18000005","E10000028","E07000193","E05006925"
"DE142RF",10,424957,324609,"E92000001","E19000001","E18000005","E10000028","E07000193","E05006925"
"DE142RG",10,424826,324444,"E92000001","E19000001","E18000005","E10000028","E07000193","E05006925"
"DE142RH",10,424689,324365,"E92000001","E19000001","E18000005","E10000028","E07000193","E05006925"
"DE142RQ",10,424680,324247,"E92000001","E19000001","E18000005","E10000028","E07000193","E05006925"
"DE142RS",10,424468,324643,"E92000001","E19000001","E18000005","E10000028","E07000193","E05006925"
"DE142RT",10,424580,324759,"E92000001","E19000001","E18000005","E10000028","E07000193","E05006925"
"DE142RU",10,424804,324907,"E92000001","E19000001","E18000005","E10000028","E07000193","E05006925"
"DE142RX",10,424532,324605,"E92000001","E19000001","E18000005","E10000028","E07000193","E05006925"
"DE142RY",10,424586,324831,"E92000001","E19000001","E18000005","E10000028","E07000193","E05006925"
"DE142RZ",10,424758,324922,"E92000001","E19000001","E18000005","E10000028","E07000193","E05006925"
"DE142SA",10,424881,325128,"E92000001","E19000001","E18000005","E10000028","E07000193","E05006925"
"DE142SB",10,424854,325041,"E92000001","E19000001","E18000005","E10000028","E07000193","E05006925"
"DE142SD",10,424807,325066,"E92000001","E19000001","E18000005","E10000028","E07000193","E05006925"
"DE142SE",10,424770,324965,"E92000001","E19000001","E18000005","E10000028","E07000193","E05006925"
"DE142SF",10,424763,325022,"E92000001","E19000001","E18000005","E10000028","E07000193","E05006925"
"DE142SG",10,424750,325127,"E92000001","E19000001","E18000005","E10000028","E07000193","E05006925"
"DE142SH",10,424818,325094,"E92000001","E19000001","E18000005","E10000028","E07000193","E05006925"
"DE142SJ",10,424733,324960,"E92000001","E19000001","E18000005","E10000028","E07000193","E05006925"
"DE142SL",10,424697,324899,"E92000001","E19000001","E18000005","E10000028","E07000193","E05006925"
"DE142SN",10,424622,324730,"E92000001","E19000001","E18000005","E10000028","E07000193","E05006925"
"DE142SP",10,424933,324746,"E92000001","E19000001","E18000005","E10000028","E07000193","E05006925"
"DE142SQ",10,424645,324942,"E92000001","E19000001","E18000005","E10000028","E07000193","E05006925"
"DE142SR",10,424642,324579,"E92000001","E19000001","E18000005","E10000028","E07000193","E05006925"
"DE142SS",10,424661,324558,"E92000001","E19000001","E18000005","E10000028","E07000193","E05006925"
"DE142ST",10,424502,324421,"E92000001","E19000001","E18000005","E10000028","E07000193","E05006925"
"DE142SU",10,425094,324768,"E92000001","E19000001","E18000005","E10000028","E07000193","E05006925"
"DE142SW",10,424902,324772,"E92000001","E19000001","E18000005","E10000028","E07000193","E05006925"
"DE142SX",10,425154,324865,"E92000001","E19000001","E18000005","E10000028","E07000193","E05006925"
"DE142SY",10,422759,323003,"E92000001","E19000001","E18000005","E10000028","E07000193","E05006930"
"DE142TA",10,422502,323588,"E92000001","E19000001","E18000005","E10000028","E07000193","E05006930"
"DE142TD",10,422526,323545,"E92000001","E19000001","E18000005","E10000028","E07000193","E05006930"
"DE142TG",10,423209,322125,"E92000001","E19000001","E18000005","E10000028","E07000193","E05006920"
"DE142UA",10,423470,323408,"E92000001","E19000001","E18000005","E10000028","E07000193","E05006930"
"DE142UB",10,423379,323344,"E92000001","E19000001","E18000005","E10000028","E07000193","E05006930"
"DE142UD",10,423446,323286,"E92000001","E19000001","E18000005","E10000028","E07000193","E05006930"
"DE142UE",10,423089,322984,"E92000001","E19000001","E18000005","E10000028","E07000193","E05006930"
"DE142UZ",10,423240,323051,"E92000001","E19000001","E18000005","E10000028","E07000193","E05006930"
"DE142WA",10,422885,322311,"E92000001","E19000001","E18000005","E10000028","E07000193","E05006920"
"DE142WB",10,422210,321578,"E92000001","E19000001","E18000005","E10000028","E07000193","E05006920"
"DE142WD",10,422600,322402,"E92000001","E19000001","E18000005","E10000028","E07000193","E05006920"
"DE142WE",10,422119,321480,"E92000001","E19000001","E18000005","E10000028","E07000193","E05006920"
"DE142WF",10,422410,322041,"E92000001","E19000001","E18000005","E10000028","E07000193","E05006920"
"DE142WG",10,422494,321867,"E92000001","E19000001","E18000005","E10000028","E07000193","E05006920"
"DE142WH",10,422224,321493,"E92000001","E19000001","E18000005","E10000028","E07000193","E05006920"
"DE142WJ",10,422362,321885,"E92000001","E19000001","E18000005","E10000028","E07000193","E05006920"
"DE142WL",10,422831,322741,"E92000001","E19000001","E18000005","E10000028","E07000193","E05006930"
"DE142WN",10,422293,321721,"E92000001","E19000001","E18000005","E10000028","E07000193","E05006920"
"DE142WP",10,423012,322528,"E92000001","E19000001","E18000005","E10000028","E07000193","E05006930"
"DE142WQ",10,422566,322510,"E92000001","E19000001","E18000005","E10000028","E07000193","E05006930"
"DE142WS",10,423125,322836,"E92000001","E19000001","E18000005","E10000028","E07000193","E05006930"
"DE142WT",10,422796,322600,"E92000001","E19000001","E18000005","E10000028","E07000193","E05006930"
"DE142WU",10,425089,324308,"E92000001","E19000001","E18000005","E10000028","E07000193","E05006922"
"DE142WW",10,422227,321675,"E92000001","E19000001","E18000005","E10000028","E07000193","E05006920"
"DE142WX",10,422108,321424,"E92000001","E19000001","E18000005","E10000028","E07000193","E05006920"
"DE142WZ",50,422099,321395,"E92000001","E19000001","E18000005","E10000028","E07000193","E05006920"
"DE142XE",10,425089,324308,"E92000001","E19000001","E18000005","E10000028","E07000193","E05006922"
"DE142ZB",10,425089,324308,"E92000001","E19000001","E18000005","E10000028","E07000193","E05006922"
"DE143AA",10,424497,322313,"E92000001","E19000001","E18000005","E10000028","E07000193","E05006922"
"DE143AB",10,424351,322370,"E92000001","E19000001","E18000005","E10000028","E07000193","E05006918"
"DE143AE",10,424414,322258,"E92000001","E19000001","E18000005","E10000028","E07000193","E05006918"
"DE143AF",10,424285,322036,"E92000001","E19000001","E18000005","E10000028","E07000193","E05006918"
"DE143AG",10,424311,322036,"E92000001","E19000001","E18000005","E10000028","E07000193","E05006918"
"DE143AH",10,424634,322193,"E92000001","E19000001","E18000005","E10000028","E07000193","E05006918"
"DE143AJ",10,424466,322639,"E92000001","E19000001","E18000005","E10000028","E07000193","E05006922"
"DE143AL",10,424619,322125,"E92000001","E19000001","E18000005","E10000028","E07000193","E05006918"
"DE143AN",10,424630,322027,"E92000001","E19000001","E18000005","E10000028","E07000193","E05006918"
"DE143AP",10,424483,322023,"E92000001","E19000001","E18000005","E10000028","E07000193","E05006918"
"DE143AQ",10,424541,322126,"E92000001","E19000001","E18000005","E10000028","E07000193","E05006918"
"DE143AR",10,424494,321943,"E92000001","E19000001","E18000005","E10000028","E07000193","E05006918"
"DE143AS",10,424505,322126,"E92000001","E19000001","E18000005","E10000028","E07000193","E05006918"
"DE143AT",10,424416,321792,"E92000001","E19000001","E18000005","E10000028","E07000193","E05006918"
"DE143AU",10,424353,321669,"E92000001","E19000001","E18000005","E10000028","E07000193","E05006918"
"DE143AW",10,424536,322059,"E92000001","E19000001","E18000005","E10000028","E07000193","E05006918"
"DE143AX",10,424281,321584,"E92000001","E19000001","E18000005","E10000028","E07000193","E05006918"
"DE143AY",10,424325,321547,"E92000001","E19000001","E18000005","E10000028","E07000193","E05006918"
"DE143AZ",10,424247,321540,"E92000001","E19000001","E18000005","E10000028","E07000193","E05006918"
"DE143BA",10,424272,321682,"E92000001","E19000001","E18000005","E10000028","E07000193","E05006918"
"DE143BB",10,424257,322055,"E92000001","E19000001","E18000005","E10000028","E07000193","E05006918"
"DE143BE",10,424252,321616,"E92000001","E19000001","E18000005","E10000028","E07000193","E05006918"
"DE143BF",10,424158,322559,"E92000001","E19000001","E18000005","E10000028","E07000193","E05006918"
"DE143BH",10,423020,321289,"E92000001","E19000001","E18000005","E10000028","E07000193","E05006920"
"DE143BJ",10,422819,321319,"E92000001","E19000001","E18000005","E10000028","E07000193","E05006920"
"DE143BL",10,424796,322369,"E92000001","E19000001","E18000005","E10000028","E07000193","E05006922"
"DE143BN",10,423697,321150,"E92000001","E19000001","E18000005","E10000028","E07000193","E05006920"
"DE143BP",10,424626,322281,"E92000001","E19000001","E18000005","E10000028","E07000193","E05006922"
"DE143BQ",10,422948,321319,"E92000001","E19000001","E18000005","E10000028","E07000193","E05006920"
"DE143BS",10,424524,322200,"E92000001","E19000001","E18000005","E10000028","E07000193","E05006918"
"DE143BT",10,424325,321974,"E92000001","E19000001","E18000005","E10000028","E07000193","E05006918"
"DE143BY",10,424409,322010,"E92000001","E19000001","E18000005","E10000028","E07000193","E05006918"
"DE143DA",10,423594,321830,"E92000001","E19000001","E18000005","E10000028","E07000193","E05006920"
"DE143DB",10,424151,321716,"E92000001","E19000001","E18000005","E10000028","E07000193","E05006918"
"DE143DD",10,424169,321673,"E92000001","E19000001","E18000005","E10000028","E07000193","E05006918"
"DE143DF",10,424168,321523,"E92000001","E19000001","E18000005","E10000028","E07000193","E05006918"
"DE143DH",10,424060,321480,"E92000001","E19000001","E18000005","E10000028","E07000193","E05006920"
"DE143DJ",10,424054,321409,"E92000001","E19000001","E18000005","E10000028","E07000193","E05006920"
"DE143DL",10,423954,321388,"E92000001","E19000001","E18000005","E10000028","E07000193","E05006920"
"DE143DN",10,423720,321299,"E92000001","E19000001","E18000005","E10000028","E07000193","E05006920"
"DE143DP",10,423418,321129,"E92000001","E19000001","E18000005","E10000028","E07000193","E05006920"
"DE143DQ",10,424078,321550,"E92000001","E19000001","E18000005","E10000028","E07000193","E05006918"
"DE143DR",10,423086,321140,"E92000001","E19000001","E18000005","E10000028","E07000193","E05006920"
"DE143DS",10,422984,321231,"E92000001","E19000001","E18000005","E10000028","E07000193","E05006920"
"DE143DT",10,424190,321457,"E92000001","E19000001","E18000005","E10000028","E07000193","E05006918"
"DE143DU",10,423639,321872,"E92000001","E19000001","E18000005","E10000028","E07000193","E05006920"
"DE143DW",10,423725,321243,"E92000001","E19000001","E18000005","E10000028","E07000193","E05006920"
"DE143DX",10,424497,322400,"E92000001","E19000001","E18000005","E10000028","E07000193","E05006922"
"DE143DY",10,423770,321748,"E92000001","E19000001","E18000005","E10000028","E07000193","E05006920"
"DE143DZ",10,423844,321644,"E92000001","E19000001","E18000005","E10000028","E07000193","E05006920"
"DE143EA",10,424331,321791,"E92000001","E19000001","E18000005","E10000028","E07000193","E05006918"
"DE143EB",10,423497,321842,"E92000001","E19000001","E18000005","E10000028","E07000193","E05006920"
"DE143ED",10,423947,321538,"E92000001","E19000001","E18000005","E10000028","E07000193","E05006920"
"DE143EE",10,423442,321241,"E92000001","E19000001","E18000005","E10000028","E07000193","E05006920"
"DE143EF",10,423649,321782,"E92000001","E19000001","E18000005","E10000028","E07000193","E05006920"
"DE143EG",10,423257,321213,"E92000001","E19000001","E18000005","E10000028","E07000193","E05006920"
"DE143EH",10,423553,320913,"E92000001","E19000001","E18000005","E10000028","E07000193","E05006920"
"DE143EJ",10,423515,320960,"E92000001","E19000001","E18000005","E10000028","E07000193","E05006920"
"DE143EL",10,423674,321466,"E92000001","E19000001","E18000005","E10000028","E07000193","E05006920"
"DE143EN",10,422747,321147,"E92000001","E19000001","E18000005","E10000028","E07000193","E05006920"
"DE143EP",10,422737,321063,"E92000001","E19000001","E18000005","E10000028","E07000193","E05006920"
"DE143EQ",10,422286,321136,"E92000001","E19000001","E18000005","E10000028","E07000193","E05006920"
"DE143ER",10,422449,321150,"E92000001","E19000001","E18000005","E10000028","E07000193","E05006920"
"DE143ES",10,422612,321145,"E92000001","E19000001","E18000005","E10000028","E07000193","E05006920"
"DE143ET",10,422384,321092,"E92000001","E19000001","E18000005","E10000028","E07000193","E05006920"
"DE143EU",10,422502,321067,"E92000001","E19000001","E18000005","E10000028","E07000193","E05006920"
"DE143EW",10,422803,321070,"E92000001","E19000001","E18000005","E10000028","E07000193","E05006920"
"DE143EX",10,422399,321154,"E92000001","E19000001","E18000005","E10000028","E07000193","E05006920"
"DE143EY",10,422116,321041,"E92000001","E19000001","E18000005","E10000028","E07000193","E05006920"
"DE143EZ",10,421828,321245,"E92000001","E19000001","E18000005","E10000028","E07000193","E05006920"
"DE143FB",10,423657,321378,"E92000001","E19000001","E18000005","E10000028","E07000193","E05006920"
"DE143FD",10,424172,321555,"E92000001","E19000001","E18000005","E10000028","E07000193","E05006918"
"DE143FE",10,422370,321008,"E92000001","E19000001","E18000005","E10000028","E07000193","E05006920"
"DE143FF",10,422353,320918,"E92000001","E19000001","E18000005","E10000028","E07000193","E05006920"
"DE143FG",10,422388,320915,"E92000001","E19000001","E18000005","E10000028","E07000193","E05006920"
"DE143FH",10,423107,321562,"E92000001","E19000001","E18000005","E10000028","E07000193","E05006920"
"DE143FJ",10,423131,321624,"E92000001","E19000001","E18000005","E10000028","E07000193","E05006920"
"DE143FL",10,423176,321717,"E92000001","E19000001","E18000005","E10000028","E07000193","E05006920"
"DE143FN",10,423365,321383,"E92000001","E19000001","E18000005","E10000028","E07000193","E05006920"
"DE143FP",10,422355,321055,"E92000001","E19000001","E18000005","E10000028","E07000193","E05006920"
"DE143FQ",10,423404,321989,"E92000001","E19000001","E18000005","E10000028","E07000193","E05006920"
"DE143FR",10,424775,322568,"E92000001","E19000001","E18000005","E10000028","E07000193","E05006922"
"DE143FU",10,422221,321172,"E92000001","E19000001","E18000005","E10000028","E07000193","E05006920"
"DE143FW",10,422208,320869,"E92000001","E19000001","E18000005","E10000028","E07000193","E05006920"
"DE143GA",10,422987,321359,"E92000001","E19000001","E18000005","E10000028","E07000193","E05006920"
"DE143GB",10,423147,321396,"E92000001","E19000001","E18000005","E10000028","E07000193","E05006920"
"DE143GD",10,423091,321275,"E92000001","E19000001","E18000005","E10000028","E07000193","E05006920"
"DE143GE",10,423168,321276,"E92000001","E19000001","E18000005","E10000028","E07000193","E05006920"
"DE143GF",10,423107,321204,"E92000001","E19000001","E18000005","E10000028","E07000193","E05006920"
"DE143GG",10,423020,321405,"E92000001","E19000001","E18000005","E10000028","E07000193","E05006920"
"DE143GH",10,423085,321396,"E92000001","E19000001","E18000005","E10000028","E07000193","E05006920"
"DE143GJ",10,423750,321425,"E92000001","E19000001","E18000005","E10000028","E07000193","E05006920"
"DE143GL",10,423824,321519,"E92000001","E19000001","E18000005","E10000028","E07000193","E05006920"
"DE143GN",10,422970,321449,"E92000001","E19000001","E18000005","E10000028","E07000193","E05006920"
"DE143GP",10,424297,321809,"E92000001","E19000001","E18000005","E10000028","E07000193","E05006918"
"DE143GR",10,422853,321272,"E92000001","E19000001","E18000005","E10000028","E07000193","E05006920"
"DE143GS",10,423299,321902,"E92000001","E19000001","E18000005","E10000028","E07000193","E05006920"
"DE143GU",10,422613,321416,"E92000001","E19000001","E18000005","E10000028","E07000193","E05006920"
"DE143GW",10,423062,321479,"E92000001","E19000001","E18000005","E10000028","E07000193","E05006920"
"DE143GX",10,423441,320930,"E92000001","E19000001","E18000005","E10000028","E07000193","E05006920"
"DE143GY",10,423347,320816,"E92000001","E19000001","E18000005","E10000028","E07000193","E05006920"
"DE143GZ",10,423427,321067,"E92000001","E19000001","E18000005","E10000028","E07000193","E05006920"
"DE143HA",10,422074,321145,"E92000001","E19000001","E18000005","E10000028","E07000193","E05006920"
"DE143HB",10,423724,321656,"E92000001","E19000001","E18000005","E10000028","E07000193","E05006920"
"DE143HD",10,421598,320523,"E92000001","E19000001","E18000005","E10000028","E07000193","E05006920"
"DE143HE",10,423402,320865,"E92000001","E19000001","E18000005","E10000028","E07000193","E05006920"
"DE143HF",10,422266,321068,"E92000001","E19000001","E18000005","E10000028","E07000193","E05006920"
"DE143HG",10,425089,324308,"E92000001","E19000001","E18000005","E10000028","E07000193","E05006922"
"DE143HH",10,423450,320812,"E92000001","E19000001","E18000005","E10000028","E07000193","E05006920"
"DE143HJ",10,423565,320949,"E92000001","E19000001","E18000005","E10000028","E07000193","E05006920"
"DE143HL",10,423808,321973,"E92000001","E19000001","E18000005","E10000028","E07000193","E05006918"
"DE143HN",10,423420,320990,"E92000001","E19000001","E18000005","E10000028","E07000193","E05006920"
"DE143HP",10,423496,321014,"E92000001","E19000001","E18000005","E10000028","E07000193","E05006920"
"DE143HS",10,422524,321283,"E92000001","E19000001","E18000005","E10000028","E07000193","E05006920"
"DE143HT",10,422696,321561,"E92000001","E19000001","E18000005","E10000028","E07000193","E05006920"
"DE143HU",10,422745,321572,"E92000001","E19000001","E18000005","E10000028","E07000193","E05006920"
"DE143HW",10,423474,320910,"E92000001","E19000001","E18000005","E10000028","E07000193","E05006920"
"DE143HX",10,422421,321299,"E92000001","E19000001","E18000005","E10000028","E07000193","E05006920"
"DE143HY",10,422482,321402,"E92000001","E19000001","E18000005","E10000028","E07000193","E05006920"
"DE143HZ",10,422484,321483,"E92000001","E19000001","E18000005","E10000028","E07000193","E05006920"
"DE143JA",10,422531,321450,"E92000001","E19000001","E18000005","E10000028","E07000193","E05006920"
"DE143JB",10,422626,321606,"E92000001","E19000001","E18000005","E10000028","E07000193","E05006920"
"DE143JD",10,422677,321688,"E92000001","E19000001","E18000005","E10000028","E07000193","E05006920"
"DE143JE",10,422631,321734,"E92000001","E19000001","E18000005","E10000028","E07000193","E05006920"
"DE143JF",10,422559,321693,"E92000001","E19000001","E18000005","E10000028","E07000193","E05006920"
"DE143JG",10,423740,321527,"E92000001","E19000001","E18000005","E10000028","E07000193","E05006920"
"DE143JH",10,422682,321405,"E92000001","E19000001","E18000005","E10000028","E07000193","E05006920"
"DE143JJ",10,422667,321794,"E92000001","E19000001","E18000005","E10000028","E07000193","E05006920"
"DE143JL",10,422514,321701,"E92000001","E19000001","E18000005","E10000028","E07000193","E05006920"
"DE143JN",10,422515,321747,"E92000001","E19000001","E18000005","E10000028","E07000193","E05006920"
"DE143JP",10,422636,321843,"E92000001","E19000001","E18000005","E10000028","E07000193","E05006920"
"DE143JQ",10,422801,321540,"E92000001","E19000001","E18000005","E10000028","E07000193","E05006920"
"DE143JR",10,424431,322655,"E92000001","E19000001","E18000005","E10000028","E07000193","E05006922"
"DE143JS",10,424380,322618,"E92000001","E19000001","E18000005","E10000028","E07000193","E05006922"
"DE143JT",10,423683,321514,"E92000001","E19000001","E18000005","E10000028","E07000193","E05006920"
"DE143JU",10,424269,322424,"E92000001","E19000001","E18000005","E10000028","E07000193","E05006918"
"DE143JW",10,422539,321790,"E92000001","E19000001","E18000005","E10000028","E07000193","E05006920"
"DE143JX",10,424215,322329,"E92000001","E19000001","E18000005","E10000028","E07000193","E05006918"
"DE143JY",10,424130,322128,"E92000001","E19000001","E18000005","E10000028","E07000193","E05006918"
"DE143JZ",10,422337,321561,"E92000001","E19000001","E18000005","E10000028","E07000193","E05006920"
"DE143LA",10,424089,322111,"E92000001","E19000001","E18000005","E10000028","E07000193","E05006918"
"DE143LB",10,424317,322509,"E92000001","E19000001","E18000005","E10000028","E07000193","E05006918"
"DE143LD",10,423977,321864,"E92000001","E19000001","E18000005","E10000028","E07000193","E05006918"
"DE143LE",10,424363,322427,"E92000001","E19000001","E18000005","E10000028","E07000193","E05006922"
"DE143LF",10,424250,322516,"E92000001","E19000001","E18000005","E10000028","E07000193","E05006918"
"DE143LG",10,424153,322431,"E92000001","E19000001","E18000005","E10000028","E07000193","E05006918"
"DE143LH",10,424354,322490,"E92000001","E19000001","E18000005","E10000028","E07000193","E05006922"
"DE143LJ",10,423556,321973,"E92000001","E19000001","E18000005","E10000028","E07000193","E05006920"
"DE143LL",10,424229,322444,"E92000001","E19000001","E18000005","E10000028","E07000193","E05006918"
"DE143LN",10,424175,322350,"E92000001","E19000001","E18000005","E10000028","E07000193","E05006918"
"DE143LR",10,424352,322175,"E92000001","E19000001","E18000005","E10000028","E07000193","E05006918"
"DE143LS",10,424130,321926,"E92000001","E19000001","E18000005","E10000028","E07000193","E05006918"
"DE143LT",10,424035,321890,"E92000001","E19000001","E18000005","E10000028","E07000193","E05006918"
"DE143LU",10,424112,322724,"E92000001","E19000001","E18000005","E10000028","E07000193","E05006918"
"DE143LW",10,424217,322252,"E92000001","E19000001","E18000005","E10000028","E07000193","E05006918"
"DE143LX",10,423931,322634,"E92000001","E19000001","E18000005","E10000028","E07000193","E05006918"
"DE143LY",10,424225,322570,"E92000001","E19000001","E18000005","E10000028","E07000193","E05006918"
"DE143LZ",10,424059,321792,"E92000001","E19000001","E18000005","E10000028","E07000193","E05006918"
"DE143NA",10,424037,321809,"E92000001","E19000001","E18000005","E10000028","E07000193","E05006918"
"DE143NB",10,424211,322062,"E92000001","E19000001","E18000005","E10000028","E07000193","E05006918"
"DE143ND",10,424191,322078,"E92000001","E19000001","E18000005","E10000028","E07000193","E05006918"
"DE143NE",10,424020,321642,"E92000001","E19000001","E18000005","E10000028","E07000193","E05006918"
"DE143NF",10,423941,321726,"E92000001","E19000001","E18000005","E10000028","E07000193","E05006918"
"DE143NG",10,424126,322600,"E92000001","E19000001","E18000005","E10000028","E07000193","E05006918"
"DE143NH",10,422977,321713,"E92000001","E19000001","E18000005","E10000028","E07000193","E05006920"
"DE143NJ",10,422963,321611,"E92000001","E19000001","E18000005","E10000028","E07000193","E05006920"
"DE143NL",10,423072,321775,"E92000001","E19000001","E18000005","E10000028","E07000193","E05006920"
"DE143NN",10,423848,321837,"E92000001","E19000001","E18000005","E10000028","E07000193","E05006918"
"DE143NP",10,423725,322207,"E92000001","E19000001","E18000005","E10000028","E07000193","E05006918"
"DE143NQ",10,422977,321646,"E92000001","E19000001","E18000005","E10000028","E07000193","E05006920"
"DE143NR",10,423763,322173,"E92000001","E19000001","E18000005","E10000028","E07000193","E05006918"
"DE143NS",10,423804,322315,"E92000001","E19000001","E18000005","E10000028","E07000193","E05006918"
"DE143NT",10,423823,322409,"E92000001","E19000001","E18000005","E10000028","E07000193","E05006918"
"DE143NW",10,423761,322019,"E92000001","E19000001","E18000005","E10000028","E07000193","E05006918"
"DE143NX",10,423970,322695,"E92000001","E19000001","E18000005","E10000028","E07000193","E05006918"
"DE143NY",10,423128,321840,"E92000001","E19000001","E18000005","E10000028","E07000193","E05006920"
"DE143NZ",10,424078,322617,"E92000001","E19000001","E18000005","E10000028","E07000193","E05006918"
"DE143PA",10,423976,322751,"E92000001","E19000001","E18000005","E10000028","E07000193","E05006918"
"DE143PF",10,423932,322530,"E92000001","E19000001","E18000005","E10000028","E07000193","E05006918"
"DE143PG",10,423757,322422,"E92000001","E19000001","E18000005","E10000028","E07000193","E05006918"
"DE143PH",10,423876,321955,"E92000001","E19000001","E18000005","E10000028","E07000193","E05006918"
"DE143PJ",10,423970,321989,"E92000001","E19000001","E18000005","E10000028","E07000193","E05006918"
"DE143PL",10,423840,322095,"E92000001","E19000001","E18000005","E10000028","E07000193","E05006918"
"DE143PP",10,424065,322751,"E92000001","E19000001","E18000005","E10000028","E07000193","E05006918"
"DE143PQ",10,423716,322332,"E92000001","E19000001","E18000005","E10000028","E07000193","E05006918"
"DE143PR",10,424044,322674,"E92000001","E19000001","E18000005","E10000028","E07000193","E05006918"
"DE143PS",10,424062,322275,"E92000001","E19000001","E18000005","E10000028","E07000193","E05006918"
"DE143PT",10,424001,322171,"E92000001","E19000001","E18000005","E10000028","E07000193","E05006918"
"DE143PU",10,423947,322080,"E92000001","E19000001","E18000005","E10000028","E07000193","E05006918"
"DE143PW",10,423783,321567,"E92000001","E19000001","E18000005","E10000028","E07000193","E05006920"
"DE143PX",10,423960,322231,"E92000001","E19000001","E18000005","E10000028","E07000193","E05006918"
"DE143PY",10,423939,322253,"E92000001","E19000001","E18000005","E10000028","E07000193","E05006918"
"DE143PZ",10,423937,322386,"E92000001","E19000001","E18000005","E10000028","E07000193","E05006918"
"DE143QA",10,423872,322253,"E92000001","E19000001","E18000005","E10000028","E07000193","E05006918"
"DE143QB",10,423842,322261,"E92000001","E19000001","E18000005","E10000028","E07000193","E05006918"
"DE143QF",10,423728,321814,"E92000001","E19000001","E18000005","E10000028","E07000193","E05006920"
"DE143QJ",10,424672,322547,"E92000001","E19000001","E18000005","E10000028","E07000193","E05006922"
"DE143QN",10,424909,322669,"E92000001","E19000001","E18000005","E10000028","E07000193","E05006922"
"DE143QQ",10,423692,321911,"E92000001","E19000001","E18000005","E10000028","E07000193","E05006920"
"DE143QT",10,424327,322469,"E92000001","E19000001","E18000005","E10000028","E07000193","E05006922"
"DE143QW",10,424717,322712,"E92000001","E19000001","E18000005","E10000028","E07000193","E05006922"
"DE143QY",10,424593,322753,"E92000001","E19000001","E18000005","E10000028","E07000193","E05006922"
"DE143QZ",10,424884,322579,"E92000001","E19000001","E18000005","E10000028","E07000193","E05006922"
"DE143RD",10,424934,322621,"E92000001","E19000001","E18000005","E10000028","E07000193","E05006922"
"DE143RE",10,424930,322610,"E92000001","E19000001","E18000005","E10000028","E07000193","E05006922"
"DE143RH",10,424777,322475,"E92000001","E19000001","E18000005","E10000028","E07000193","E05006922"
"DE143RJ",10,424772,322187,"E92000001","E19000001","E18000005","E10000028","E07000193","E05006922"
"DE143RL",10,424966,322527,"E92000001","E19000001","E18000005","E10000028","E07000193","E05006922"
"DE143RS",10,424882,322468,"E92000001","E19000001","E18000005","E10000028","E07000193","E05006922"
"DE143RT",10,424937,322409,"E92000001","E19000001","E18000005","E10000028","E07000193","E05006922"
"DE143RW",10,425107,322603,"E92000001","E19000001","E18000005","E10000028","E07000193","E05006922"
"DE143RY",10,424778,322311,"E92000001","E19000001","E18000005","E10000028","E07000193","E05006922"
"DE143RZ",10,424902,322396,"E92000001","E19000001","E18000005","E10000028","E07000193","E05006922"
"DE143SA",10,424506,322582,"E92000001","E19000001","E18000005","E10000028","E07000193","E05006922"
"DE143SB",10,424427,322524,"E92000001","E19000001","E18000005","E10000028","E07000193","E05006922"
"DE143SE",10,424488,322699,"E92000001","E19000001","E18000005","E10000028","E07000193","E05006922"
"DE143SH",10,424547,322365,"E92000001","E19000001","E18000005","E10000028","E07000193","E05006922"
"DE143SJ",10,424601,322653,"E92000001","E19000001","E18000005","E10000028","E07000193","E05006922"
"DE143SL",10,424820,322730,"E92000001","E19000001","E18000005","E10000028","E07000193","E05006922"
"DE143SN",10,424820,322730,"E92000001","E19000001","E18000005","E10000028","E07000193","E05006922"
"DE143SP",10,424532,322574,"E92000001","E19000001","E18000005","E10000028","E07000193","E05006922"
"DE143SS",10,424395,322566,"E92000001","E19000001","E18000005","E10000028","E07000193","E05006922"
"DE143ST",10,424517,322481,"E92000001","E19000001","E18000005","E10000028","E07000193","E05006922"
"DE143SU",10,424385,322825,"E92000001","E19000001","E18000005","E10000028","E07000193","E05006922"
"DE143SW",10,424568,322633,"E92000001","E19000001","E18000005","E10000028","E07000193","E05006922"
"DE143SX",10,424035,322924,"E92000001","E19000001","E18000005","E10000028","E07000193","E05006918"
"DE143SY",10,424179,322858,"E92000001","E19000001","E18000005","E10000028","E07000193","E05006922"
"DE143SZ",10,424163,322930,"E92000001","E19000001","E18000005","E10000028","E07000193","E05006922"
"DE143TB",10,424205,322662,"E92000001","E19000001","E18000005","E10000028","E07000193","E05006922"
"DE143TE",10,424262,322717,"E92000001","E19000001","E18000005","E10000028","E07000193","E05006922"
"DE143TG",10,424163,322756,"E92000001","E19000001","E18000005","E10000028","E07000193","E05006922"
"DE143TJ",10,424317,322927,"E92000001","E19000001","E18000005","E10000028","E07000193","E05006922"
"DE143TN",10,424794,322636,"E92000001","E19000001","E18000005","E10000028","E07000193","E05006922"
"DE143TQ",10,424298,322672,"E92000001","E19000001","E18000005","E10000028","E07000193","E05006922"
"DE143TT",10,424527,322744,"E92000001","E19000001","E18000005","E10000028","E07000193","E05006922"
"DE143TU",10,424587,322709,"E92000001","E19000001","E18000005","E10000028","E07000193","E05006922"
"DE143TW",10,424261,321935,"E92000001","E19000001","E18000005","E10000028","E07000193","E05006918"
"DE143TX",10,423412,321853,"E92000001","E19000001","E18000005","E10000028","E07000193","E05006920"
"DE143TY",10,423352,321793,"E92000001","E19000001","E18000005","E10000028","E07000193","E05006920"
"DE143TZ",10,424399,322851,"E92000001","E19000001","E18000005","E10000028","E07000193","E05006922"
"DE143WB",10,425089,324308,"E92000001","E19000001","E18000005","E10000028","E07000193","E05006922"
"DE143WH",10,421322,319894,"E92000001","E19000001","E18000005","E10000028","E07000193","E05006928"
"DE143YA",10,425089,324308,"E92000001","E19000001","E18000005","E10000028","E07000193","E05006922"
"DE143ZT",10,425089,324308,"E92000001","E19000001","E18000005","E10000028","E07000193","E05006922"
"DE149BD",10,425089,324308,"E92000001","E19000001","E18000005","E10000028","E07000193","E05006922"
"DE149BR",10,425089,324308,"E92000001","E19000001","E18000005","E10000028","E07000193","E05006922"
"DE149DL",10,425089,324308,"E92000001","E19000001","E18000005","E10000028","E07000193","E05006922"
"DE149DT",10,425089,324308,"E92000001","E19000001","E18000005","E10000028","E07000193","E05006922"
"DE149DW",10,425089,324308,"E92000001","E19000001","E18000005","E10000028","E07000193","E05006922"
"DE149ED",10,425089,324308,"E92000001","E19000001","E18000005","E10000028","E07000193","E05006922"
"DE149EX",10,425089,324308,"E92000001","E19000001","E18000005","E10000028","E07000193","E05006922"
"DE149FQ",10,425089,324308,"E92000001","E19000001","E18000005","E10000028","E07000193","E05006922"
"DE149GQ",10,425089,324308,"E92000001","E19000001","E18000005","E10000028","E07000193","E05006922"
"DE149GU",10,425089,324308,"E92000001","E19000001","E18000005","E10000028","E07000193","E05006922"
"DE149HE",10,425089,324308,"E92000001","E19000001","E18000005","E10000028","E07000193","E05006922"
"DE149HP",10,425089,324308,"E92000001","E19000001","E18000005","E10000028","E07000193","E05006922"
"DE149HW",10,425089,324308,"E92000001","E19000001","E18000005","E10000028","E07000193","E05006922"
"DE149HZ",10,425089,324308,"E92000001","E19000001","E18000005","E10000028","E07000193","E05006922"
"DE149JG",10,425089,324308,"E92000001","E19000001","E18000005","E10000028","E07000193","E05006922"
"DE149JJ",10,425089,324308,"E92000001","E19000001","E18000005","E10000028","E07000193","E05006922"
"DE149JN",10,425089,324308,"E92000001","E19000001","E18000005","E10000028","E07000193","E05006922"
"DE149JP",10,425089,324308,"E92000001","E19000001","E18000005","E10000028","E07000193","E05006922"
"DE149JR",10,425089,324308,"E92000001","E19000001","E18000005","E10000028","E07000193","E05006922"
"DE149JT",10,425089,324308,"E92000001","E19000001","E18000005","E10000028","E07000193","E05006922"
"DE149JX",10,425089,324308,"E92000001","E19000001","E18000005","E10000028","E07000193","E05006922"
"DE149JY",10,425089,324308,"E92000001","E19000001","E18000005","E10000028","E07000193","E05006922"
"DE149LA",10,425089,324308,"E92000001","E19000001","E18000005","E10000028","E07000193","E05006922"
"DE149LD",10,425089,324308,"E92000001","E19000001","E18000005","E10000028","E07000193","E05006922"
"DE149LF",10,425089,324308,"E92000001","E19000001","E18000005","E10000028","E07000193","E05006922"
"DE149LG",10,425089,324308,"E92000001","E19000001","E18000005","E10000028","E07000193","E05006922"
"DE149LJ",10,425089,324308,"E92000001","E19000001","E18000005","E10000028","E07000193","E05006922"
"DE149LL",10,425089,324308,"E92000001","E19000001","E18000005","E10000028","E07000193","E05006922"
"DE149LN",10,425089,324308,"E92000001","E19000001","E18000005","E10000028","E07000193","E05006922"
"DE149LP",10,425089,324308,"E92000001","E19000001","E18000005","E10000028","E07000193","E05006922"
"DE149LQ",10,425089,324308,"E92000001","E19000001","E18000005","E10000028","E07000193","E05006922"
"DE149LR",10,425089,324308,"E92000001","E19000001","E18000005","E10000028","E07000193","E05006922"
"DE149LS",10,425089,324308,"E92000001","E19000001","E18000005","E10000028","E07000193","E05006922"
"DE149SA",10,423987,323441,"E92000001","E19000001","E18000005","E10000028","E07000193","E05006930"
"DE149SB",10,423987,323441,"E92000001","E19000001","E18000005","E10000028","E07000193","E05006930"
"DE149SD",10,423987,323441,"E92000001","E19000001","E18000005","E10000028","E07000193","E05006930"
"DE149SE",10,423987,323441,"E92000001","E19000001","E18000005","E10000028","E07000193","E05006930"
"DE149SF",10,423987,323441,"E92000001","E19000001","E18000005","E10000028","E07000193","E05006930"
"DE149SG",10,423987,323441,"E92000001","E19000001","E18000005","E10000028","E07000193","E05006930"
"DE149SH",10,423987,323441,"E92000001","E19000001","E18000005","E10000028","E07000193","E05006930"
"DE149SJ",10,423987,323441,"E92000001","E19000001","E18000005","E10000028","E07000193","E05006930"
"DE149SL",10,423987,323441,"E92000001","E19000001","E18000005","E10000028","E07000193","E05006930"
"DE149SN",10,423987,323441,"E92000001","E19000001","E18000005","E10000028","E07000193","E05006930"
"DE149SP",10,423987,323441,"E92000001","E19000001","E18000005","E10000028","E07000193","E05006930"
"DE149SQ",10,423987,323441,"E92000001","E19000001","E18000005","E10000028","E07000193","E05006930"
"DE149SR",10,423987,323441,"E92000001","E19000001","E18000005","E10000028","E07000193","E05006930"
"DE149SS",10,423987,323441,"E92000001","E19000001","E18000005","E10000028","E07000193","E05006930"
"DE149ST",10,423987,323441,"E92000001","E19000001","E18000005","E10000028","E07000193","E05006930"
"DE149SU",10,423987,323441,"E92000001","E19000001","E18000005","E10000028","E07000193","E05006930"
"DE149SW",10,423987,323441,"E92000001","E19000001","E18000005","E10000028","E07000193","E05006930"
"DE149SX",10,423987,323441,"E92000001","E19000001","E18000005","E10000028","E07000193","E05006930"
"DE149SY",10,423987,323441,"E92000001","E19000001","E18000005","E10000028","E07000193","E05006930"
"DE149SZ",10,423987,323441,"E92000001","E19000001","E18000005","E10000028","E07000193","E05006930"
"DE149TA",10,423987,323441,"E92000001","E19000001","E18000005","E10000028","E07000193","E05006930"
"DE149TB",10,423987,323441,"E92000001","E19000001","E18000005","E10000028","E07000193","E05006930"
"DE149TD",10,423987,323441,"E92000001","E19000001","E18000005","E10000028","E07000193","E05006930"
"DE149TE",10,423987,323441,"E92000001","E19000001","E18000005","E10000028","E07000193","E05006930"
"DE149TF",10,423987,323441,"E92000001","E19000001","E18000005","E10000028","E07000193","E05006930"
"DE149TG",10,423987,323441,"E92000001","E19000001","E18000005","E10000028","E07000193","E05006930"
"DE149TH",10,423987,323441,"E92000001","E19000001","E18000005","E10000028","E07000193","E05006930"
"DE149TJ",10,423987,323441,"E92000001","E19000001","E18000005","E10000028","E07000193","E05006930"
"DE149TL",10,423987,323441,"E92000001","E19000001","E18000005","E10000028","E07000193","E05006930"
"DE149TN",10,423987,323441,"E92000001","E19000001","E18000005","E10000028","E07000193","E05006930"
"DE149TP",10,423987,323441,"E92000001","E19000001","E18000005","E10000028","E07000193","E05006930"
"DE149TQ",10,423987,323441,"E92000001","E19000001","E18000005","E10000028","E07000193","E05006930"
"DE149TR",10,423987,323441,"E92000001","E19000001","E18000005","E10000028","E07000193","E05006930"
"DE149TS",10,423987,323441,"E92000001","E19000001","E18000005","E10000028","E07000193","E05006930"
"DE149TT",10,423987,323441,"E92000001","E19000001","E18000005","E10000028","E07000193","E05006930"
"DE149TU",10,423987,323441,"E92000001","E19000001","E18000005","E10000028","E07000193","E05006930"
"DE149TW",10,423987,323441,"E92000001","E19000001","E18000005","E10000028","E07000193","E05006930"
"DE149TX",10,423987,323441,"E92000001","E19000001","E18000005","E10000028","E07000193","E05006930"
"DE149TY",10,423987,323441,"E92000001","E19000001","E18000005","E10000028","E07000193","E05006930"
"DE149TZ",10,423987,323441,"E92000001","E19000001","E18000005","E10000028","E07000193","E05006930"
"DE149UA",10,423987,323441,"E92000001","E19000001","E18000005","E10000028","E07000193","E05006930"
"DE149UB",10,423987,323441,"E92000001","E19000001","E18000005","E10000028","E07000193","E05006930"
"DE149UD",10,423987,323441,"E92000001","E19000001","E18000005","E10000028","E07000193","E05006930"
"DE149UE",10,423987,323441,"E92000001","E19000001","E18000005","E10000028","E07000193","E05006930"
"DE149UF",10,423987,323441,"E92000001","E19000001","E18000005","E10000028","E07000193","E05006930"
"DE149UG",10,423987,323441,"E92000001","E19000001","E18000005","E10000028","E07000193","E05006930"
"DE149UH",10,423987,323441,"E92000001","E19000001","E18000005","E10000028","E07000193","E05006930"
"DE149UJ",10,423987,323441,"E92000001","E19000001","E18000005","E10000028","E07000193","E05006930"
"DE149UL",10,423987,323441,"E92000001","E19000001","E18000005","E10000028","E07000193","E05006930"
"DE149UN",10,423987,323441,"E92000001","E19000001","E18000005","E10000028","E07000193","E05006930"
"DE149UP",10,423987,323441,"E92000001","E19000001","E18000005","E10000028","E07000193","E05006930"
"DE149UQ",10,423987,323441,"E92000001","E19000001","E18000005","E10000028","E07000193","E05006930"
"DE149UR",10,423987,323441,"E92000001","E19000001","E18000005","E10000028","E07000193","E05006930"
"DE149US",10,423987,323441,"E92000001","E19000001","E18000005","E10000028","E07000193","E05006930"
"DE149UT",10,423987,323441,"E92000001","E19000001","E18000005","E10000028","E07000193","E05006930"
"DE149UU",10,423987,323441,"E92000001","E19000001","E18000005","E10000028","E07000193","E05006930"
"DE149UW",10,423987,323441,"E92000001","E19000001","E18000005","E10000028","E07000193","E05006930"
"DE149UX",10,423987,323441,"E92000001","E19000001","E18000005","E10000028","E07000193","E05006930"
"DE149UY",10,423987,323441,"E92000001","E19000001","E18000005","E10000028","E07000193","E05006930"
"DE149UZ",10,423987,323441,"E92000001","E19000001","E18000005","E10000028","E07000193","E05006930"
"DE149WA",10,423987,323441,"E92000001","E19000001","E18000005","E10000028","E07000193","E05006930"
"DE149WB",10,423987,323441,"E92000001","E19000001","E18000005","E10000028","E07000193","E05006930"
"DE149WD",10,423987,323441,"E92000001","E19000001","E18000005","E10000028","E07000193","E05006930"
"DE149WE",10,423987,323441,"E92000001","E19000001","E18000005","E10000028","E07000193","E05006930"
"DE149WF",10,423987,323441,"E92000001","E19000001","E18000005","E10000028","E07000193","E05006930"
"DE149WG",10,423987,323441,"E92000001","E19000001","E18000005","E10000028","E07000193","E05006930"
"DE149WH",10,423987,323441,"E92000001","E19000001","E18000005","E10000028","E07000193","E05006930"
"DE149WJ",10,423987,323441,"E92000001","E19000001","E18000005","E10000028","E07000193","E05006930"
"DE149WL",10,423987,323441,"E92000001","E19000001","E18000005","E10000028","E07000193","E05006930"
"DE149ZY",10,423987,323441,"E92000001","E19000001","E18000005","E10000028","E07000193","E05006930"
"DE149ZZ",50,423987,323441,"E92000001","E19000001","E18000005","E10000028","E07000193","E05006930"
"DE150AA",10,426498,324209,"E92000001","E19000001","E18000005","E10000028","E07000193","E05006936"
"DE150AB",10,426604,324108,"E92000001","E19000001","E18000005","E10000028","E07000193","E05006936"
"DE150AD",10,426748,324042,"E92000001","E19000001","E18000005","E10000028","E07000193","E05006936"
"DE150AE",10,426611,323960,"E92000001","E19000001","E18000005","E10000028","E07000193","E05006936"
"DE150AF",10,427409,323369,"E92000001","E19000001","E18000005","E10000028","E07000193","E05006936"
"DE150AG",10,426431,324142,"E92000001","E19000001","E18000005","E10000028","E07000193","E05006936"
"DE150AH",10,426829,324020,"E92000001","E19000001","E18000005","E10000028","E07000193","E05006936"
"DE150AJ",10,426744,323921,"E92000001","E19000001","E18000005","E10000028","E07000193","E05006936"
"DE150AL",10,426703,324029,"E92000001","E19000001","E18000005","E10000028","E07000193","E05006936"
"DE150AN",10,426575,324051,"E92000001","E19000001","E18000005","E10000028","E07000193","E05006936"
"DE150AP",10,426478,324086,"E92000001","E19000001","E18000005","E10000028","E07000193","E05006936"
"DE150AQ",10,426687,324156,"E92000001","E19000001","E18000005","E10000028","E07000193","E05006936"
"DE150AR",10,426330,323850,"E92000001","E19000001","E18000005","E10000028","E07000193","E05006936"
"DE150AS",10,426323,323915,"E92000001","E19000001","E18000005","E10000028","E07000193","E05006936"
"DE150AT",10,426269,323867,"E92000001","E19000001","E18000005","E10000028","E07000193","E05006936"
"DE150AU",10,426613,324079,"E92000001","E19000001","E18000005","E10000028","E07000193","E05006936"
"DE150AW",10,426496,324020,"E92000001","E19000001","E18000005","E10000028","E07000193","E05006936"
"DE150AX",10,426438,323971,"E92000001","E19000001","E18000005","E10000028","E07000193","E05006936"
"DE150AY",10,426366,323818,"E92000001","E19000001","E18000005","E10000028","E07000193","E05006936"
"DE150AZ",10,427067,323657,"E92000001","E19000001","E18000005","E10000028","E07000193","E05006936"
"DE150BA",10,426740,323662,"E92000001","E19000001","E18000005","E10000028","E07000193","E05006936"
"DE150BB",10,426754,323703,"E92000001","E19000001","E18000005","E10000028","E07000193","E05006936"
"DE150BD",10,426676,323839,"E92000001","E19000001","E18000005","E10000028","E07000193","E05006936"
"DE150BE",10,426730,323801,"E92000001","E19000001","E18000005","E10000028","E07000193","E05006936"
"DE150BP",10,426948,323409,"E92000001","E19000001","E18000005","E10000028","E07000193","E05006936"
"DE150BS",10,427006,323335,"E92000001","E19000001","E18000005","E10000028","E07000193","E05006936"
"DE150BT",10,426923,323473,"E92000001","E19000001","E18000005","E10000028","E07000193","E05006936"
"DE150BU",10,426911,323440,"E92000001","E19000001","E18000005","E10000028","E07000193","E05006936"
"DE150BW",10,426852,323329,"E92000001","E19000001","E18000005","E10000028","E07000193","E05006936"
"DE150BX",10,427185,323351,"E92000001","E19000001","E18000005","E10000028","E07000193","E05006936"
"DE150BY",10,427417,323333,"E92000001","E19000001","E18000005","E10000028","E07000193","E05006936"
"DE150BZ",10,427357,323346,"E92000001","E19000001","E18000005","E10000028","E07000193","E05006936"
"DE150DA",10,427280,323360,"E92000001","E19000001","E18000005","E10000028","E07000193","E05006936"
"DE150DB",10,427276,323301,"E92000001","E19000001","E18000005","E10000028","E07000193","E05006936"
"DE150DD",10,427061,323529,"E92000001","E19000001","E18000005","E10000028","E07000193","E05006936"
"DE150DE",10,427144,323540,"E92000001","E19000001","E18000005","E10000028","E07000193","E05006936"
"DE150DF",10,427485,323372,"E92000001","E19000001","E18000005","E10000028","E07000193","E05006936"
"DE150DG",10,427549,323374,"E92000001","E19000001","E18000005","E10000028","E07000193","E05006936"
"DE150DH",10,427241,323590,"E92000001","E19000001","E18000005","E10000028","E07000193","E05006936"
"DE150DJ",10,427537,323436,"E92000001","E19000001","E18000005","E10000028","E07000193","E05006936"
"DE150DL",10,427569,323469,"E92000001","E19000001","E18000005","E10000028","E07000193","E05006936"
"DE150DN",10,427475,323516,"E92000001","E19000001","E18000005","E10000028","E07000193","E05006936"
"DE150DP",10,427077,323669,"E92000001","E19000001","E18000005","E10000028","E07000193","E05006936"
"DE150DQ",10,427502,323566,"E92000001","E19000001","E18000005","E10000028","E07000193","E05006936"
"DE150DR",10,427144,323866,"E92000001","E19000001","E18000004","E10000007","E07000039","E05008818"
"DE150DS",10,427257,323748,"E92000001","E19000001","E18000005","E10000028","E07000193","E05006936"
"DE150DT",10,427461,323432,"E92000001","E19000001","E18000005","E10000028","E07000193","E05006936"
"DE150DU",10,427335,323565,"E92000001","E19000001","E18000005","E10000028","E07000193","E05006936"
"DE150DW",10,427351,323629,"E92000001","E19000001","E18000005","E10000028","E07000193","E05006936"
"DE150DX",10,427017,323754,"E92000001","E19000001","E18000005","E10000028","E07000193","E05006936"
"DE150DY",10,426952,323631,"E92000001","E19000001","E18000005","E10000028","E07000193","E05006936"
"DE150DZ",10,426834,323695,"E92000001","E19000001","E18000005","E10000028","E07000193","E05006936"
"DE150EA",10,427128,323749,"E92000001","E19000001","E18000005","E10000028","E07000193","E05006936"
"DE150EB",10,427627,323420,"E92000001","E19000001","E18000005","E10000028","E07000193","E05006936"
"DE150ED",10,427656,323357,"E92000001","E19000001","E18000005","E10000028","E07000193","E05006936"
"DE150EE",10,427212,323610,"E92000001","E19000001","E18000005","E10000028","E07000193","E05006936"
"DE150EF",10,427626,323544,"E92000001","E19000001","E18000005","E10000028","E07000193","E05006936"
"DE150EG",10,427197,323447,"E92000001","E19000001","E18000005","E10000028","E07000193","E05006936"
"DE150EH",10,427267,322903,"E92000001","E19000001","E18000005","E10000028","E07000193","E05006936"
"DE150EJ",10,427336,322929,"E92000001","E19000001","E18000005","E10000028","E07000193","E05006936"
"DE150EL",10,427568,322979,"E92000001","E19000001","E18000005","E10000028","E07000193","E05006936"
"DE150EN",10,427516,322930,"E92000001","E19000001","E18000005","E10000028","E07000193","E05006936"
"DE150EP",10,427383,323228,"E92000001","E19000001","E18000005","E10000028","E07000193","E05006936"
"DE150EQ",10,427205,323415,"E92000001","E19000001","E18000005","E10000028","E07000193","E05006936"
"DE150ER",10,427495,323138,"E92000001","E19000001","E18000005","E10000028","E07000193","E05006936"
"DE150ES",10,427482,323226,"E92000001","E19000001","E18000005","E10000028","E07000193","E05006936"
"DE150ET",10,427528,323100,"E92000001","E19000001","E18000005","E10000028","E07000193","E05006936"
"DE150EU",10,427465,323048,"E92000001","E19000001","E18000005","E10000028","E07000193","E05006936"
"DE150EW",10,427416,323076,"E92000001","E19000001","E18000005","E10000028","E07000193","E05006936"
"DE150EX",10,427128,323115,"E92000001","E19000001","E18000005","E10000028","E07000193","E05006936"
"DE150EY",10,427218,323089,"E92000001","E19000001","E18000005","E10000028","E07000193","E05006936"
"DE150EZ",10,427007,323189,"E92000001","E19000001","E18000005","E10000028","E07000193","E05006936"
"DE150FA",10,427192,323011,"E92000001","E19000001","E18000005","E10000028","E07000193","E05006936"
"DE150FB",10,427148,323092,"E92000001","E19000001","E18000005","E10000028","E07000193","E05006936"
"DE150FD",10,426953,323268,"E92000001","E19000001","E18000005","E10000028","E07000193","E05006936"
"DE150HA",10,427124,323349,"E92000001","E19000001","E18000005","E10000028","E07000193","E05006936"
"DE150HB",10,426686,323189,"E92000001","E19000001","E18000005","E10000028","E07000193","E05006936"
"DE150HD",10,427172,323305,"E92000001","E19000001","E18000005","E10000028","E07000193","E05006936"
"DE150HE",10,427211,323215,"E92000001","E19000001","E18000005","E10000028","E07000193","E05006936"
"DE150HF",10,427217,323144,"E92000001","E19000001","E18000005","E10000028","E07000193","E05006936"
"DE150HG",10,427210,323489,"E92000001","E19000001","E18000005","E10000028","E07000193","E05006936"
"DE150HH",10,427205,323303,"E92000001","E19000001","E18000005","E10000028","E07000193","E05006936"
"DE150HP",10,426799,323523,"E92000001","E19000001","E18000005","E10000028","E07000193","E05006936"
"DE150HR",10,426931,323569,"E92000001","E19000001","E18000005","E10000028","E07000193","E05006936"
"DE150HS",10,426807,323410,"E92000001","E19000001","E18000005","E10000028","E07000193","E05006936"
"DE150HT",10,426719,323323,"E92000001","E19000001","E18000005","E10000028","E07000193","E05006936"
"DE150HU",10,426617,323215,"E92000001","E19000001","E18000005","E10000028","E07000193","E05006936"
"DE150HX",10,426714,323071,"E92000001","E19000001","E18000005","E10000028","E07000193","E05006936"
"DE150HY",10,426595,323406,"E92000001","E19000001","E18000005","E10000028","E07000193","E05006936"
"DE150HZ",10,426633,323470,"E92000001","E19000001","E18000005","E10000028","E07000193","E05006936"
"DE150JA",10,426395,323243,"E92000001","E19000001","E18000005","E10000028","E07000193","E05006936"
"DE150JB",10,426549,323143,"E92000001","E19000001","E18000005","E10000028","E07000193","E05006936"
"DE150JD",10,426345,323164,"E92000001","E19000001","E18000005","E10000028","E07000193","E05006936"
"DE150JE",10,426165,323154,"E92000001","E19000001","E18000005","E10000028","E07000193","E05006936"
"DE150JF",10,426304,323137,"E92000001","E19000001","E18000005","E10000028","E07000193","E05006936"
"DE150JG",10,426225,323131,"E92000001","E19000001","E18000005","E10000028","E07000193","E05006936"
"DE150JH",10,426288,323373,"E92000001","E19000001","E18000005","E10000028","E07000193","E05006936"
"DE150JL",10,426200,323399,"E92000001","E19000001","E18000005","E10000028","E07000193","E05006936"
"DE150JN",10,426172,323349,"E92000001","E19000001","E18000005","E10000028","E07000193","E05006936"
"DE150JP",10,426511,323312,"E92000001","E19000001","E18000005","E10000028","E07000193","E05006936"
"DE150JQ",10,426237,323228,"E92000001","E19000001","E18000005","E10000028","E07000193","E05006936"
"DE150JR",10,426339,323284,"E92000001","E19000001","E18000005","E10000028","E07000193","E05006936"
"DE150JS",10,425915,323267,"E92000001","E19000001","E18000005","E10000028","E07000193","E05006936"
"DE150JT",10,426462,323460,"E92000001","E19000001","E18000005","E10000028","E07000193","E05006936"
"DE150JU",10,426372,323385,"E92000001","E19000001","E18000005","E10000028","E07000193","E05006936"
"DE150JW",10,426504,323284,"E92000001","E19000001","E18000005","E10000028","E07000193","E05006936"
"DE150JX",10,426474,323370,"E92000001","E19000001","E18000005","E10000028","E07000193","E05006936"
"DE150JY",10,426215,323311,"E92000001","E19000001","E18000005","E10000028","E07000193","E05006936"
"DE150JZ",10,426218,323362,"E92000001","E19000001","E18000005","E10000028","E07000193","E05006936"
"DE150LA",10,425909,323117,"E92000001","E19000001","E18000005","E10000028","E07000193","E05006936"
"DE150LB",10,426138,323043,"E92000001","E19000001","E18000005","E10000028","E07000193","E05006936"
"DE150LD",10,425790,323219,"E92000001","E19000001","E18000005","E10000028","E07000193","E05006936"
"DE150LG",10,426375,323013,"E92000001","E19000001","E18000005","E10000028","E07000193","E05006936"
"DE150LH",10,425937,323224,"E92000001","E19000001","E18000005","E10000028","E07000193","E05006936"
"DE150LJ",10,425970,323001,"E92000001","E19000001","E18000005","E10000028","E07000193","E05006936"
"DE150LL",10,426232,323078,"E92000001","E19000001","E18000005","E10000028","E07000193","E05006936"
"DE150LN",10,426295,322942,"E92000001","E19000001","E18000005","E10000028","E07000193","E05006936"
"DE150LP",10,426514,322974,"E92000001","E19000001","E18000005","E10000028","E07000193","E05006936"
"DE150LQ",10,426772,322939,"E92000001","E19000001","E18000005","E10000028","E07000193","E05006936"
"DE150LR",10,426780,323072,"E92000001","E19000001","E18000005","E10000028","E07000193","E05006936"
"DE150LS",10,426781,323167,"E92000001","E19000001","E18000005","E10000028","E07000193","E05006936"
"DE150LT",10,426864,323093,"E92000001","E19000001","E18000005","E10000028","E07000193","E05006936"
"DE150LU",10,426825,323271,"E92000001","E19000001","E18000005","E10000028","E07000193","E05006936"
"DE150LW",10,426466,323063,"E92000001","E19000001","E18000005","E10000028","E07000193","E05006936"
"DE150LX",10,426724,323258,"E92000001","E19000001","E18000005","E10000028","E07000193","E05006936"
"DE150NH",10,426833,322760,"E92000001","E19000001","E18000005","E10000028","E07000193","E05006936"
"DE150NJ",10,426811,322455,"E92000001","E19000001","E18000005","E10000028","E07000193","E05006921"
"DE150NL",10,426798,322791,"E92000001","E19000001","E18000005","E10000028","E07000193","E05006936"
"DE150NS",10,426659,322645,"E92000001","E19000001","E18000005","E10000028","E07000193","E05006936"
"DE150NT",10,427119,322936,"E92000001","E19000001","E18000005","E10000028","E07000193","E05006936"
"DE150NU",10,427185,322812,"E92000001","E19000001","E18000005","E10000028","E07000193","E05006936"
"DE150NW",10,427220,322894,"E92000001","E19000001","E18000005","E10000028","E07000193","E05006936"
"DE150NX",10,427416,322778,"E92000001","E19000001","E18000005","E10000028","E07000193","E05006936"
"DE150NY",10,427321,322877,"E92000001","E19000001","E18000005","E10000028","E07000193","E05006936"
"DE150NZ",10,427384,322826,"E92000001","E19000001","E18000005","E10000028","E07000193","E05006936"
"DE150PA",10,427481,322858,"E92000001","E19000001","E18000005","E10000028","E07000193","E05006936"
"DE150PB",10,427670,323064,"E92000001","E19000001","E18000005","E10000028","E07000193","E05006936"
"DE150PD",10,427611,323110,"E92000001","E19000001","E18000005","E10000028","E07000193","E05006936"
"DE150PE",10,427683,323247,"E92000001","E19000001","E18000005","E10000028","E07000193","E05006936"
"DE150PP",10,427720,322627,"E92000001","E19000001","E18000005","E10000028","E07000193","E05006936"
"DE150PQ",10,427739,322508,"E92000001","E19000001","E18000005","E10000028","E07000193","E05006921"
"DE150PR",10,427561,322420,"E92000001","E19000001","E18000005","E10000028","E07000193","E05006921"
"DE150PS",10,428023,322487,"E92000001","E19000001","E18000004","E10000007","E07000039","E05008818"
"DE150PT",10,428288,322182,"E92000001","E19000001","E18000004","E10000007","E07000039","E05008818"
"DE150PU",10,428487,322007,"E92000001","E19000001","E18000004","E10000007","E07000039","E05008818"
"DE150PW",10,427564,322631,"E92000001","E19000001","E18000005","E10000028","E07000193","E05006921"
"DE150QA",10,429245,321609,"E92000001","E19000001","E18000004","E10000007","E07000039","E05008817"
"DE150QB",10,429261,321551,"E92000001","E19000001","E18000004","E10000007","E07000039","E05008817"
"DE150QE",10,429275,323046,"E92000001","E19000001","E18000004","E10000007","E07000039","E05008818"
"DE150QF",10,429024,322167,"E92000001","E19000001","E18000004","E10000007","E07000039","E05008818"
"DE150QG",10,429618,322150,"E92000001","E19000001","E18000004","E10000007","E07000039","E05008818"
"DE150QH",10,428192,323074,"E92000001","E19000001","E18000004","E10000007","E07000039","E05008818"
"DE150QJ",10,427689,322755,"E92000001","E19000001","E18000005","E10000028","E07000193","E05006936"
"DE150QL",10,427572,322771,"E92000001","E19000001","E18000005","E10000028","E07000193","E05006936"
"DE150QN",10,427793,322921,"E92000001","E19000001","E18000004","E10000007","E07000039","E05008818"
"DE150QP",10,428312,323242,"E92000001","E19000001","E18000004","E10000007","E07000039","E05008818"
"DE150QQ",10,430048,322520,"E92000001","E19000001","E18000004","E10000007","E07000039","E05008818"
"DE150QR",10,428986,323354,"E92000001","E19000001","E18000004","E10000007","E07000039","E05008818"
"DE150QS",10,428838,323709,"E92000001","E19000001","E18000004","E10000007","E07000039","E05008818"
"DE150QT",10,429165,321645,"E92000001","E19000001","E18000004","E10000007","E07000039","E05008817"
"DE150QU",10,428553,322119,"E92000001","E19000001","E18000004","E10000007","E07000039","E05008818"
"DE150QW",10,428010,323029,"E92000001","E19000001","E18000004","E10000007","E07000039","E05008818"
"DE150QX",10,429925,322581,"E92000001","E19000001","E18000004","E10000007","E07000039","E05008818"
"DE150QY",10,428731,322514,"E92000001","E19000001","E18000004","E10000007","E07000039","E05008818"
"DE150RA",10,429130,323361,"E92000001","E19000001","E18000004","E10000007","E07000039","E05008818"
"DE150RB",10,429768,322854,"E92000001","E19000001","E18000004","E10000007","E07000039","E05008818"
"DE150RD",10,429843,323398,"E92000001","E19000001","E18000004","E10000007","E07000039","E05008818"
"DE150RE",10,429463,323214,"E92000001","E19000001","E18000004","E10000007","E07000039","E05008818"
"DE150RF",10,429726,323363,"E92000001","E19000001","E18000004","E10000007","E07000039","E05008818"
"DE150RG",10,430917,323383,"E92000001","E19000001","E18000004","E10000007","E07000039","E05008818"
"DE150RH",10,431889,322628,"E92000001","E19000001","E18000004","E10000007","E07000039","E05008818"
"DE150RJ",10,432365,323429,"E92000001","E19000001","E18000004","E10000007","E07000039","E05008818"
"DE150RL",10,429949,322438,"E92000001","E19000001","E18000004","E10000007","E07000039","E05008818"
"DE150RN",10,432756,323024,"E92000001","E19000001","E18000004","E10000007","E07000039","E05008818"
"DE150RQ",10,430981,323308,"E92000001","E19000001","E18000004","E10000007","E07000039","E05008818"
"DE150RS",10,427201,324012,"E92000001","E19000001","E18000004","E10000007","E07000039","E05008818"
"DE150RT",10,430244,324320,"E92000001","E19000001","E18000004","E10000007","E07000039","E05008818"
"DE150RU",10,429114,324539,"E92000001","E19000001","E18000004","E10000007","E07000039","E05008818"
"DE150RX",10,429012,324927,"E92000001","E19000001","E18000004","E10000007","E07000039","E05008818"
"DE150RY",10,428296,325500,"E92000001","E19000001","E18000004","E10000007","E07000039","E05008818"
"DE150RZ",10,428243,325864,"E92000001","E19000001","E18000004","E10000007","E07000039","E05008818"
"DE150SA",10,428247,325822,"E92000001","E19000001","E18000004","E10000007","E07000039","E05008818"
"DE150SB",10,428133,325741,"E92000001","E19000001","E18000004","E10000007","E07000039","E05008818"
"DE150SD",10,428155,325808,"E92000001","E19000001","E18000004","E10000007","E07000039","E05008818"
"DE150SE",10,428036,325861,"E92000001","E19000001","E18000004","E10000007","E07000039","E05008818"
"DE150SF",10,428091,325689,"E92000001","E19000001","E18000004","E10000007","E07000039","E05008818"
"DE150SG",10,428426,325809,"E92000001","E19000001","E18000004","E10000007","E07000039","E05008818"
"DE150SJ",10,428107,325631,"E92000001","E19000001","E18000004","E10000007","E07000039","E05008818"
"DE150SL",10,428105,325915,"E92000001","E19000001","E18000004","E10000007","E07000039","E05008818"
"DE150SQ",10,428090,325565,"E92000001","E19000001","E18000004","E10000007","E07000039","E05008818"
"DE150SR",10,427907,325780,"E92000001","E19000001","E18000004","E10000007","E07000039","E05008818"
"DE150SS",10,427939,325239,"E92000001","E19000001","E18000004","E10000007","E07000039","E05008818"
"DE150ST",10,427602,325447,"E92000001","E19000001","E18000004","E10000007","E07000039","E05008818"
"DE150SU",10,427691,325452,"E92000001","E19000001","E18000004","E10000007","E07000039","E05008818"
"DE150SX",10,427739,325371,"E92000001","E19000001","E18000004","E10000007","E07000039","E05008818"
"DE150SY",10,426911,324701,"E92000001","E19000001","E18000004","E10000007","E07000039","E05008818"
"DE150SZ",10,426716,324636,"E92000001","E19000001","E18000004","E10000007","E07000039","E05008818"
"DE150TA",10,426813,324738,"E92000001","E19000001","E18000004","E10000007","E07000039","E05008818"
"DE150TB",10,426579,324653,"E92000001","E19000001","E18000004","E10000007","E07000039","E05008818"
"DE150TD",10,427473,325312,"E92000001","E19000001","E18000004","E10000007","E07000039","E05008818"
"DE150TE",10,427184,325486,"E92000001","E19000001","E18000004","E10000007","E07000039","E05008818"
"DE150TF",10,427784,325299,"E92000001","E19000001","E18000004","E10000007","E07000039","E05008818"
"DE150TG",10,426895,325198,"E92000001","E19000001","E18000004","E10000007","E07000039","E05008818"
"DE150TP",10,426288,324069,"E92000001","E19000001","E18000005","E10000028","E07000193","E05006936"
"DE150TQ",10,426536,324448,"E92000001","E19000001","E18000004","E10000007","E07000039","E05008818"
"DE150TR",10,426347,324055,"E92000001","E19000001","E18000005","E10000028","E07000193","E05006936"
"DE150TT",10,426207,323955,"E92000001","E19000001","E18000005","E10000028","E07000193","E05006936"
"DE150TU",10,426017,323642,"E92000001","E19000001","E18000005","E10000028","E07000193","E05006936"
"DE150TX",10,425839,323359,"E92000001","E19000001","E18000005","E10000028","E07000193","E05006936"
"DE150TY",10,426225,323737,"E92000001","E19000001","E18000005","E10000028","E07000193","E05006936"
"DE150TZ",10,426180,323663,"E92000001","E19000001","E18000005","E10000028","E07000193","E05006936"
"DE150UA",10,430090,322576,"E92000001","E19000001","E18000004","E10000007","E07000039","E05008818"
"DE150UD",10,425858,323274,"E92000001","E19000001","E18000005","E10000028","E07000193","E05006936"
"DE150XD",10,425089,324308,"E92000001","E19000001","E18000005","E10000028","E07000193","E05006922"
"DE150YA",10,427274,323181,"E92000001","E19000001","E18000005","E10000028","E07000193","E05006936"
"DE150YB",10,427324,323151,"E92000001","E19000001","E18000005","E10000028","E07000193","E05006936"
"DE150YX",10,425089,324308,"E92000001","E19000001","E18000005","E10000028","E07000193","E05006922"
"DE150YZ",10,428934,321717,"E92000001","E19000001","E18000004","E10000007","E07000039","E05008818"
"DE150ZJ",10,425089,324308,"E92000001","E19000001","E18000005","E10000028","E07000193","E05006922"
"DE150ZP",10,425089,324308,"E92000001","E19000001","E18000005","E10000028","E07000193","E05006922"
"DE150ZX",10,425089,324308,"E92000001","E19000001","E18000005","E10000028","E07000193","E05006922"
"DE159AA",10,425857,323003,"E92000001","E19000001","E18000005","E10000028","E07000193","E05006936"
"DE159AB",10,426042,322917,"E92000001","E19000001","E18000005","E10000028","E07000193","E05006936"
"DE159AD",10,426207,322900,"E92000001","E19000001","E18000005","E10000028","E07000193","E05006936"
"DE159AE",10,425651,322865,"E92000001","E19000001","E18000005","E10000028","E07000193","E05006921"
"DE159AF",10,425550,322187,"E92000001","E19000001","E18000005","E10000028","E07000193","E05006931"
"DE159AG",10,425710,322707,"E92000001","E19000001","E18000005","E10000028","E07000193","E05006921"
"DE159AH",10,425603,322172,"E92000001","E19000001","E18000005","E10000028","E07000193","E05006931"
"DE159AJ",10,427354,322412,"E92000001","E19000001","E18000005","E10000028","E07000193","E05006921"
"DE159AL",10,427368,322501,"E92000001","E19000001","E18000005","E10000028","E07000193","E05006921"
"DE159AN",10,426939,322414,"E92000001","E19000001","E18000005","E10000028","E07000193","E05006921"
"DE159AP",10,425515,321876,"E92000001","E19000001","E18000005","E10000028","E07000193","E05006931"
"DE159AQ",10,425883,322663,"E92000001","E19000001","E18000005","E10000028","E07000193","E05006921"
"DE159AR",10,425483,321711,"E92000001","E19000001","E18000005","E10000028","E07000193","E05006931"
"DE159AS",10,425544,321697,"E92000001","E19000001","E18000005","E10000028","E07000193","E05006931"
"DE159AT",10,425527,321633,"E92000001","E19000001","E18000005","E10000028","E07000193","E05006931"
"DE159AU",10,425634,322121,"E92000001","E19000001","E18000005","E10000028","E07000193","E05006931"
"DE159AW",10,425623,322018,"E92000001","E19000001","E18000005","E10000028","E07000193","E05006931"
"DE159AX",10,425753,322962,"E92000001","E19000001","E18000005","E10000028","E07000193","E05006936"
"DE159AY",10,425788,323128,"E92000001","E19000001","E18000005","E10000028","E07000193","E05006936"
"DE159AZ",10,426940,322469,"E92000001","E19000001","E18000005","E10000028","E07000193","E05006921"
"DE159BA",10,426963,322541,"E92000001","E19000001","E18000005","E10000028","E07000193","E05006921"
"DE159BB",10,425764,322335,"E92000001","E19000001","E18000005","E10000028","E07000193","E05006921"
"DE159BD",10,425826,322285,"E92000001","E19000001","E18000005","E10000028","E07000193","E05006921"
"DE159BE",10,426155,322267,"E92000001","E19000001","E18000005","E10000028","E07000193","E05006921"
"DE159BF",10,425599,322084,"E92000001","E19000001","E18000005","E10000028","E07000193","E05006931"
"DE159BG",10,426122,322231,"E92000001","E19000001","E18000005","E10000028","E07000193","E05006921"
"DE159BH",10,425997,322370,"E92000001","E19000001","E18000005","E10000028","E07000193","E05006921"
"DE159BJ",10,426045,322366,"E92000001","E19000001","E18000005","E10000028","E07000193","E05006921"
"DE159BL",10,426353,322202,"E92000001","E19000001","E18000005","E10000028","E07000193","E05006921"
"DE159BN",10,426305,322167,"E92000001","E19000001","E18000005","E10000028","E07000193","E05006921"
"DE159BP",10,426418,322255,"E92000001","E19000001","E18000005","E10000028","E07000193","E05006921"
"DE159BQ",10,425914,322379,"E92000001","E19000001","E18000005","E10000028","E07000193","E05006921"
"DE159BS",10,426532,322259,"E92000001","E19000001","E18000005","E10000028","E07000193","E05006921"
"DE159BT",10,426458,322208,"E92000001","E19000001","E18000005","E10000028","E07000193","E05006921"
"DE159BU",10,426573,322186,"E92000001","E19000001","E18000005","E10000028","E07000193","E05006921"
"DE159BW",10,426536,322058,"E92000001","E19000001","E18000005","E10000028","E07000193","E05006921"
"DE159BX",10,426436,322078,"E92000001","E19000001","E18000005","E10000028","E07000193","E05006921"
"DE159BY",10,426319,322021,"E92000001","E19000001","E18000005","E10000028","E07000193","E05006921"
"DE159BZ",10,426472,322068,"E92000001","E19000001","E18000005","E10000028","E07000193","E05006921"
"DE159DB",10,426162,322089,"E92000001","E19000001","E18000005","E10000028","E07000193","E05006921"
"DE159DD",10,425983,321988,"E92000001","E19000001","E18000005","E10000028","E07000193","E05006921"
"DE159DE",10,426085,321842,"E92000001","E19000001","E18000005","E10000028","E07000193","E05006921"
"DE159DF",10,426093,321807,"E92000001","E19000001","E18000005","E10000028","E07000193","E05006921"
"DE159DG",10,426059,321859,"E92000001","E19000001","E18000005","E10000028","E07000193","E05006921"
"DE159DH",10,425941,322048,"E92000001","E19000001","E18000005","E10000028","E07000193","E05006921"
"DE159DJ",10,425843,322057,"E92000001","E19000001","E18000005","E10000028","E07000193","E05006921"
"DE159DL",10,425912,322078,"E92000001","E19000001","E18000005","E10000028","E07000193","E05006921"
"DE159DN",10,426599,322131,"E92000001","E19000001","E18000005","E10000028","E07000193","E05006921"
"DE159DP",10,426660,322193,"E92000001","E19000001","E18000005","E10000028","E07000193","E05006921"
"DE159DQ",10,426056,321962,"E92000001","E19000001","E18000005","E10000028","E07000193","E05006921"
"DE159DR",10,427372,322473,"E92000001","E19000001","E18000005","E10000028","E07000193","E05006921"
"DE159DS",10,426689,322295,"E92000001","E19000001","E18000005","E10000028","E07000193","E05006921"
"DE159DT",10,426377,322016,"E92000001","E19000001","E18000005","E10000028","E07000193","E05006921"
"DE159DU",10,425679,322170,"E92000001","E19000001","E18000005","E10000028","E07000193","E05006931"
"DE159DW",10,426818,322594,"E92000001","E19000001","E18000005","E10000028","E07000193","E05006921"
"DE159DX",10,425735,322033,"E92000001","E19000001","E18000005","E10000028","E07000193","E05006921"
"DE159DY",10,425819,322216,"E92000001","E19000001","E18000005","E10000028","E07000193","E05006921"
"DE159DZ",10,425822,322186,"E92000001","E19000001","E18000005","E10000028","E07000193","E05006921"
"DE159EA",10,426111,322169,"E92000001","E19000001","E18000005","E10000028","E07000193","E05006921"
"DE159EB",10,426110,322125,"E92000001","E19000001","E18000005","E10000028","E07000193","E05006921"
"DE159ED",10,425761,322043,"E92000001","E19000001","E18000005","E10000028","E07000193","E05006921"
"DE159EE",10,425823,321983,"E92000001","E19000001","E18000005","E10000028","E07000193","E05006921"
"DE159EF",10,425925,321973,"E92000001","E19000001","E18000005","E10000028","E07000193","E05006921"
"DE159EG",10,425777,321870,"E92000001","E19000001","E18000005","E10000028","E07000193","E05006921"
"DE159EH",10,425854,321803,"E92000001","E19000001","E18000005","E10000028","E07000193","E05006921"
"DE159EJ",10,425781,321951,"E92000001","E19000001","E18000005","E10000028","E07000193","E05006921"
"DE159EL",10,426784,322242,"E92000001","E19000001","E18000005","E10000028","E07000193","E05006921"
"DE159EN",10,426827,322246,"E92000001","E19000001","E18000005","E10000028","E07000193","E05006921"
"DE159EP",10,426788,322160,"E92000001","E19000001","E18000005","E10000028","E07000193","E05006921"
"DE159EQ",10,425853,321894,"E92000001","E19000001","E18000005","E10000028","E07000193","E05006921"
"DE159ER",10,425613,322216,"E92000001","E19000001","E18000005","E10000028","E07000193","E05006931"
"DE159ES",10,425804,321603,"E92000001","E19000001","E18000005","E10000028","E07000193","E05006931"
"DE159ET",10,425596,321770,"E92000001","E19000001","E18000005","E10000028","E07000193","E05006931"
"DE159EU",10,425452,321741,"E92000001","E19000001","E18000005","E10000028","E07000193","E05006931"
"DE159EW",10,426824,322495,"E92000001","E19000001","E18000005","E10000028","E07000193","E05006921"
"DE159EX",10,425383,321683,"E92000001","E19000001","E18000005","E10000028","E07000193","E05006931"
"DE159EY",10,425306,321757,"E92000001","E19000001","E18000005","E10000028","E07000193","E05006931"
"DE159EZ",10,425184,321566,"E92000001","E19000001","E18000005","E10000028","E07000193","E05006931"
"DE159FD",10,426035,321661,"E92000001","E19000001","E18000005","E10000028","E07000193","E05006921"
"DE159FE",10,426248,321496,"E92000001","E19000001","E18000005","E10000028","E07000193","E05006921"
"DE159FF",10,426287,321569,"E92000001","E19000001","E18000005","E10000028","E07000193","E05006921"
"DE159FG",10,426315,321532,"E92000001","E19000001","E18000005","E10000028","E07000193","E05006921"
"DE159FH",10,426133,321653,"E92000001","E19000001","E18000005","E10000028","E07000193","E05006921"
"DE159FJ",10,425955,321633,"E92000001","E19000001","E18000005","E10000028","E07000193","E05006921"
"DE159FL",10,426210,322366,"E92000001","E19000001","E18000005","E10000028","E07000193","E05006921"
"DE159FN",10,426226,322294,"E92000001","E19000001","E18000005","E10000028","E07000193","E05006921"
"DE159FP",10,426170,322401,"E92000001","E19000001","E18000005","E10000028","E07000193","E05006921"
"DE159FQ",10,425062,321524,"E92000001","E19000001","E18000005","E10000028","E07000193","E05006931"
"DE159FR",10,426352,322484,"E92000001","E19000001","E18000005","E10000028","E07000193","E05006921"
"DE159FS",10,426336,322376,"E92000001","E19000001","E18000005","E10000028","E07000193","E05006921"
"DE159FT",10,426387,322290,"E92000001","E19000001","E18000005","E10000028","E07000193","E05006921"
"DE159FU",50,426319,322334,"E92000001","E19000001","E18000005","E10000028","E07000193","E05006921"
"DE159FW",10,426154,322302,"E92000001","E19000001","E18000005","E10000028","E07000193","E05006921"
"DE159FX",10,426251,322378,"E92000001","E19000001","E18000005","E10000028","E07000193","E05006921"
"DE159FY",10,426361,322441,"E92000001","E19000001","E18000005","E10000028","E07000193","E05006921"
"DE159FZ",10,426835,322634,"E92000001","E19000001","E18000005","E10000028","E07000193","E05006921"
"DE159GA",10,425617,321899,"E92000001","E19000001","E18000005","E10000028","E07000193","E05006931"
"DE159GB",10,426644,322379,"E92000001","E19000001","E18000005","E10000028","E07000193","E05006921"
"DE159GD",10,426672,322498,"E92000001","E19000001","E18000005","E10000028","E07000193","E05006921"
"DE159GE",10,425421,321005,"E92000001","E19000001","E18000005","E10000028","E07000193","E05006931"
"DE159GF",10,426668,322550,"E92000001","E19000001","E18000005","E10000028","E07000193","E05006921"
"DE159GG",10,426639,322408,"E92000001","E19000001","E18000005","E10000028","E07000193","E05006921"
"DE159GH",10,427084,322471,"E92000001","E19000001","E18000005","E10000028","E07000193","E05006921"
"DE159GJ",10,427031,322433,"E92000001","E19000001","E18000005","E10000028","E07000193","E05006921"
"DE159GL",10,427279,322685,"E92000001","E19000001","E18000005","E10000028","E07000193","E05006921"
"DE159GN",10,427304,322607,"E92000001","E19000001","E18000005","E10000028","E07000193","E05006921"
"DE159GP",10,427454,322655,"E92000001","E19000001","E18000005","E10000028","E07000193","E05006921"
"DE159GQ",10,426573,322468,"E92000001","E19000001","E18000005","E10000028","E07000193","E05006921"
"DE159GR",10,427226,322549,"E92000001","E19000001","E18000005","E10000028","E07000193","E05006921"
"DE159GS",10,427146,322493,"E92000001","E19000001","E18000005","E10000028","E07000193","E05006921"
"DE159GT",10,426817,322334,"E92000001","E19000001","E18000005","E10000028","E07000193","E05006921"
"DE159GU",10,426893,322338,"E92000001","E19000001","E18000005","E10000028","E07000193","E05006921"
"DE159GW",10,427413,322467,"E92000001","E19000001","E18000005","E10000028","E07000193","E05006921"
"DE159GX",10,426908,322378,"E92000001","E19000001","E18000005","E10000028","E07000193","E05006921"
"DE159GY",10,426851,322385,"E92000001","E19000001","E18000005","E10000028","E07000193","E05006921"
"DE159GZ",10,425161,321306,"E92000001","E19000001","E18000005","E10000028","E07000193","E05006931"
"DE159HA",10,425289,321651,"E92000001","E19000001","E18000005","E10000028","E07000193","E05006931"
"DE159HB",10,425364,321632,"E92000001","E19000001","E18000005","E10000028","E07000193","E05006931"
"DE159HD",10,425243,321561,"E92000001","E19000001","E18000005","E10000028","E07000193","E05006931"
"DE159HE",10,425148,321613,"E92000001","E19000001","E18000005","E10000028","E07000193","E05006931"
"DE159HF",10,425365,321861,"E92000001","E19000001","E18000005","E10000028","E07000193","E05006931"
"DE159HG",10,425911,321848,"E92000001","E19000001","E18000005","E10000028","E07000193","E05006921"
"DE159HH",10,426151,321554,"E92000001","E19000001","E18000005","E10000028","E07000193","E05006921"
"DE159HJ",10,425852,321702,"E92000001","E19000001","E18000005","E10000028","E07000193","E05006921"
"DE159HL",10,426332,321938,"E92000001","E19000001","E18000005","E10000028","E07000193","E05006921"
"DE159HN",10,426303,321652,"E92000001","E19000001","E18000005","E10000028","E07000193","E05006921"
"DE159HP",10,424966,321165,"E92000001","E19000001","E18000005","E10000028","E07000193","E05006931"
"DE159HQ",10,426224,321542,"E92000001","E19000001","E18000005","E10000028","E07000193","E05006921"
"DE159HR",10,424928,321048,"E92000001","E19000001","E18000005","E10000028","E07000193","E05006931"
"DE159HS",10,424881,321151,"E92000001","E19000001","E18000005","E10000028","E07000193","E05006931"
"DE159HT",10,424916,320950,"E92000001","E19000001","E18000005","E10000028","E07000193","E05006931"
"DE159HU",10,424968,320985,"E92000001","E19000001","E18000005","E10000028","E07000193","E05006931"
"DE159HX",10,424947,320913,"E92000001","E19000001","E18000005","E10000028","E07000193","E05006931"
"DE159HY",10,424947,320784,"E92000001","E19000001","E18000005","E10000028","E07000193","E05006931"
"DE159HZ",10,425024,320963,"E92000001","E19000001","E18000005","E10000028","E07000193","E05006931"
"DE159JA",10,425051,320961,"E92000001","E19000001","E18000005","E10000028","E07000193","E05006931"
"DE159JB",10,425088,320940,"E92000001","E19000001","E18000005","E10000028","E07000193","E05006931"
"DE159JD",10,424829,320898,"E92000001","E19000001","E18000005","E10000028","E07000193","E05006931"
"DE159JE",10,424873,321226,"E92000001","E19000001","E18000005","E10000028","E07000193","E05006931"
"DE159JF",10,424753,321034,"E92000001","E19000001","E18000005","E10000028","E07000193","E05006931"
"DE159JG",10,424798,321163,"E92000001","E19000001","E18000005","E10000028","E07000193","E05006931"
"DE159JH",10,424666,321116,"E92000001","E19000001","E18000005","E10000028","E07000193","E05006931"
"DE159JJ",10,424722,321051,"E92000001","E19000001","E18000005","E10000028","E07000193","E05006931"
"DE159JL",10,424583,321114,"E92000001","E19000001","E18000005","E10000028","E07000193","E05006931"
"DE159JN",10,424736,321241,"E92000001","E19000001","E18000005","E10000028","E07000193","E05006931"
"DE159JP",10,424824,320853,"E92000001","E19000001","E18000005","E10000028","E07000193","E05006931"
"DE159JQ",10,424801,321256,"E92000001","E19000001","E18000005","E10000028","E07000193","E05006931"
"DE159JR",10,425036,320633,"E92000001","E19000001","E18000005","E10000028","E07000193","E05006931"
"DE159JS",10,424872,320724,"E92000001","E19000001","E18000005","E10000028","E07000193","E05006931"
"DE159JT",10,426989,322694,"E92000001","E19000001","E18000005","E10000028","E07000193","E05006921"
"DE159JU",10,427057,322666,"E92000001","E19000001","E18000005","E10000028","E07000193","E05006921"
"DE159JW",10,424632,321022,"E92000001","E19000001","E18000005","E10000028","E07000193","E05006931"
"DE159JX",10,427148,322637,"E92000001","E19000001","E18000005","E10000028","E07000193","E05006921"
"DE159JY",10,424776,321284,"E92000001","E19000001","E18000005","E10000028","E07000193","E05006931"
"DE159JZ",10,426431,322015,"E92000001","E19000001","E18000005","E10000028","E07000193","E05006921"
"DE159LA",10,425358,321418,"E92000001","E19000001","E18000005","E10000028","E07000193","E05006931"
"DE159LB",10,425322,321407,"E92000001","E19000001","E18000005","E10000028","E07000193","E05006931"
"DE159LD",10,425395,321564,"E92000001","E19000001","E18000005","E10000028","E07000193","E05006931"
"DE159LE",10,425262,321496,"E92000001","E19000001","E18000005","E10000028","E07000193","E05006931"
"DE159LF",10,425399,321367,"E92000001","E19000001","E18000005","E10000028","E07000193","E05006931"
"DE159LG",10,425212,321418,"E92000001","E19000001","E18000005","E10000028","E07000193","E05006931"
"DE159LH",10,425361,321314,"E92000001","E19000001","E18000005","E10000028","E07000193","E05006931"
"DE159LJ",10,425165,321358,"E92000001","E19000001","E18000005","E10000028","E07000193","E05006931"
"DE159LL",10,425124,321397,"E92000001","E19000001","E18000005","E10000028","E07000193","E05006931"
"DE159LP",10,425005,321437,"E92000001","E19000001","E18000005","E10000028","E07000193","E05006931"
"DE159LQ",10,425055,321433,"E92000001","E19000001","E18000005","E10000028","E07000193","E05006931"
"DE159LS",10,425051,321293,"E92000001","E19000001","E18000005","E10000028","E07000193","E05006931"
"DE159LT",10,425006,321084,"E92000001","E19000001","E18000005","E10000028","E07000193","E05006931"
"DE159LU",10,425235,321124,"E92000001","E19000001","E18000005","E10000028","E07000193","E05006931"
"DE159LW",10,425113,321138,"E92000001","E19000001","E18000005","E10000028","E07000193","E05006931"
"DE159LX",10,425215,321176,"E92000001","E19000001","E18000005","E10000028","E07000193","E05006931"
"DE159LY",10,425131,321058,"E92000001","E19000001","E18000005","E10000028","E07000193","E05006931"
"DE159LZ",10,425181,321071,"E92000001","E19000001","E18000005","E10000028","E07000193","E05006931"
"DE159NA",10,425165,320905,"E92000001","E19000001","E18000005","E10000028","E07000193","E05006931"
"DE159NB",10,425096,320718,"E92000001","E19000001","E18000005","E10000028","E07000193","E05006931"
"DE159ND",10,425040,320801,"E92000001","E19000001","E18000005","E10000028","E07000193","E05006931"
"DE159NE",10,425025,320765,"E92000001","E19000001","E18000005","E10000028","E07000193","E05006931"
"DE159NF",10,425206,321065,"E92000001","E19000001","E18000005","E10000028","E07000193","E05006931"
"DE159NG",10,423474,319685,"E92000001","E19000001","E18000004","E10000007","E07000039","E05008814"
"DE159NL",10,425189,320407,"E92000001","E19000001","E18000005","E10000028","E07000193","E05006931"
"DE159NN",10,425262,320384,"E92000001","E19000001","E18000005","E10000028","E07000193","E05006931"
"DE159NP",10,425380,320534,"E92000001","E19000001","E18000005","E10000028","E07000193","E05006931"
"DE159NR",10,425485,320607,"E92000001","E19000001","E18000005","E10000028","E07000193","E05006931"
"DE159NS",10,425569,320672,"E92000001","E19000001","E18000005","E10000028","E07000193","E05006931"
"DE159NT",10,425655,320766,"E92000001","E19000001","E18000005","E10000028","E07000193","E05006931"
"DE159NU",10,425671,320833,"E92000001","E19000001","E18000005","E10000028","E07000193","E05006931"
"DE159NW",10,425219,320449,"E92000001","E19000001","E18000005","E10000028","E07000193","E05006931"
"DE159NX",10,425689,320908,"E92000001","E19000001","E18000005","E10000028","E07000193","E05006931"
"DE159NY",10,425749,321033,"E92000001","E19000001","E18000005","E10000028","E07000193","E05006931"
"DE159NZ",10,425330,320434,"E92000001","E19000001","E18000005","E10000028","E07000193","E05006931"
"DE159PD",10,425245,320527,"E92000001","E19000001","E18000005","E10000028","E07000193","E05006931"
"DE159PE",10,425260,320567,"E92000001","E19000001","E18000005","E10000028","E07000193","E05006931"
"DE159PF",10,425353,320621,"E92000001","E19000001","E18000005","E10000028","E07000193","E05006931"
"DE159PG",10,425634,320967,"E92000001","E19000001","E18000005","E10000028","E07000193","E05006931"
"DE159PH",10,425779,321010,"E92000001","E19000001","E18000005","E10000028","E07000193","E05006931"
"DE159PQ",10,425800,320980,"E92000001","E19000001","E18000005","E10000028","E07000193","E05006931"
"DE159PS",10,425386,320729,"E92000001","E19000001","E18000005","E10000028","E07000193","E05006931"
"DE159PT",10,425247,320713,"E92000001","E19000001","E18000005","E10000028","E07000193","E05006931"
"DE159PU",10,425505,320748,"E92000001","E19000001","E18000005","E10000028","E07000193","E05006931"
"DE159PX",10,425402,320807,"E92000001","E19000001","E18000005","E10000028","E07000193","E05006931"
"DE159PY",10,425420,320892,"E92000001","E19000001","E18000005","E10000028","E07000193","E05006931"
"DE159PZ",10,425490,321072,"E92000001","E19000001","E18000005","E10000028","E07000193","E05006931"
"DE159QA",10,425421,320989,"E92000001","E19000001","E18000005","E10000028","E07000193","E05006931"
"DE159QB",10,425450,321056,"E92000001","E19000001","E18000005","E10000028","E07000193","E05006931"
"DE159QD",10,425395,320949,"E92000001","E19000001","E18000005","E10000028","E07000193","E05006931"
"DE159QG",10,425540,320768,"E92000001","E19000001","E18000005","E10000028","E07000193","E05006931"
"DE159QH",10,425626,320928,"E92000001","E19000001","E18000005","E10000028","E07000193","E05006931"
"DE159QJ",10,425575,320959,"E92000001","E19000001","E18000005","E10000028","E07000193","E05006931"
"DE159QL",10,425648,321010,"E92000001","E19000001","E18000005","E10000028","E07000193","E05006931"
"DE159QN",10,425536,320901,"E92000001","E19000001","E18000005","E10000028","E07000193","E05006931"
"DE159QP",10,425606,321215,"E92000001","E19000001","E18000005","E10000028","E07000193","E05006931"
"DE159QQ",10,425564,320857,"E92000001","E19000001","E18000005","E10000028","E07000193","E05006931"
"DE159QR",10,425675,321270,"E92000001","E19000001","E18000005","E10000028","E07000193","E05006931"
"DE159QS",10,425560,321186,"E92000001","E19000001","E18000005","E10000028","E07000193","E05006931"
"DE159QW",10,425506,320934,"E92000001","E19000001","E18000005","E10000028","E07000193","E05006931"
"DE159RA",10,425241,320787,"E92000001","E19000001","E18000005","E10000028","E07000193","E05006931"
"DE159RB",10,425254,320984,"E92000001","E19000001","E18000005","E10000028","E07000193","E05006931"
"DE159RD",10,425456,321440,"E92000001","E19000001","E18000005","E10000028","E07000193","E05006931"
"DE159RE",10,425152,320561,"E92000001","E19000001","E18000005","E10000028","E07000193","E05006931"
"DE159RF",10,425177,320769,"E92000001","E19000001","E18000005","E10000028","E07000193","E05006931"
"DE159RG",10,425281,320936,"E92000001","E19000001","E18000005","E10000028","E07000193","E05006931"
"DE159RJ",10,425507,321480,"E92000001","E19000001","E18000005","E10000028","E07000193","E05006931"
"DE159RL",10,425624,321459,"E92000001","E19000001","E18000005","E10000028","E07000193","E05006931"
"DE159RN",10,425624,321355,"E92000001","E19000001","E18000005","E10000028","E07000193","E05006931"
"DE159RP",10,425739,321523,"E92000001","E19000001","E18000005","E10000028","E07000193","E05006931"
"DE159RQ",10,425415,321140,"E92000001","E19000001","E18000005","E10000028","E07000193","E05006931"
"DE159RR",10,425853,321470,"E92000001","E19000001","E18000005","E10000028","E07000193","E05006931"
"DE159RS",10,425785,321333,"E92000001","E19000001","E18000005","E10000028","E07000193","E05006931"
"DE159RT",10,425968,321459,"E92000001","E19000001","E18000005","E10000028","E07000193","E05006931"
"DE159RU",10,425489,321174,"E92000001","E19000001","E18000005","E10000028","E07000193","E05006931"
"DE159RW",10,425725,321810,"E92000001","E19000001","E18000005","E10000028","E07000193","E05006921"
"DE159RX",10,425561,321371,"E92000001","E19000001","E18000005","E10000028","E07000193","E05006931"
"DE159SD",10,425986,321118,"E92000001","E19000001","E18000005","E10000028","E07000193","E05006931"
"DE159SE",10,425979,321009,"E92000001","E19000001","E18000005","E10000028","E07000193","E05006931"
"DE159SF",10,425923,320989,"E92000001","E19000001","E18000005","E10000028","E07000193","E05006931"
"DE159SG",10,426202,320755,"E92000001","E19000001","E18000005","E10000028","E07000193","E05006931"
"DE159SH",10,426139,320936,"E92000001","E19000001","E18000005","E10000028","E07000193","E05006931"
"DE159SJ",10,426185,320879,"E92000001","E19000001","E18000005","E10000028","E07000193","E05006931"
"DE159SL",10,426490,320601,"E92000001","E19000001","E18000004","E10000007","E07000039","E05008817"
"DE159SN",10,426578,320578,"E92000001","E19000001","E18000004","E10000007","E07000039","E05008817"
"DE159SP",10,426476,320711,"E92000001","E19000001","E18000004","E10000007","E07000039","E05008817"
"DE159SQ",10,426181,320724,"E92000001","E19000001","E18000005","E10000028","E07000193","E05006931"
"DE159SR",10,426276,320793,"E92000001","E19000001","E18000005","E10000028","E07000193","E05006931"
"DE159SS",10,426328,320833,"E92000001","E19000001","E18000005","E10000028","E07000193","E05006931"
"DE159ST",10,426632,320457,"E92000001","E19000001","E18000004","E10000007","E07000039","E05008817"
"DE159SU",10,426513,320523,"E92000001","E19000001","E18000004","E10000007","E07000039","E05008817"
"DE159SW",10,426447,320694,"E92000001","E19000001","E18000004","E10000007","E07000039","E05008817"
"DE159TG",10,426686,320503,"E92000001","E19000001","E18000004","E10000007","E07000039","E05008817"
"DE159TH",10,427323,319438,"E92000001","E19000001","E18000004","E10000007","E07000039","E05008817"
"DE159TJ",10,426732,320040,"E92000001","E19000001","E18000004","E10000007","E07000039","E05008817"
"DE159TN",10,427064,319260,"E92000001","E19000001","E18000004","E10000007","E07000039","E05008817"
"DE159TP",10,427343,319653,"E92000001","E19000001","E18000004","E10000007","E07000039","E05008817"
"DE159TQ",10,426473,320354,"E92000001","E19000001","E18000004","E10000007","E07000039","E05008817"
"DE159TU",10,425362,319036,"E92000001","E19000001","E18000004","E10000007","E07000039","E05008814"
"DE159TW",10,427112,319860,"E92000001","E19000001","E18000004","E10000007","E07000039","E05008817"
"DE159TX",10,424438,319225,"E92000001","E19000001","E18000004","E10000007","E07000039","E05008814"
"DE159TY",10,423280,318916,"E92000001","E19000001","E18000004","E10000007","E07000039","E05008814"
"DE159UA",10,424862,320151,"E92000001","E19000001","E18000004","E10000007","E07000039","E05008814"
"DE159UB",10,424674,320387,"E92000001","E19000001","E18000004","E10000007","E07000039","E05008814"
"DE159UD",10,425211,320132,"E92000001","E19000001","E18000004","E10000007","E07000039","E05008814"
"DE159UE",10,425073,319271,"E92000001","E19000001","E18000004","E10000007","E07000039","E05008814"
"DE159UF",10,424012,318633,"E92000001","E19000001","E18000004","E10000007","E07000039","E05008814"
"DE159UG",10,422897,318757,"E92000001","E19000001","E18000004","E10000007","E07000039","E05008819"
"DE159UJ",50,424012,318636,"E92000001","E19000001","E18000004","E10000007","E07000039","E05008814"
"DE212AU",10,437595,339031,"E92000001","E19000001","E18000004","","E06000015","E05001781"
"DE212AX",10,437525,339226,"E92000001","E19000001","E18000004","","E06000015","E05001781"
"DE212AY",10,437546,339023,"E92000001","E19000001","E18000004","","E06000015","E05001781"
"DE212AZ",10,437571,339132,"E92000001","E19000001","E18000004","","E06000015","E05001781"
"DE212BA",10,437230,338814,"E92000001","E19000001","E18000004","","E06000015","E05001781"
"DE212BD",10,438372,338217,"E92000001","E19000001","E18000004","","E06000015","E05001781"
"DE212BE",10,438395,338321,"E92000001","E19000001","E18000004","","E06000015","E05001781"
"DE212BG",10,436962,338900,"E92000001","E19000001","E18000004","","E06000015","E05001781"
"DE212BH",10,437115,338913,"E92000001","E19000001","E18000004","","E06000015","E05001781"
"DE212BJ",10,437176,338867,"E92000001","E19000001","E18000004","","E06000015","E05001781"
"DE212BL",10,437201,338917,"E92000001","E19000001","E18000004","","E06000015","E05001781"
"DE212BN",10,437376,339080,"E92000001","E19000001","E18000004","","E06000015","E05001781"
"DE212BP",10,438405,338040,"E92000001","E19000001","E18000004","","E06000015","E05001781"
"DE212BQ",10,437045,338894,"E92000001","E19000001","E18000004","","E06000015","E05001781"
"DE212BR",10,437291,339138,"E92000001","E19000001","E18000004","","E06000015","E05001781"
"DE212BS",10,437192,339029,"E92000001","E19000001","E18000004","","E06000015","E05001781"
"DE212BT",10,437375,339150,"E92000001","E19000001","E18000004","","E06000015","E05001781"
"DE212BU",10,437426,339048,"E92000001","E19000001","E18000004","","E06000015","E05001781"
"DE212BW",10,438401,338237,"E92000001","E19000001","E18000004","","E06000015","E05001781"
"DE212BX",10,437252,338859,"E92000001","E19000001","E18000004","","E06000015","E05001781"
"DE212BY",10,438314,338191,"E92000001","E19000001","E18000004","","E06000015","E05001781"
"DE212BZ",10,438297,338092,"E92000001","E19000001","E18000004","","E06000015","E05001781"
"DE212DA",10,436912,338799,"E92000001","E19000001","E18000004","","E06000015","E05001781"
"DE212DB",10,437054,338778,"E92000001","E19000001","E18000004","","E06000015","E05001781"
"DE212DD",10,437155,338770,"E92000001","E19000001","E18000004","","E06000015","E05001781"
"DE212DE",10,437246,338754,"E92000001","E19000001","E18000004","","E06000015","E05001781"
"DE212DF",10,438467,338374,"E92000001","E19000001","E18000004","","E06000015","E05001781"
"DE212DG",10,437526,338836,"E92000001","E19000001","E18000004","","E06000015","E05001781"
"DE212DH",10,437438,338856,"E92000001","E19000001","E18000004","","E06000015","E05001781"
"DE212DJ",10,437376,338903,"E92000001","E19000001","E18000004","","E06000015","E05001781"
"DE212DL",10,437419,338949,"E92000001","E19000001","E18000004","","E06000015","E05001781"
"DE212DN",10,437992,338548,"E92000001","E19000001","E18000004","","E06000015","E05001781"
"DE212DP",10,438121,338453,"E92000001","E19000001","E18000004","","E06000015","E05001781"
"DE212DQ",10,437997,338489,"E92000001","E19000001","E18000004","","E06000015","E05001781"
"DE212DR",10,437908,338649,"E92000001","E19000001","E18000004","","E06000015","E05001781"
"DE212DT",10,437333,338728,"E92000001","E19000001","E18000004","","E06000015","E05001781"
"DE212DW",10,437976,338633,"E92000001","E19000001","E18000004","","E06000015","E05001781"
"DE212DX",10,437648,338802,"E92000001","E19000001","E18000004","","E06000015","E05001781"
"DE212DY",10,437745,338803,"E92000001","E19000001","E18000004","","E06000015","E05001781"
"DE212DZ",10,437817,338784,"E92000001","E19000001","E18000004","","E06000015","E05001781"
"DE212EA",10,437693,338898,"E92000001","E19000001","E18000004","","E06000015","E05001781"
"DE212EB",10,437828,338885,"E92000001","E19000001","E18000004","","E06000015","E05001781"
"DE212EE",10,437516,338719,"E92000001","E19000001","E18000004","","E06000015","E05001781"
"DE212EF",10,438016,338641,"E92000001","E19000001","E18000004","","E06000015","E05001781"
"DE212EG",10,437314,339008,"E92000001","E19000001","E18000004","","E06000015","E05001781"
"DE212EH",10,438523,338285,"E92000001","E19000001","E18000004","","E06000015","E05001781"
"DE212EJ",10,438523,338198,"E92000001","E19000001","E18000004","","E06000015","E05001781"
"DE212EL",10,438567,338184,"E92000001","E19000001","E18000004","","E06000015","E05001781"
"DE212EP",10,438565,338945,"E92000001","E19000001","E18000004","","E06000015","E05001781"
"DE212EQ",10,437310,338928,"E92000001","E19000001","E18000004","","E06000015","E05001781"
"DE212ER",10,438646,338927,"E92000001","E19000001","E18000004","","E06000015","E05001781"
"DE212ES",10,438516,338898,"E92000001","E19000001","E18000004","","E06000015","E05001781"
"DE212ET",10,438585,338825,"E92000001","E19000001","E18000004","","E06000015","E05001781"
"DE212EU",10,438527,338852,"E92000001","E19000001","E18000004","","E06000015","E05001781"
"DE212HA",10,438849,338647,"E92000001","E19000001","E18000004","","E06000015","E05001781"
"DE212HB",10,438889,338696,"E92000001","E19000001","E18000004","","E06000015","E05001781"
"DE212HD",10,438924,338630,"E92000001","E19000001","E18000004","","E06000015","E05001781"
"DE212HE",10,438832,338822,"E92000001","E19000001","E18000004","","E06000015","E05001781"
"DE212HF",10,438632,338273,"E92000001","E19000001","E18000004","","E06000015","E05001781"
"DE212HG",10,438682,338152,"E92000001","E19000001","E18000004","","E06000015","E05001781"
"DE212HH",10,438570,338289,"E92000001","E19000001","E18000004","","E06000015","E05001781"
"DE212HJ",10,438691,338093,"E92000001","E19000001","E18000004","","E06000015","E05001781"
"DE212HL",10,438541,338257,"E92000001","E19000001","E18000004","","E06000015","E05001781"
"DE212HN",10,438710,338022,"E92000001","E19000001","E18000004","","E06000015","E05001781"
"DE212HP",10,438439,338087,"E92000001","E19000001","E18000004","","E06000015","E05001781"
"DE212HQ",10,438654,338045,"E92000001","E19000001","E18000004","","E06000015","E05001781"
"DE212HR",10,438562,338055,"E92000001","E19000001","E18000004","","E06000015","E05001781"
"DE212HS",10,438606,337944,"E92000001","E19000001","E18000004","","E06000015","E05001781"
"DE212HT",10,438202,338392,"E92000001","E19000001","E18000004","","E06000015","E05001781"
"DE212HU",10,438675,337891,"E92000001","E19000001","E18000004","","E06000015","E05001781"
"DE212HW",10,438464,338185,"E92000001","E19000001","E18000004","","E06000015","E05001781"
"DE212HX",10,438592,338167,"E92000001","E19000001","E18000004","","E06000015","E05001781"
"DE212HY",10,438564,337928,"E92000001","E19000001","E18000004","","E06000015","E05001781"
"DE212HZ",10,438682,337849,"E92000001","E19000001","E18000004","","E06000015","E05001781"
"DE212JA",10,437507,338804,"E92000001","E19000001","E18000004","","E06000015","E05001781"
"DE212JB",10,437466,338762,"E92000001","E19000001","E18000004","","E06000015","E05001781"
"DE212JD",10,437932,338593,"E92000001","E19000001","E18000004","","E06000015","E05001781"
"DE212JE",10,437859,338567,"E92000001","E19000001","E18000004","","E06000015","E05001781"
"DE212JF",10,437843,338661,"E92000001","E19000001","E18000004","","E06000015","E05001781"
"DE212JG",10,438756,337888,"E92000001","E19000001","E18000004","","E06000015","E05001781"
"DE212JH",10,438225,338703,"E92000001","E19000001","E18000004","","E06000015","E05001781"
"DE212JJ",10,438033,338800,"E92000001","E19000001","E18000004","","E06000015","E05001781"
"DE212JL",10,437895,338741,"E92000001","E19000001","E18000004","","E06000015","E05001781"
"DE212JN",10,437916,338776,"E92000001","E19000001","E18000004","","E06000015","E05001781"
"DE212JP",10,437951,339049,"E92000001","E19000001","E18000004","","E06000015","E05001781"
"DE212JQ",10,438668,338401,"E92000001","E19000001","E18000004","","E06000015","E05001781"
"DE212JS",10,438050,338747,"E92000001","E19000001","E18000004","","E06000015","E05001781"
"DE212JT",10,437972,338845,"E92000001","E19000001","E18000004","","E06000015","E05001781"
"DE212JU",10,437951,338984,"E92000001","E19000001","E18000004","","E06000015","E05001781"
"DE212JW",10,438012,338676,"E92000001","E19000001","E18000004","","E06000015","E05001781"
"DE212JX",10,438205,338836,"E92000001","E19000001","E18000004","","E06000015","E05001781"
"DE212JY",10,438122,338826,"E92000001","E19000001","E18000004","","E06000015","E05001781"
"DE212JZ",10,438001,338915,"E92000001","E19000001","E18000004","","E06000015","E05001781"
"DE212LA",10,438907,338315,"E92000001","E19000001","E18000004","","E06000015","E05001781"
"DE212LB",10,438911,338439,"E92000001","E19000001","E18000004","","E06000015","E05001781"
"DE212LD",10,438762,338348,"E92000001","E19000001","E18000004","","E06000015","E05001781"
"DE212LE",10,438947,338498,"E92000001","E19000001","E18000004","","E06000015","E05001781"
"DE212LF",10,439033,338470,"E92000001","E19000001","E18000004","","E06000015","E05001781"
"DE212LG",10,438976,338498,"E92000001","E19000001","E18000004","","E06000015","E05001781"
"DE212LH",10,438968,338379,"E92000001","E19000001","E18000004","","E06000015","E05001781"
"DE212LJ",10,438944,338394,"E92000001","E19000001","E18000004","","E06000015","E05001781"
"DE212LL",10,438890,338291,"E92000001","E19000001","E18000004","","E06000015","E05001781"
"DE212LN",10,438825,338307,"E92000001","E19000001","E18000004","","E06000015","E05001781"
"DE212LP",10,438787,338489,"E92000001","E19000001","E18000004","","E06000015","E05001781"
"DE212LQ",10,438958,338519,"E92000001","E19000001","E18000004","","E06000015","E05001781"
"DE212LR",10,438782,338512,"E92000001","E19000001","E18000004","","E06000015","E05001781"
"DE212LS",10,438830,338453,"E92000001","E19000001","E18000004","","E06000015","E05001781"
"DE212LT",10,438531,338354,"E92000001","E19000001","E18000004","","E06000015","E05001781"
"DE212LW",10,438795,338286,"E92000001","E19000001","E18000004","","E06000015","E05001781"
"DE212LX",10,437398,338589,"E92000001","E19000001","E18000004","","E06000015","E05001781"
"DE212LY",10,437461,338708,"E92000001","E19000001","E18000004","","E06000015","E05001781"
"DE212LZ",10,437566,338569,"E92000001","E19000001","E18000004","","E06000015","E05001781"
"DE212NA",10,437513,338699,"E92000001","E19000001","E18000004","","E06000015","E05001781"
"DE212NB",10,437336,338676,"E92000001","E19000001","E18000004","","E06000015","E05001781"
"DE212ND",10,437435,338621,"E92000001","E19000001","E18000004","","E06000015","E05001781"
"DE212NE",10,437452,338563,"E92000001","E19000001","E18000004","","E06000015","E05001781"
"DE212NL",10,438498,338931,"E92000001","E19000001","E18000004","","E06000015","E05001781"
"DE212NP",10,438039,338390,"E92000001","E19000001","E18000004","","E06000015","E05001781"
"DE212NQ",10,437804,338810,"E92000001","E19000001","E18000004","","E06000015","E05001781"
"DE212NT",10,437343,338526,"E92000001","E19000001","E18000004","","E06000015","E05001781"
"DE212NY",10,437972,339075,"E92000001","E19000001","E18000004","","E06000015","E05001781"
"DE212NZ",10,438071,339105,"E92000001","E19000001","E18000004","","E06000015","E05001781"
"DE212PA",10,438107,338662,"E92000001","E19000001","E18000004","","E06000015","E05001781"
"DE212PB",10,438979,339348,"E92000001","E19000001","E18000004","","E06000015","E05001781"
"DE212PD",10,439021,339283,"E92000001","E19000001","E18000004","","E06000015","E05001781"
"DE212PE",10,439039,339351,"E92000001","E19000001","E18000004","","E06000015","E05001781"
"DE212PF",10,438037,338676,"E92000001","E19000001","E18000004","","E06000015","E05001781"
"DE212PG",10,438118,338648,"E92000001","E19000001","E18000004","","E06000015","E05001781"
"DE212PL",10,437564,338919,"E92000001","E19000001","E18000004","","E06000015","E05001781"
"DE212PN",10,437516,338923,"E92000001","E19000001","E18000004","","E06000015","E05001781"
"DE212PP",10,438817,338803,"E92000001","E19000001","E18000004","","E06000015","E05001781"
"DE212PQ",10,438098,338619,"E92000001","E19000001","E18000004","","E06000015","E05001781"
"DE212PR",10,438773,338747,"E92000001","E19000001","E18000004","","E06000015","E05001781"
"DE212PS",10,438784,338858,"E92000001","E19000001","E18000004","","E06000015","E05001781"
"DE212PT",10,438640,338848,"E92000001","E19000001","E18000004","","E06000015","E05001781"
"DE212PU",10,438737,338785,"E92000001","E19000001","E18000004","","E06000015","E05001781"
"DE212PZ",10,438574,338760,"E92000001","E19000001","E18000004","","E06000015","E05001781"
"DE212QA",10,438633,338593,"E92000001","E19000001","E18000004","","E06000015","E05001781"
"DE212QB",10,438662,338537,"E92000001","E19000001","E18000004","","E06000015","E05001781"
"DE212QD",10,438638,338726,"E92000001","E19000001","E18000004","","E06000015","E05001781"
"DE212QE",10,438730,338682,"E92000001","E19000001","E18000004","","E06000015","E05001781"
"DE212QF",10,438669,338752,"E92000001","E19000001","E18000004","","E06000015","E05001781"
"DE212QG",10,438712,338723,"E92000001","E19000001","E18000004","","E06000015","E05001781"
"DE212QH",10,438562,338659,"E92000001","E19000001","E18000004","","E06000015","E05001781"
"DE212QJ",10,438586,338633,"E92000001","E19000001","E18000004","","E06000015","E05001781"
"DE212QL",10,438552,338738,"E92000001","E19000001","E18000004","","E06000015","E05001781"
"DE212QN",10,439218,338905,"E92000001","E19000001","E18000004","","E06000015","E05001781"
"DE212QY",10,439040,339209,"E92000001","E19000001","E18000004","","E06000015","E05001781"
"DE212QZ",10,439128,339369,"E92000001","E19000001","E18000004","","E06000015","E05001781"
"DE212RA",10,439019,338745,"E92000001","E19000001","E18000004","","E06000015","E05001781"
"DE212RB",10,438914,338751,"E92000001","E19000001","E18000004","","E06000015","E05001781"
"DE212RD",10,438958,338705,"E92000001","E19000001","E18000004","","E06000015","E05001781"
"DE212RE",10,439021,338986,"E92000001","E19000001","E18000004","","E06000015","E05001781"
"DE212RF",10,439003,339044,"E92000001","E19000001","E18000004","","E06000015","E05001781"
"DE212RG",10,438600,339016,"E92000001","E19000001","E18000004","","E06000015","E05001781"
"DE212RH",10,439147,338926,"E92000001","E19000001","E18000004","","E06000015","E05001781"
"DE212RJ",10,438946,338916,"E92000001","E19000001","E18000004","","E06000015","E05001781"
"DE212RL",10,438955,338996,"E92000001","E19000001","E18000004","","E06000015","E05001781"
"DE212RN",10,439053,338982,"E92000001","E19000001","E18000004","","E06000015","E05001781"
"DE212RP",10,438978,338802,"E92000001","E19000001","E18000004","","E06000015","E05001781"
"DE212RQ",10,438257,338618,"E92000001","E19000001","E18000004","","E06000015","E05001781"
"DE212RR",10,439123,339085,"E92000001","E19000001","E18000004","","E06000015","E05001781"
"DE212RS",10,439150,339014,"E92000001","E19000001","E18000004","","E06000015","E05001781"
"DE212RT",10,437389,338485,"E92000001","E19000001","E18000004","","E06000015","E05001781"
"DE212RU",10,439119,338857,"E92000001","E19000001","E18000004","","E06000015","E05001781"
"DE212RW",10,439040,338929,"E92000001","E19000001","E18000004","","E06000015","E05001781"
"DE212RX",10,439105,338937,"E92000001","E19000001","E18000004","","E06000015","E05001781"
"DE212RY",10,439109,338983,"E92000001","E19000001","E18000004","","E06000015","E05001781"
"DE212RZ",10,438704,339129,"E92000001","E19000001","E18000004","","E06000015","E05001781"
"DE212SA",10,438518,339028,"E92000001","E19000001","E18000004","","E06000015","E05001781"
"DE212SB",10,438461,338992,"E92000001","E19000001","E18000004","","E06000015","E05001781"
"DE212SD",10,438483,339054,"E92000001","E19000001","E18000004","","E06000015","E05001781"
"DE212SE",10,438568,339036,"E92000001","E19000001","E18000004","","E06000015","E05001781"
"DE212SF",10,439068,339091,"E92000001","E19000001","E18000004","","E06000015","E05001781"
"DE212SG",10,439277,338925,"E92000001","E19000001","E18000004","","E06000015","E05001781"
"DE212SH",10,438583,339191,"E92000001","E19000001","E18000004","","E06000015","E05001781"
"DE212SJ",10,439309,339026,"E92000001","E19000001","E18000004","","E06000015","E05001781"
"DE212SL",10,438612,339183,"E92000001","E19000001","E18000004","","E06000015","E05001781"
"DE212SN",10,438275,338284,"E92000001","E19000001","E18000004","","E06000015","E05001781"
"DE212SP",10,438151,338347,"E92000001","E19000001","E18000004","","E06000015","E05001781"
"DE212SQ",10,438784,339173,"E92000001","E19000001","E18000004","","E06000015","E05001781"
"DE212SR",10,438184,338308,"E92000001","E19000001","E18000004","","E06000015","E05001781"
"DE212SS",10,438538,339129,"E92000001","E19000001","E18000004","","E06000015","E05001781"
"DE212ST",10,438239,338727,"E92000001","E19000001","E18000004","","E06000015","E05001781"
"DE212SU",10,438278,338704,"E92000001","E19000001","E18000004","","E06000015","E05001781"
"DE212SW",10,438174,338273,"E92000001","E19000001","E18000004","","E06000015","E05001781"
"DE212SX",10,438221,338775,"E92000001","E19000001","E18000004","","E06000015","E05001781"
"DE212SY",10,439014,339311,"E92000001","E19000001","E18000004","","E06000015","E05001781"
"DE212SZ",10,438587,339108,"E92000001","E19000001","E18000004","","E06000015","E05001781"
"DE212TA",10,438095,338367,"E92000001","E19000001","E18000004","","E06000015","E05001781"
"DE212TB",10,438902,339033,"E92000001","E19000001","E18000004","","E06000015","E05001781"
"DE212TD",10,438905,339052,"E92000001","E19000001","E18000004","","E06000015","E05001781"
"DE212TE",10,439093,338824,"E92000001","E19000001","E18000004","","E06000015","E05001781"
"DE212TF",10,438773,339153,"E92000001","E19000001","E18000004","","E06000015","E05001781"
"DE212TG",10,438860,339146,"E92000001","E19000001","E18000004","","E06000015","E05001781"
"DE212TH",10,438034,339074,"E92000001","E19000001","E18000004","","E06000015","E05001781"
"DE212TJ",10,438054,339035,"E92000001","E19000001","E18000004","","E06000015","E05001781"
"DE212TL",10,438683,339064,"E92000001","E19000001","E18000004","","E06000015","E05001781"
"DE212TN",10,438729,338917,"E92000001","E19000001","E18000004","","E06000015","E05001781"
"DE212TP",10,438919,339333,"E92000001","E19000001","E18000004","","E06000015","E05001781"
"DE212TQ",10,438848,339284,"E92000001","E19000001","E18000004","","E06000015","E05001781"
"DE212TR",10,438845,339320,"E92000001","E19000001","E18000004","","E06000015","E05001781"
"DE212TS",10,439107,339287,"E92000001","E19000001","E18000004","","E06000015","E05001781"
"DE212TT",10,438179,338361,"E92000001","E19000001","E18000004","","E06000015","E05001781"
"DE212TU",10,438883,339245,"E92000001","E19000001","E18000004","","E06000015","E05001781"
"DE212TW",10,438830,338909,"E92000001","E19000001","E18000004","","E06000015","E05001781"
"DE212TX",10,439206,338810,"E92000001","E19000001","E18000004","","E06000015","E05001781"
"DE212TY",10,439168,338737,"E92000001","E19000001","E18000004","","E06000015","E05001781"
"DE212TZ",10,439235,338852,"E92000001","E19000001","E18000004","","E06000015","E05001781"
"DE212UA",10,438925,339207,"E92000001","E19000001","E18000004","","E06000015","E05001781"
"DE212UB",10,438181,338591,"E92000001","E19000001","E18000004","","E06000015","E05001781"
"DE212UD",10,438173,338645,"E92000001","E19000001","E18000004","","E06000015","E05001781"
"DE212UE",10,438617,339247,"E92000001","E19000001","E18000004","","E06000015","E05001781"
"DE212UF",10,438836,339041,"E92000001","E19000001","E18000004","","E06000015","E05001781"
"DE212UG",10,438713,339062,"E92000001","E19000001","E18000004","","E06000015","E05001781"
"DE212UH",10,438704,339311,"E92000001","E19000001","E18000004","","E06000015","E05001781"
"DE212UJ",10,438759,339261,"E92000001","E19000001","E18000004","","E06000015","E05001781"
"DE212UL",10,438787,339316,"E92000001","E19000001","E18000004","","E06000015","E05001781"
"DE212UN",10,437535,338551,"E92000001","E19000001","E18000004","","E06000015","E05001781"
"DE212UP",10,437618,338510,"E92000001","E19000001","E18000004","","E06000015","E05001781"
"DE212UQ",10,438599,339302,"E92000001","E19000001","E18000004","","E06000015","E05001781"
"DE212UR",10,437641,338565,"E92000001","E19000001","E18000004","","E06000015","E05001781"
"DE212US",10,437526,338627,"E92000001","E19000001","E18000004","","E06000015","E05001781"
"DE212UW",10,437608,338362,"E92000001","E19000001","E18000004","","E06000015","E05001781"
"DE212UX",10,438559,339319,"E92000001","E19000001","E18000004","","E06000015","E05001781"
"DE212UY",10,437651,338452,"E92000001","E19000001","E18000004","","E06000015","E05001781"
"DE212UZ",10,437662,338400,"E92000001","E19000001","E18000004","","E06000015","E05001781"
"DE212WA",10,437505,338446,"E92000001","E19000001","E18000004","","E06000015","E05001781"
"DE212WB",10,437594,338339,"E92000001","E19000001","E18000004","","E06000015","E05001781"
"DE212WD",10,437605,338289,"E92000001","E19000001","E18000004","","E06000015","E05001781"
"DE212XA",10,439342,339306,"E92000001","E19000001","E18000004","","E06000015","E05001781"
"DE212XB",10,439251,339184,"E92000001","E19000001","E18000004","","E06000015","E05001781"
"DE212XD",10,439221,339154,"E92000001","E19000001","E18000004","","E06000015","E05001781"
"DE212XE",10,439389,339238,"E92000001","E19000001","E18000004","","E06000015","E05001781"
"DE212XF",10,439319,339098,"E92000001","E19000001","E18000004","","E06000015","E05001781"
"DE212XG",10,439366,339041,"E92000001","E19000001","E18000004","","E06000015","E05001781"
"DE212XH",10,439360,339148,"E92000001","E19000001","E18000004","","E06000015","E05001781"
"DE212XJ",10,439437,339167,"E92000001","E19000001","E18000004","","E06000015","E05001781"
"DE212XL",10,439378,339173,"E92000001","E19000001","E18000004","","E06000015","E05001781"
"DE212XN",10,439368,339210,"E92000001","E19000001","E18000004","","E06000015","E05001781"
"DE212XP",10,439233,339212,"E92000001","E19000001","E18000004","","E06000015","E05001781"
"DE212XQ",10,439301,339266,"E92000001","E19000001","E18000004","","E06000015","E05001781"
"DE212XR",10,439238,339353,"E92000001","E19000001","E18000004","","E06000015","E05001781"
"DE212XS",10,439322,339251,"E92000001","E19000001","E18000004","","E06000015","E05001781"
"DE212XT",10,439624,339336,"E92000001","E19000001","E18000004","","E06000015","E05001781"
"DE212XU",10,439540,339307,"E92000001","E19000001","E18000004","","E06000015","E05001781"
"DE212XW",10,439572,339236,"E92000001","E19000001","E18000004","","E06000015","E05001781"
"DE212XX",10,439610,339229,"E92000001","E19000001","E18000004","","E06000015","E05001781"
"DE212XY",10,439541,339347,"E92000001","E19000001","E18000004","","E06000015","E05001781"
"DE212XZ",10,439457,339347,"E92000001","E19000001","E18000004","","E06000015","E05001781"
"DE212YQ",10,435996,335424,"E92000001","E19000001","E18000004","","E06000015","E05001770"
"DE212YS",10,435996,335424,"E92000001","E19000001","E18000004","","E06000015","E05001770"
"DE212YU",10,435996,335424,"E92000001","E19000001","E18000004","","E06000015","E05001770"
"DE212ZS",10,435996,335424,"E92000001","E19000001","E18000004","","E06000015","E05001770"
"DE212ZW",10,435996,335424,"E92000001","E19000001","E18000004","","E06000015","E05001770"
"DE214AA",10,435675,337740,"E92000001","E19000001","E18000004","","E06000015","E05001775"
"DE214AB",10,435763,337666,"E92000001","E19000001","E18000004","","E06000015","E05001775"
"DE214AF",10,435884,338187,"E92000001","E19000001","E18000004","","E06000015","E05001775"
"DE214AG",10,435993,338446,"E92000001","E19000001","E18000004","","E06000015","E05001775"
"DE214AL",10,435853,338084,"E92000001","E19000001","E18000004","","E06000015","E05001775"
"DE214AN",10,435885,338205,"E92000001","E19000001","E18000004","","E06000015","E05001775"
"DE214AP",10,436241,339069,"E92000001","E19000001","E18000004","","E06000015","E05001776"
"DE214AS",10,435758,337784,"E92000001","E19000001","E18000004","","E06000015","E05001775"
"DE214AT",10,436017,338565,"E92000001","E19000001","E18000004","","E06000015","E05001775"
"DE214AU",10,435826,337981,"E92000001","E19000001","E18000004","","E06000015","E05001775"
"DE214AW",10,436109,337973,"E92000001","E19000001","E18000004","","E06000015","E05001776"
"DE214AY",10,435701,337891,"E92000001","E19000001","E18000004","","E06000015","E05001775"
"DE214AZ",10,436130,336659,"E92000001","E19000001","E18000004","","E06000015","E05001776"
"DE214BA",10,435979,337081,"E92000001","E19000001","E18000004","","E06000015","E05001776"
"DE214BB",10,435930,336968,"E92000001","E19000001","E18000004","","E06000015","E05001776"
"DE214BD",10,435914,337342,"E92000001","E19000001","E18000004","","E06000015","E05001776"
"DE214BE",10,435995,337427,"E92000001","E19000001","E18000004","","E06000015","E05001776"
"DE214BF",10,435734,338072,"E92000001","E19000001","E18000004","","E06000015","E05001775"
"DE214BG",10,435959,337039,"E92000001","E19000001","E18000004","","E06000015","E05001776"
"DE214BJ",10,435970,336927,"E92000001","E19000001","E18000004","","E06000015","E05001776"
"DE214BN",10,435947,338698,"E92000001","E19000001","E18000004","","E06000015","E05001775"
"DE214BP",10,436883,337958,"E92000001","E19000001","E18000004","","E06000015","E05001776"
"DE214BQ",10,436994,338155,"E92000001","E19000001","E18000004","","E06000015","E05001776"
"DE214BR",10,436930,338408,"E92000001","E19000001","E18000004","","E06000015","E05001776"
"DE214BS",10,436963,338107,"E92000001","E19000001","E18000004","","E06000015","E05001776"
"DE214BT",10,436920,338123,"E92000001","E19000001","E18000004","","E06000015","E05001776"
"DE214BU",10,436969,338215,"E92000001","E19000001","E18000004","","E06000015","E05001776"
"DE214BW",10,436847,338260,"E92000001","E19000001","E18000004","","E06000015","E05001776"
"DE214BX",10,436902,338159,"E92000001","E19000001","E18000004","","E06000015","E05001776"
"DE214BY",10,436874,338210,"E92000001","E19000001","E18000004","","E06000015","E05001776"
"DE214BZ",10,436980,338252,"E92000001","E19000001","E18000004","","E06000015","E05001776"
"DE214DA",10,436955,338292,"E92000001","E19000001","E18000004","","E06000015","E05001776"
"DE214DB",10,436898,338350,"E92000001","E19000001","E18000004","","E06000015","E05001776"
"DE214DD",10,436897,338433,"E92000001","E19000001","E18000004","","E06000015","E05001776"
"DE214DE",10,436869,338338,"E92000001","E19000001","E18000004","","E06000015","E05001776"
"DE214DF",10,436765,338292,"E92000001","E19000001","E18000004","","E06000015","E05001776"
"DE214DG",10,436812,338473,"E92000001","E19000001","E18000004","","E06000015","E05001776"
"DE214DH",10,436683,338366,"E92000001","E19000001","E18000004","","E06000015","E05001776"
"DE214DJ",10,436766,338570,"E92000001","E19000001","E18000004","","E06000015","E05001776"
"DE214DL",10,436801,338666,"E92000001","E19000001","E18000004","","E06000015","E05001776"
"DE214DN",10,436790,338610,"E92000001","E19000001","E18000004","","E06000015","E05001776"
"DE214DP",10,436861,338689,"E92000001","E19000001","E18000004","","E06000015","E05001776"
"DE214DQ",10,436935,338691,"E92000001","E19000001","E18000004","","E06000015","E05001776"
"DE214DR",10,436921,338717,"E92000001","E19000001","E18000004","","E06000015","E05001776"
"DE214DS",10,436759,338502,"E92000001","E19000001","E18000004","","E06000015","E05001776"
"DE214DT",10,436783,338663,"E92000001","E19000001","E18000004","","E06000015","E05001776"
"DE214DU",10,436789,338712,"E92000001","E19000001","E18000004","","E06000015","E05001776"
"DE214DW",10,436721,338684,"E92000001","E19000001","E18000004","","E06000015","E05001776"
"DE214DX",10,436703,338642,"E92000001","E19000001","E18000004","","E06000015","E05001776"
"DE214DY",10,436729,338306,"E92000001","E19000001","E18000004","","E06000015","E05001776"
"DE214DZ",10,436703,338471,"E92000001","E19000001","E18000004","","E06000015","E05001776"
"DE214EA",10,436564,338483,"E92000001","E19000001","E18000004","","E06000015","E05001776"
"DE214EB",10,436639,338482,"E92000001","E19000001","E18000004","","E06000015","E05001776"
"DE214ED",10,436031,338616,"E92000001","E19000001","E18000004","","E06000015","E05001775"
"DE214EF",10,436939,338059,"E92000001","E19000001","E18000004","","E06000015","E05001776"
"DE214EG",10,436676,337711,"E92000001","E19000001","E18000004","","E06000015","E05001776"
"DE214EH",10,436832,337666,"E92000001","E19000001","E18000004","","E06000015","E05001776"
"DE214EJ",10,436960,337665,"E92000001","E19000001","E18000004","","E06000015","E05001776"
"DE214EL",10,437002,337793,"E92000001","E19000001","E18000004","","E06000015","E05001776"
"DE214EN",10,436972,337734,"E92000001","E19000001","E18000004","","E06000015","E05001776"
"DE214EP",10,436892,337771,"E92000001","E19000001","E18000004","","E06000015","E05001776"
"DE214EQ",10,436832,337819,"E92000001","E19000001","E18000004","","E06000015","E05001776"
"DE214ER",10,436827,337861,"E92000001","E19000001","E18000004","","E06000015","E05001776"
"DE214ES",10,437068,338107,"E92000001","E19000001","E18000004","","E06000015","E05001776"
"DE214ET",10,437220,338372,"E92000001","E19000001","E18000004","","E06000015","E05001776"
"DE214EU",10,437128,338529,"E92000001","E19000001","E18000004","","E06000015","E05001776"
"DE214EW",10,436971,338577,"E92000001","E19000001","E18000004","","E06000015","E05001776"
"DE214EX",10,437167,338312,"E92000001","E19000001","E18000004","","E06000015","E05001776"
"DE214EY",10,437138,338368,"E92000001","E19000001","E18000004","","E06000015","E05001776"
"DE214EZ",10,437127,338415,"E92000001","E19000001","E18000004","","E06000015","E05001776"
"DE214FA",10,436231,338011,"E92000001","E19000001","E18000004","","E06000015","E05001776"
"DE214FB",10,437068,338468,"E92000001","E19000001","E18000004","","E06000015","E05001776"
"DE214FD",10,437001,338499,"E92000001","E19000001","E18000004","","E06000015","E05001776"
"DE214FE",10,436934,338526,"E92000001","E19000001","E18000004","","E06000015","E05001776"
"DE214FF",10,437100,338184,"E92000001","E19000001","E18000004","","E06000015","E05001776"
"DE214FG",10,437068,338214,"E92000001","E19000001","E18000004","","E06000015","E05001776"
"DE214FH",10,437039,338352,"E92000001","E19000001","E18000004","","E06000015","E05001776"
"DE214FJ",10,436981,338446,"E92000001","E19000001","E18000004","","E06000015","E05001776"
"DE214FL",10,437050,338282,"E92000001","E19000001","E18000004","","E06000015","E05001776"
"DE214FN",10,437041,338208,"E92000001","E19000001","E18000004","","E06000015","E05001776"
"DE214FP",10,436971,338406,"E92000001","E19000001","E18000004","","E06000015","E05001776"
"DE214FQ",10,437092,338447,"E92000001","E19000001","E18000004","","E06000015","E05001776"
"DE214FS",10,436218,338002,"E92000001","E19000001","E18000004","","E06000015","E05001776"
"DE214FT",10,436669,338717,"E92000001","E19000001","E18000004","","E06000015","E05001776"
"DE214FW",10,437031,339099,"E92000001","E19000001","E18000004","","E06000015","E05001781"
"DE214FX",10,437109,339080,"E92000001","E19000001","E18000004","","E06000015","E05001781"
"DE214FY",10,437445,339206,"E92000001","E19000001","E18000004","","E06000015","E05001781"
"DE214FZ",10,437729,339012,"E92000001","E19000001","E18000004","","E06000015","E05001781"
"DE214GA",10,436544,338602,"E92000001","E19000001","E18000004","","E06000015","E05001776"
"DE214GB",10,436474,338629,"E92000001","E19000001","E18000004","","E06000015","E05001776"
"DE214GD",10,436593,338519,"E92000001","E19000001","E18000004","","E06000015","E05001776"
"DE214GE",10,436431,338362,"E92000001","E19000001","E18000004","","E06000015","E05001776"
"DE214GF",10,436463,338326,"E92000001","E19000001","E18000004","","E06000015","E05001776"
"DE214GG",10,436465,338396,"E92000001","E19000001","E18000004","","E06000015","E05001776"
"DE214GH",10,436527,338391,"E92000001","E19000001","E18000004","","E06000015","E05001776"
"DE214GJ",10,436451,338230,"E92000001","E19000001","E18000004","","E06000015","E05001776"
"DE214GL",10,436395,338194,"E92000001","E19000001","E18000004","","E06000015","E05001776"
"DE214GN",10,436653,338348,"E92000001","E19000001","E18000004","","E06000015","E05001776"
"DE214GP",10,436601,338315,"E92000001","E19000001","E18000004","","E06000015","E05001776"
"DE214GQ",10,436639,338207,"E92000001","E19000001","E18000004","","E06000015","E05001776"
"DE214GR",10,436542,338299,"E92000001","E19000001","E18000004","","E06000015","E05001776"
"DE214GS",10,436551,338227,"E92000001","E19000001","E18000004","","E06000015","E05001776"
"DE214GT",10,436464,338205,"E92000001","E19000001","E18000004","","E06000015","E05001776"
"DE214GU",10,437602,339273,"E92000001","E19000001","E18000004","E10000007","E07000036","E05010613"
"DE214GX",10,438090,337519,"E92000001","E19000001","E18000004","","E06000015","E05001773"
"DE214GY",10,438054,337477,"E92000001","E19000001","E18000004","","E06000015","E05001773"
"DE214GZ",10,437704,337528,"E92000001","E19000001","E18000004","","E06000015","E05001776"
"DE214HA",10,437711,337573,"E92000001","E19000001","E18000004","","E06000015","E05001776"
"DE214HB",10,437510,337638,"E92000001","E19000001","E18000004","","E06000015","E05001776"
"DE214HD",10,437403,337575,"E92000001","E19000001","E18000004","","E06000015","E05001776"
"DE214HE",10,437226,337645,"E92000001","E19000001","E18000004","","E06000015","E05001776"
"DE214HF",10,437188,337603,"E92000001","E19000001","E18000004","","E06000015","E05001776"
"DE214HG",10,437317,337798,"E92000001","E19000001","E18000004","","E06000015","E05001776"
"DE214HH",10,437336,337830,"E92000001","E19000001","E18000004","","E06000015","E05001776"
"DE214HJ",10,437464,337831,"E92000001","E19000001","E18000004","","E06000015","E05001776"
"DE214HL",10,437425,337863,"E92000001","E19000001","E18000004","","E06000015","E05001776"
"DE214HN",10,437583,337702,"E92000001","E19000001","E18000004","","E06000015","E05001776"
"DE214HP",10,437582,337666,"E92000001","E19000001","E18000004","","E06000015","E05001776"
"DE214HQ",10,437823,337602,"E92000001","E19000001","E18000004","","E06000015","E05001776"
"DE214HR",10,437841,337799,"E92000001","E19000001","E18000004","","E06000015","E05001776"
"DE214HS",10,437806,337812,"E92000001","E19000001","E18000004","","E06000015","E05001776"
"DE214HT",10,437819,337988,"E92000001","E19000001","E18000004","","E06000015","E05001776"
"DE214HU",10,437733,337987,"E92000001","E19000001","E18000004","","E06000015","E05001776"
"DE214HW",10,437713,337910,"E92000001","E19000001","E18000004","","E06000015","E05001776"
"DE214HX",10,437747,337733,"E92000001","E19000001","E18000004","","E06000015","E05001776"
"DE214HY",10,437637,337867,"E92000001","E19000001","E18000004","","E06000015","E05001776"
"DE214HZ",10,437568,337794,"E92000001","E19000001","E18000004","","E06000015","E05001776"
"DE214JA",10,437549,337767,"E92000001","E19000001","E18000004","","E06000015","E05001776"
"DE214JB",10,437492,337912,"E92000001","E19000001","E18000004","","E06000015","E05001776"
"DE214JD",10,437472,337968,"E92000001","E19000001","E18000004","","E06000015","E05001776"
"DE214JE",10,437397,337961,"E92000001","E19000001","E18000004","","E06000015","E05001776"
"DE214JF",10,437539,337973,"E92000001","E19000001","E18000004","","E06000015","E05001776"
"DE214JG",10,437692,337974,"E92000001","E19000001","E18000004","","E06000015","E05001776"
"DE214JH",10,437934,337586,"E92000001","E19000001","E18000004","","E06000015","E05001773"
"DE214JJ",10,437906,337740,"E92000001","E19000001","E18000004","","E06000015","E05001776"
"DE214JL",10,437885,337943,"E92000001","E19000001","E18000004","","E06000015","E05001781"
"DE214JN",10,437789,338174,"E92000001","E19000001","E18000004","","E06000015","E05001781"
"DE214JP",10,438102,337567,"E92000001","E19000001","E18000004","","E06000015","E05001773"
"DE214JQ",10,438090,337609,"E92000001","E19000001","E18000004","","E06000015","E05001773"
"DE214JR",10,438160,337648,"E92000001","E19000001","E18000004","","E06000015","E05001773"
"DE214JS",10,438042,337671,"E92000001","E19000001","E18000004","","E06000015","E05001773"
"DE214JT",10,437964,337868,"E92000001","E19000001","E18000004","","E06000015","E05001773"
"DE214JU",10,437726,338062,"E92000001","E19000001","E18000004","","E06000015","E05001781"
"DE214JW",10,437487,338034,"E92000001","E19000001","E18000004","","E06000015","E05001781"
"DE214JX",10,437446,338056,"E92000001","E19000001","E18000004","","E06000015","E05001781"
"DE214JY",10,437485,338160,"E92000001","E19000001","E18000004","","E06000015","E05001781"
"DE214JZ",10,437657,338257,"E92000001","E19000001","E18000004","","E06000015","E05001781"
"DE214LA",10,437693,338170,"E92000001","E19000001","E18000004","","E06000015","E05001781"
"DE214LB",10,437528,338087,"E92000001","E19000001","E18000004","","E06000015","E05001781"
"DE214LD",10,437685,338098,"E92000001","E19000001","E18000004","","E06000015","E05001781"
"DE214LE",10,437585,338163,"E92000001","E19000001","E18000004","","E06000015","E05001781"
"DE214LF",10,437319,338092,"E92000001","E19000001","E18000004","","E06000015","E05001776"
"DE214LG",10,437368,337897,"E92000001","E19000001","E18000004","","E06000015","E05001776"
"DE214LH",10,437278,338023,"E92000001","E19000001","E18000004","","E06000015","E05001776"
"DE214LJ",10,437170,337781,"E92000001","E19000001","E18000004","","E06000015","E05001776"
"DE214LL",10,437289,337920,"E92000001","E19000001","E18000004","","E06000015","E05001776"
"DE214LN",10,437265,337739,"E92000001","E19000001","E18000004","","E06000015","E05001776"
"DE214LP",10,437298,337752,"E92000001","E19000001","E18000004","","E06000015","E05001776"
"DE214LQ",10,437196,337697,"E92000001","E19000001","E18000004","","E06000015","E05001776"
"DE214LR",10,437083,337743,"E92000001","E19000001","E18000004","","E06000015","E05001776"
"DE214LS",10,437639,338128,"E92000001","E19000001","E18000004","","E06000015","E05001781"
"DE214LT",10,436130,336661,"E92000001","E19000001","E18000004","","E06000015","E05001776"
"DE214LU",10,438304,337286,"E92000001","E19000001","E18000004","","E06000015","E05001773"
"DE214LW",10,437607,337534,"E92000001","E19000001","E18000004","","E06000015","E05001776"
"DE214LX",10,438266,337408,"E92000001","E19000001","E18000004","","E06000015","E05001773"
"DE214LY",10,438294,337612,"E92000001","E19000001","E18000004","","E06000015","E05001773"
"DE214LZ",10,438231,337835,"E92000001","E19000001","E18000004","","E06000015","E05001773"
"DE214NA",10,438151,337358,"E92000001","E19000001","E18000004","","E06000015","E05001773"
"DE214NB",10,438147,337327,"E92000001","E19000001","E18000004","","E06000015","E05001773"
"DE214ND",10,438092,337436,"E92000001","E19000001","E18000004","","E06000015","E05001773"
"DE214NE",10,438123,337398,"E92000001","E19000001","E18000004","","E06000015","E05001773"
"DE214NF",10,437982,337337,"E92000001","E19000001","E18000004","","E06000015","E05001773"
"DE214NG",10,438128,337271,"E92000001","E19000001","E18000004","","E06000015","E05001773"
"DE214NH",10,438365,337483,"E92000001","E19000001","E18000004","","E06000015","E05001773"
"DE214NJ",10,438345,337536,"E92000001","E19000001","E18000004","","E06000015","E05001773"
"DE214NL",10,438283,337737,"E92000001","E19000001","E18000004","","E06000015","E05001773"
"DE214NN",10,438478,337766,"E92000001","E19000001","E18000004","","E06000015","E05001773"
"DE214NP",10,438334,337668,"E92000001","E19000001","E18000004","","E06000015","E05001773"
"DE214NQ",10,438367,337832,"E92000001","E19000001","E18000004","","E06000015","E05001773"
"DE214NR",10,438372,337870,"E92000001","E19000001","E18000004","","E06000015","E05001773"
"DE214NS",10,438626,337753,"E92000001","E19000001","E18000004","","E06000015","E05001773"
"DE214NT",10,438383,337933,"E92000001","E19000001","E18000004","","E06000015","E05001773"
"DE214NU",10,438402,337964,"E92000001","E19000001","E18000004","","E06000015","E05001773"
"DE214NW",10,438110,337924,"E92000001","E19000001","E18000004","","E06000015","E05001773"
"DE214NX",10,438112,337797,"E92000001","E19000001","E18000004","","E06000015","E05001773"
"DE214NY",10,438058,337778,"E92000001","E19000001","E18000004","","E06000015","E05001773"
"DE214NZ",10,438178,337717,"E92000001","E19000001","E18000004","","E06000015","E05001773"
"DE214PA",10,438091,337721,"E92000001","E19000001","E18000004","","E06000015","E05001773"
"DE214PE",10,438207,338142,"E92000001","E19000001","E18000004","","E06000015","E05001781"
"DE214PF",10,438214,337985,"E92000001","E19000001","E18000004","","E06000015","E05001781"
"DE214PG",10,438161,338091,"E92000001","E19000001","E18000004","","E06000015","E05001781"
"DE214PH",10,438116,338239,"E92000001","E19000001","E18000004","","E06000015","E05001781"
"DE214PJ",10,437991,338378,"E92000001","E19000001","E18000004","","E06000015","E05001781"
"DE214PL",10,437845,338481,"E92000001","E19000001","E18000004","","E06000015","E05001781"
"DE214PN",10,438109,337963,"E92000001","E19000001","E18000004","","E06000015","E05001781"
"DE214PP",10,438087,338052,"E92000001","E19000001","E18000004","","E06000015","E05001781"
"DE214PQ",10,438258,338027,"E92000001","E19000001","E18000004","","E06000015","E05001781"
"DE214PR",10,438223,338083,"E92000001","E19000001","E18000004","","E06000015","E05001781"
"DE214PS",10,438026,338249,"E92000001","E19000001","E18000004","","E06000015","E05001781"
"DE214PT",10,437939,338151,"E92000001","E19000001","E18000004","","E06000015","E05001781"
"DE214PU",10,438095,338127,"E92000001","E19000001","E18000004","","E06000015","E05001781"
"DE214PW",10,438022,338118,"E92000001","E19000001","E18000004","","E06000015","E05001781"
"DE214PX",10,437933,338332,"E92000001","E19000001","E18000004","","E06000015","E05001781"
"DE214PY",10,437823,338416,"E92000001","E19000001","E18000004","","E06000015","E05001781"
"DE214PZ",10,437812,338562,"E92000001","E19000001","E18000004","","E06000015","E05001781"
"DE214QA",10,437712,338515,"E92000001","E19000001","E18000004","","E06000015","E05001781"
"DE214QB",10,437766,338420,"E92000001","E19000001","E18000004","","E06000015","E05001781"
"DE214QD",10,437858,338326,"E92000001","E19000001","E18000004","","E06000015","E05001781"
"DE214QE",10,437887,338177,"E92000001","E19000001","E18000004","","E06000015","E05001781"
"DE214QF",10,437991,337975,"E92000001","E19000001","E18000004","","E06000015","E05001781"
"DE214QG",10,437727,338355,"E92000001","E19000001","E18000004","","E06000015","E05001781"
"DE214QH",10,437823,338251,"E92000001","E19000001","E18000004","","E06000015","E05001781"
"DE214QJ",10,437875,338041,"E92000001","E19000001","E18000004","","E06000015","E05001781"
"DE214QL",10,437954,337965,"E92000001","E19000001","E18000004","","E06000015","E05001781"
"DE214QN",10,437012,338673,"E92000001","E19000001","E18000004","","E06000015","E05001776"
"DE214QP",10,437085,338700,"E92000001","E19000001","E18000004","","E06000015","E05001776"
"DE214QQ",10,438758,337780,"E92000001","E19000001","E18000004","","E06000015","E05001781"
"DE214QR",10,437874,337265,"E92000001","E19000001","E18000004","","E06000015","E05001773"
"DE214QS",10,438070,337230,"E92000001","E19000001","E18000004","","E06000015","E05001773"
"DE214QT",10,438361,337148,"E92000001","E19000001","E18000004","","E06000015","E05001773"
"DE214QU",10,438426,337349,"E92000001","E19000001","E18000004","","E06000015","E05001773"
"DE214QW",10,438648,337446,"E92000001","E19000001","E18000004","","E06000015","E05001773"
"DE214QX",10,438784,337594,"E92000001","E19000001","E18000004","","E06000015","E05001773"
"DE214QY",10,438807,337917,"E92000001","E19000001","E18000004","","E06000015","E05001781"
"DE214QZ",10,438984,338131,"E92000001","E19000001","E18000004","E10000007","E07000036","E05010613"
"DE214RA",10,439572,339105,"E92000001","E19000001","E18000004","E10000007","E07000036","E05010613"
"DE214RB",10,438571,337320,"E92000001","E19000001","E18000004","","E06000015","E05001773"
"DE214RD",10,438624,337359,"E92000001","E19000001","E18000004","","E06000015","E05001773"
"DE214RE",10,438668,337624,"E92000001","E19000001","E18000004","","E06000015","E05001773"
"DE214RF",10,439402,339352,"E92000001","E19000001","E18000004","","E06000015","E05001781"
"DE214RG",10,440238,339359,"E92000001","E19000001","E18000004","E10000007","E07000036","E05010613"
"DE214RH",10,438591,337575,"E92000001","E19000001","E18000004","","E06000015","E05001773"
"DE214RJ",10,438453,337419,"E92000001","E19000001","E18000004","","E06000015","E05001773"
"DE214RL",10,438366,337392,"E92000001","E19000001","E18000004","","E06000015","E05001773"
"DE214RN",10,438764,338231,"E92000001","E19000001","E18000004","","E06000015","E05001781"
"DE214RP",10,438705,338239,"E92000001","E19000001","E18000004","","E06000015","E05001781"
"DE214RQ",10,438837,338140,"E92000001","E19000001","E18000004","","E06000015","E05001781"
"DE214RT",10,435782,337842,"E92000001","E19000001","E18000004","","E06000015","E05001775"
"DE214RW",10,438720,338357,"E92000001","E19000001","E18000004","","E06000015","E05001781"
"DE214RX",10,436037,337563,"E92000001","E19000001","E18000004","","E06000015","E05001776"
"DE214RY",10,436228,338611,"E92000001","E19000001","E18000004","","E06000015","E05001776"
"DE214RZ",10,436246,338245,"E92000001","E19000001","E18000004","","E06000015","E05001776"
"DE214SA",10,436625,338020,"E92000001","E19000001","E18000004","","E06000015","E05001776"
"DE214SB",10,436566,338019,"E92000001","E19000001","E18000004","","E06000015","E05001776"
"DE214SD",10,436578,337961,"E92000001","E19000001","E18000004","","E06000015","E05001776"
"DE214SE",10,436619,338138,"E92000001","E19000001","E18000004","","E06000015","E05001776"
"DE214SF",10,436733,338127,"E92000001","E19000001","E18000004","","E06000015","E05001776"
"DE214SG",10,436688,337985,"E92000001","E19000001","E18000004","","E06000015","E05001776"
"DE214SH",10,436728,338176,"E92000001","E19000001","E18000004","","E06000015","E05001776"
"DE214SJ",10,436644,337770,"E92000001","E19000001","E18000004","","E06000015","E05001776"
"DE214SL",10,436771,338001,"E92000001","E19000001","E18000004","","E06000015","E05001776"
"DE214SN",10,436748,337903,"E92000001","E19000001","E18000004","","E06000015","E05001776"
"DE214SP",10,436785,337942,"E92000001","E19000001","E18000004","","E06000015","E05001776"
"DE214SQ",10,436674,337809,"E92000001","E19000001","E18000004","","E06000015","E05001776"
"DE214SR",10,436609,337870,"E92000001","E19000001","E18000004","","E06000015","E05001776"
"DE214ST",10,435941,338065,"E92000001","E19000001","E18000004","","E06000015","E05001776"
"DE214SU",10,435941,338065,"E92000001","E19000001","E18000004","","E06000015","E05001776"
"DE214SW",10,436760,338058,"E92000001","E19000001","E18000004","","E06000015","E05001776"
"DE214SX",10,436184,337883,"E92000001","E19000001","E18000004","","E06000015","E05001776"
"DE214SY",10,436118,338364,"E92000001","E19000001","E18000004","","E06000015","E05001776"
"DE214SZ",10,435929,337798,"E92000001","E19000001","E18000004","","E06000015","E05001776"
"DE214TA",10,437691,339136,"E92000001","E19000001","E18000004","","E06000015","E05001781"
"DE214TB",10,439078,338473,"E92000001","E19000001","E18000004","","E06000015","E05001781"
"DE214TD",10,439414,339027,"E92000001","E19000001","E18000004","","E06000015","E05001781"
"DE214TF",10,437896,338989,"E92000001","E19000001","E18000004","","E06000015","E05001781"
"DE214TG",10,437783,339047,"E92000001","E19000001","E18000004","","E06000015","E05001781"
"DE214TH",10,437683,338962,"E92000001","E19000001","E18000004","","E06000015","E05001781"
"DE214TJ",10,437512,339274,"E92000001","E19000001","E18000004","E10000007","E07000036","E05010613"
"DE214TL",10,438486,337452,"E92000001","E19000001","E18000004","","E06000015","E05001773"
"DE214TN",10,439305,339330,"E92000001","E19000001","E18000004","","E06000015","E05001781"
"DE214TP",10,437179,339272,"E92000001","E19000001","E18000004","E10000007","E07000036","E05010613"
"DE214TQ",10,435597,337620,"E92000001","E19000001","E18000004","","E06000015","E05001775"
"DE214TR",10,435646,337666,"E92000001","E19000001","E18000004","","E06000015","E05001775"
"DE214TY",10,438642,337404,"E92000001","E19000001","E18000004","","E06000015","E05001773"
"DE214UP",10,438431,337257,"E92000001","E19000001","E18000004","","E06000015","E05001773"
"DE214WA",10,436044,337909,"E92000001","E19000001","E18000004","","E06000015","E05001776"
"DE214XA",10,436059,336787,"E92000001","E19000001","E18000004","","E06000015","E05001776"
"DE214XF",10,436185,335579,"E92000001","E19000001","E18000004","","E06000015","E05001770"
"DE215AA",10,436421,341792,"E92000001","E19000001","E18000004","E10000007","E07000036","E05010613"
"DE215AB",10,436445,341622,"E92000001","E19000001","E18000004","E10000007","E07000036","E05010613"
"DE215AD",10,436524,342199,"E92000001","E19000001","E18000004","E10000007","E07000036","E05010613"
"DE215AE",10,436719,342636,"E92000001","E19000001","E18000004","E10000007","E07000036","E05010613"
"DE215AF",10,436435,341514,"E92000001","E19000001","E18000004","E10000007","E07000036","E05010613"
"DE215AG",10,436488,341511,"E92000001","E19000001","E18000004","E10000007","E07000036","E05010613"
"DE215AH",10,436563,341763,"E92000001","E19000001","E18000004","E10000007","E07000036","E05010613"
"DE215AJ",10,436347,342078,"E92000001","E19000001","E18000004","E10000007","E07000036","E05010613"
"DE215AL",10,436608,342567,"E92000001","E19000001","E18000004","E10000007","E07000036","E05010613"
"DE215AN",10,436528,342591,"E92000001","E19000001","E18000004","E10000007","E07000036","E05010613"
"DE215AP",10,436555,342665,"E92000001","E19000001","E18000004","E10000007","E07000036","E05010613"
"DE215AQ",10,436454,342638,"E92000001","E19000001","E18000004","E10000007","E07000036","E05010613"
"DE215AR",10,436629,342694,"E92000001","E19000001","E18000004","E10000007","E07000036","E05010613"
"DE215AS",10,436671,342759,"E92000001","E19000001","E18000004","E10000007","E07000036","E05010613"
"DE215AT",10,436709,342825,"E92000001","E19000001","E18000004","E10000007","E07000036","E05010613"
"DE215AU",10,436910,342357,"E92000001","E19000001","E18000004","E10000007","E07000036","E05010613"
"DE215AW",10,436390,341866,"E92000001","E19000001","E18000004","E10000007","E07000036","E05010613"
"DE215AX",10,436465,341812,"E92000001","E19000001","E18000004","E10000007","E07000036","E05010613"
"DE215AY",10,436534,341647,"E92000001","E19000001","E18000004","E10000007","E07000036","E05010613"
"DE215BA",10,437033,343147,"E92000001","E19000001","E18000004","E10000007","E07000032","E05008523"
"DE215BB",10,436997,343604,"E92000001","E19000001","E18000004","E10000007","E07000032","E05008523"
"DE215BD",10,437390,343128,"E92000001","E19000001","E18000004","E10000007","E07000032","E05008524"
"DE215BE",10,436370,343643,"E92000001","E19000001","E18000004","E10000007","E07000032","E05008523"
"DE215BF",10,437606,344522,"E92000001","E19000001","E18000004","E10000007","E07000032","E05008524"
"DE215BH",10,437342,343696,"E92000001","E19000001","E18000004","E10000007","E07000032","E05008524"
"DE215BJ",10,438464,343265,"E92000001","E19000001","E18000004","E10000007","E07000032","E05008524"
"DE215BL",10,438080,344152,"E92000001","E19000001","E18000004","E10000007","E07000032","E05008524"
"DE215BN",10,438224,344515,"E92000001","E19000001","E18000004","E10000007","E07000032","E05008524"
"DE215BP",10,437935,344429,"E92000001","E19000001","E18000004","E10000007","E07000032","E05008524"
"DE215BQ",10,437967,344480,"E92000001","E19000001","E18000004","E10000007","E07000032","E05008524"
"DE215BR",10,437645,344513,"E92000001","E19000001","E18000004","E10000007","E07000032","E05008524"
"DE215BS",10,437864,344518,"E92000001","E19000001","E18000004","E10000007","E07000032","E05008524"
"DE215BT",10,437801,344422,"E92000001","E19000001","E18000004","E10000007","E07000032","E05008524"
"DE215DA",10,436314,340090,"E92000001","E19000001","E18000004","E10000007","E07000036","E05010613"
"DE215DB",10,436476,340549,"E92000001","E19000001","E18000004","E10000007","E07000036","E05010613"
"DE215DD",10,436336,340998,"E92000001","E19000001","E18000004","E10000007","E07000036","E05010613"
"DE215DE",10,436359,341300,"E92000001","E19000001","E18000004","E10000007","E07000036","E05010613"
"DE215DF",10,436299,341259,"E92000001","E19000001","E18000004","E10000007","E07000036","E05010613"
"DE215DG",10,436385,340905,"E92000001","E19000001","E18000004","E10000007","E07000036","E05010613"
"DE215DH",10,436216,341506,"E92000001","E19000001","E18000004","E10000007","E07000036","E05010613"
"DE215DJ",10,436289,341649,"E92000001","E19000001","E18000004","E10000007","E07000036","E05010613"
"DE215DL",10,436215,341764,"E92000001","E19000001","E18000004","E10000007","E07000036","E05010613"
"DE215DN",10,436210,341351,"E92000001","E19000001","E18000004","E10000007","E07000036","E05010613"
"DE215DP",10,436291,341799,"E92000001","E19000001","E18000004","E10000007","E07000036","E05010613"
"DE215DQ",10,436280,341083,"E92000001","E19000001","E18000004","E10000007","E07000036","E05010613"
"DE215DR",10,436211,341091,"E92000001","E19000001","E18000004","E10000007","E07000036","E05010613"
"DE215DS",10,435951,341453,"E92000001","E19000001","E18000004","E10000007","E07000036","E05010613"
"DE215DT",10,435791,341668,"E92000001","E19000001","E18000004","E10000007","E07000036","E05010613"
"DE215DU",10,435747,341833,"E92000001","E19000001","E18000004","E10000007","E07000036","E05010613"
"DE215DW",10,435749,342112,"E92000001","E19000001","E18000004","E10000007","E07000036","E05010613"
"DE215DX",10,435858,341484,"E92000001","E19000001","E18000004","E10000007","E07000036","E05010613"
"DE215DY",10,435915,341677,"E92000001","E19000001","E18000004","E10000007","E07000036","E05010613"
"DE215DZ",10,435812,341830,"E92000001","E19000001","E18000004","E10000007","E07000036","E05010613"
"DE215EA",10,435990,341669,"E92000001","E19000001","E18000004","E10000007","E07000036","E05010613"
"DE215EB",10,436135,341413,"E92000001","E19000001","E18000004","E10000007","E07000036","E05010613"
"DE215ED",10,436245,341148,"E92000001","E19000001","E18000004","E10000007","E07000036","E05010613"
"DE215EE",10,436270,341937,"E92000001","E19000001","E18000004","E10000007","E07000036","E05010613"
"DE215EF",10,436347,341938,"E92000001","E19000001","E18000004","E10000007","E07000036","E05010613"
"DE215EG",10,436132,340951,"E92000001","E19000001","E18000004","E10000007","E07000036","E05010613"
"DE215EH",10,436412,341308,"E92000001","E19000001","E18000004","E10000007","E07000036","E05010613"
"DE215EJ",10,436261,341277,"E92000001","E19000001","E18000004","E10000007","E07000036","E05010613"
"DE215EL",10,436216,340878,"E92000001","E19000001","E18000004","E10000007","E07000036","E05010613"
"DE215EN",10,436200,341930,"E92000001","E19000001","E18000004","E10000007","E07000036","E05010613"
"DE215EP",10,436211,341913,"E92000001","E19000001","E18000004","E10000007","E07000036","E05010613"
"DE215EQ",10,436238,341437,"E92000001","E19000001","E18000004","E10000007","E07000036","E05010613"
"DE215LA",10,437213,339890,"E92000001","E19000001","E18000004","E10000007","E07000036","E05010613"
"DE215LB",10,437267,339819,"E92000001","E19000001","E18000004","E10000007","E07000036","E05010613"
"DE215LD",10,437086,339730,"E92000001","E19000001","E18000004","E10000007","E07000036","E05010613"
"DE215LE",10,436808,339695,"E92000001","E19000001","E18000004","E10000007","E07000036","E05010613"
"DE215LF",10,437138,339634,"E92000001","E19000001","E18000004","E10000007","E07000036","E05010613"
"DE215LG",10,436996,339582,"E92000001","E19000001","E18000004","E10000007","E07000036","E05010613"
"DE215LH",10,437779,339475,"E92000001","E19000001","E18000004","E10000007","E07000036","E05010613"
"DE215LJ",10,436876,339566,"E92000001","E19000001","E18000004","E10000007","E07000036","E05010613"
"DE215LL",10,436938,340012,"E92000001","E19000001","E18000004","E10000007","E07000036","E05010613"
"DE215LN",10,437036,339882,"E92000001","E19000001","E18000004","E10000007","E07000036","E05010613"
"DE215LP",10,437182,340808,"E92000001","E19000001","E18000004","E10000007","E07000036","E05010613"
"DE215LQ",10,436834,339594,"E92000001","E19000001","E18000004","E10000007","E07000036","E05010613"
"DE215LR",10,437216,339779,"E92000001","E19000001","E18000004","E10000007","E07000036","E05010613"
"DE215LS",10,437157,339577,"E92000001","E19000001","E18000004","E10000007","E07000036","E05010613"
"DE215LU",10,437091,339594,"E92000001","E19000001","E18000004","E10000007","E07000036","E05010613"
"DE215ZA",10,435996,335424,"E92000001","E19000001","E18000004","","E06000015","E05001770"
"DE216AA",10,436392,336659,"E92000001","E19000001","E18000004","","E06000015","E05001776"
"DE216AB",10,436429,336693,"E92000001","E19000001","E18000004","","E06000015","E05001776"
"DE216AD",10,436477,336672,"E92000001","E19000001","E18000004","","E06000015","E05001776"
"DE216AE",10,436488,336776,"E92000001","E19000001","E18000004","","E06000015","E05001776"
"DE216AF",10,436476,336803,"E92000001","E19000001","E18000004","","E06000015","E05001776"
"DE216AG",10,436483,336835,"E92000001","E19000001","E18000004","","E06000015","E05001776"
"DE216AH",10,436545,336726,"E92000001","E19000001","E18000004","","E06000015","E05001776"
"DE216AJ",10,436506,336843,"E92000001","E19000001","E18000004","","E06000015","E05001776"
"DE216AL",10,436536,337061,"E92000001","E19000001","E18000004","","E06000015","E05001776"
"DE216AN",10,436633,336636,"E92000001","E19000001","E18000004","","E06000015","E05001776"
"DE216AP",10,436794,336653,"E92000001","E19000001","E18000004","","E06000015","E05001776"
"DE216AQ",10,436812,336629,"E92000001","E19000001","E18000004","","E06000015","E05001776"
"DE216AR",10,436182,336432,"E92000001","E19000001","E18000004","","E06000015","E05001776"
"DE216AS",10,436864,336533,"E92000001","E19000001","E18000004","","E06000015","E05001776"
"DE216AT",10,436557,336725,"E92000001","E19000001","E18000004","","E06000015","E05001776"
"DE216AW",10,436838,336479,"E92000001","E19000001","E18000004","","E06000015","E05001776"
"DE216AX",10,436652,336824,"E92000001","E19000001","E18000004","","E06000015","E05001776"
"DE216AY",10,436626,337085,"E92000001","E19000001","E18000004","","E06000015","E05001776"
"DE216AZ",10,436616,337366,"E92000001","E19000001","E18000004","","E06000015","E05001776"
"DE216BA",10,436579,337376,"E92000001","E19000001","E18000004","","E06000015","E05001776"
"DE216BB",10,436582,337620,"E92000001","E19000001","E18000004","","E06000015","E05001776"
"DE216BD",10,436697,336889,"E92000001","E19000001","E18000004","","E06000015","E05001776"
"DE216BE",10,436682,336964,"E92000001","E19000001","E18000004","","E06000015","E05001776"
"DE216BF",10,438552,335394,"E92000001","E19000001","E18000004","","E06000015","E05001773"
"DE216BG",10,436572,337029,"E92000001","E19000001","E18000004","","E06000015","E05001776"
"DE216BH",10,436588,336990,"E92000001","E19000001","E18000004","","E06000015","E05001776"
"DE216BJ",10,436533,337230,"E92000001","E19000001","E18000004","","E06000015","E05001776"
"DE216BL",10,436436,337228,"E92000001","E19000001","E18000004","","E06000015","E05001776"
"DE216BN",10,436474,337363,"E92000001","E19000001","E18000004","","E06000015","E05001776"
"DE216BP",10,436498,337565,"E92000001","E19000001","E18000004","","E06000015","E05001776"
"DE216BQ",10,436476,337683,"E92000001","E19000001","E18000004","","E06000015","E05001776"
"DE216BR",10,436431,337568,"E92000001","E19000001","E18000004","","E06000015","E05001776"
"DE216BS",10,436456,337714,"E92000001","E19000001","E18000004","","E06000015","E05001776"
"DE216BT",10,436484,337764,"E92000001","E19000001","E18000004","","E06000015","E05001776"
"DE216BU",10,436511,337384,"E92000001","E19000001","E18000004","","E06000015","E05001776"
"DE216BW",10,436426,336541,"E92000001","E19000001","E18000004","","E06000015","E05001776"
"DE216BX",10,436450,337408,"E92000001","E19000001","E18000004","","E06000015","E05001776"
"DE216BZ",10,436488,336320,"E92000001","E19000001","E18000004","","E06000015","E05001776"
"DE216DA",10,436198,336739,"E92000001","E19000001","E18000004","","E06000015","E05001776"
"DE216DB",10,436622,336688,"E92000001","E19000001","E18000004","","E06000015","E05001776"
"DE216DD",10,436620,336711,"E92000001","E19000001","E18000004","","E06000015","E05001776"
"DE216DE",10,436756,336746,"E92000001","E19000001","E18000004","","E06000015","E05001776"
"DE216DF",10,436947,336778,"E92000001","E19000001","E18000004","","E06000015","E05001776"
"DE216DG",10,437058,336782,"E92000001","E19000001","E18000004","","E06000015","E05001776"
"DE216DH",10,436949,336723,"E92000001","E19000001","E18000004","","E06000015","E05001776"
"DE216DJ",10,436877,336732,"E92000001","E19000001","E18000004","","E06000015","E05001776"
"DE216DL",10,436881,336888,"E92000001","E19000001","E18000004","","E06000015","E05001776"
"DE216DN",10,436871,337063,"E92000001","E19000001","E18000004","","E06000015","E05001776"
"DE216DP",10,436924,336849,"E92000001","E19000001","E18000004","","E06000015","E05001776"
"DE216DQ",10,436966,337005,"E92000001","E19000001","E18000004","","E06000015","E05001776"
"DE216DR",10,436778,336800,"E92000001","E19000001","E18000004","","E06000015","E05001776"
"DE216DS",10,436787,336936,"E92000001","E19000001","E18000004","","E06000015","E05001776"
"DE216DT",10,436741,337097,"E92000001","E19000001","E18000004","","E06000015","E05001776"
"DE216DU",10,436696,337013,"E92000001","E19000001","E18000004","","E06000015","E05001776"
"DE216DW",10,436537,337120,"E92000001","E19000001","E18000004","","E06000015","E05001776"
"DE216DX",10,436748,337200,"E92000001","E19000001","E18000004","","E06000015","E05001776"
"DE216DY",10,436684,337229,"E92000001","E19000001","E18000004","","E06000015","E05001776"
"DE216DZ",10,436695,337364,"E92000001","E19000001","E18000004","","E06000015","E05001776"
"DE216EA",10,436669,337345,"E92000001","E19000001","E18000004","","E06000015","E05001776"
"DE216EB",10,436632,337577,"E92000001","E19000001","E18000004","","E06000015","E05001776"
"DE216ED",10,436609,337476,"E92000001","E19000001","E18000004","","E06000015","E05001776"
"DE216EE",10,436682,337545,"E92000001","E19000001","E18000004","","E06000015","E05001776"
"DE216EF",10,436751,337585,"E92000001","E19000001","E18000004","","E06000015","E05001776"
"DE216EG",10,436773,337401,"E92000001","E19000001","E18000004","","E06000015","E05001776"
"DE216EH",10,436767,337222,"E92000001","E19000001","E18000004","","E06000015","E05001776"
"DE216EJ",10,436835,337051,"E92000001","E19000001","E18000004","","E06000015","E05001776"
"DE216EN",10,436944,336246,"E92000001","E19000001","E18000004","","E06000015","E05001776"
"DE216EP",10,436671,336336,"E92000001","E19000001","E18000004","","E06000015","E05001776"
"DE216EQ",10,437376,336886,"E92000001","E19000001","E18000004","","E06000015","E05001776"
"DE216ER",10,437329,337050,"E92000001","E19000001","E18000004","","E06000015","E05001776"
"DE216ES",10,437301,337040,"E92000001","E19000001","E18000004","","E06000015","E05001776"
"DE216ET",10,437182,337160,"E92000001","E19000001","E18000004","","E06000015","E05001776"
"DE216EU",10,437270,337017,"E92000001","E19000001","E18000004","","E06000015","E05001776"
"DE216EW",10,437243,337002,"E92000001","E19000001","E18000004","","E06000015","E05001776"
"DE216EX",10,437229,336958,"E92000001","E19000001","E18000004","","E06000015","E05001776"
"DE216EY",10,437175,336944,"E92000001","E19000001","E18000004","","E06000015","E05001776"
"DE216EZ",10,437024,337215,"E92000001","E19000001","E18000004","","E06000015","E05001776"
"DE216FB",10,437005,337148,"E92000001","E19000001","E18000004","","E06000015","E05001776"
"DE216FD",10,436894,337485,"E92000001","E19000001","E18000004","","E06000015","E05001776"
"DE216FE",10,436867,337421,"E92000001","E19000001","E18000004","","E06000015","E05001776"
"DE216FF",10,436849,337380,"E92000001","E19000001","E18000004","","E06000015","E05001776"
"DE216FG",10,436815,337406,"E92000001","E19000001","E18000004","","E06000015","E05001776"
"DE216FH",10,436968,337127,"E92000001","E19000001","E18000004","","E06000015","E05001776"
"DE216FJ",10,436944,337095,"E92000001","E19000001","E18000004","","E06000015","E05001776"
"DE216FL",10,437145,336906,"E92000001","E19000001","E18000004","","E06000015","E05001776"
"DE216FN",10,437224,336676,"E92000001","E19000001","E18000004","","E06000015","E05001776"
"DE216FP",10,436971,336669,"E92000001","E19000001","E18000004","","E06000015","E05001776"
"DE216FR",10,437030,337028,"E92000001","E19000001","E18000004","","E06000015","E05001776"
"DE216FT",10,437585,336786,"E92000001","E19000001","E18000004","","E06000015","E05001773"
"DE216FW",10,437382,337146,"E92000001","E19000001","E18000004","","E06000015","E05001776"
"DE216FX",10,437356,337118,"E92000001","E19000001","E18000004","","E06000015","E05001776"
"DE216FY",10,437164,337419,"E92000001","E19000001","E18000004","","E06000015","E05001776"
"DE216FZ",10,437140,337395,"E92000001","E19000001","E18000004","","E06000015","E05001776"
"DE216GA",10,437324,337265,"E92000001","E19000001","E18000004","","E06000015","E05001776"
"DE216GB",10,437281,337386,"E92000001","E19000001","E18000004","","E06000015","E05001776"
"DE216GD",10,437442,337491,"E92000001","E19000001","E18000004","","E06000015","E05001776"
"DE216GE",10,437528,337515,"E92000001","E19000001","E18000004","","E06000015","E05001776"
"DE216GF",10,436924,337270,"E92000001","E19000001","E18000004","","E06000015","E05001776"
"DE216GG",10,437046,337367,"E92000001","E19000001","E18000004","","E06000015","E05001776"
"DE216GH",10,437018,337412,"E92000001","E19000001","E18000004","","E06000015","E05001776"
"DE216GJ",10,437125,337362,"E92000001","E19000001","E18000004","","E06000015","E05001776"
"DE216GL",10,437087,337286,"E92000001","E19000001","E18000004","","E06000015","E05001776"
"DE216GN",10,436978,337459,"E92000001","E19000001","E18000004","","E06000015","E05001776"
"DE216GP",10,436960,337497,"E92000001","E19000001","E18000004","","E06000015","E05001776"
"DE216GQ",10,436932,337578,"E92000001","E19000001","E18000004","","E06000015","E05001776"
"DE216GR",10,437103,337527,"E92000001","E19000001","E18000004","","E06000015","E05001776"
"DE216GS",10,437203,337556,"E92000001","E19000001","E18000004","","E06000015","E05001776"
"DE216GT",10,437358,337538,"E92000001","E19000001","E18000004","","E06000015","E05001776"
"DE216GU",10,437301,337575,"E92000001","E19000001","E18000004","","E06000015","E05001776"
"DE216GW",10,437292,337468,"E92000001","E19000001","E18000004","","E06000015","E05001776"
"DE216GX",10,437183,337480,"E92000001","E19000001","E18000004","","E06000015","E05001776"
"DE216GY",10,437221,337413,"E92000001","E19000001","E18000004","","E06000015","E05001776"
"DE216GZ",10,437623,336841,"E92000001","E19000001","E18000004","","E06000015","E05001773"
"DE216HA",10,436962,336115,"E92000001","E19000001","E18000004","","E06000015","E05001776"
"DE216HB",10,436183,336562,"E92000001","E19000001","E18000004","","E06000015","E05001776"
"DE216HD",10,437543,336894,"E92000001","E19000001","E18000004","","E06000015","E05001773"
"DE216HE",10,437501,336919,"E92000001","E19000001","E18000004","","E06000015","E05001776"
"DE216HG",10,437678,337136,"E92000001","E19000001","E18000004","","E06000015","E05001773"
"DE216HH",10,437626,337147,"E92000001","E19000001","E18000004","","E06000015","E05001776"
"DE216HJ",10,437752,337283,"E92000001","E19000001","E18000004","","E06000015","E05001773"
"DE216HL",10,437692,337277,"E92000001","E19000001","E18000004","","E06000015","E05001776"
"DE216HN",10,437817,337430,"E92000001","E19000001","E18000004","","E06000015","E05001773"
"DE216HP",10,437773,337450,"E92000001","E19000001","E18000004","","E06000015","E05001776"
"DE216HQ",10,437723,336988,"E92000001","E19000001","E18000004","","E06000015","E05001773"
"DE216HR",10,437635,336936,"E92000001","E19000001","E18000004","","E06000015","E05001773"
"DE216HS",10,437810,337178,"E92000001","E19000001","E18000004","","E06000015","E05001773"
"DE216HT",10,437831,337207,"E92000001","E19000001","E18000004","","E06000015","E05001773"
"DE216HU",10,437940,337143,"E92000001","E19000001","E18000004","","E06000015","E05001773"
"DE216HW",10,437889,337368,"E92000001","E19000001","E18000004","","E06000015","E05001773"
"DE216HX",10,437908,337472,"E92000001","E19000001","E18000004","","E06000015","E05001773"
"DE216HY",10,437715,337467,"E92000001","E19000001","E18000004","","E06000015","E05001776"
"DE216HZ",10,437568,337236,"E92000001","E19000001","E18000004","","E06000015","E05001776"
"DE216JA",10,437454,337353,"E92000001","E19000001","E18000004","","E06000015","E05001776"
"DE216JB",10,437594,337362,"E92000001","E19000001","E18000004","","E06000015","E05001776"
"DE216JD",10,437673,337413,"E92000001","E19000001","E18000004","","E06000015","E05001776"
"DE216JE",10,437575,337469,"E92000001","E19000001","E18000004","","E06000015","E05001776"
"DE216JF",10,437491,337445,"E92000001","E19000001","E18000004","","E06000015","E05001776"
"DE216JG",10,437471,337275,"E92000001","E19000001","E18000004","","E06000015","E05001776"
"DE216JH",10,437362,337296,"E92000001","E19000001","E18000004","","E06000015","E05001776"
"DE216JJ",10,437474,337170,"E92000001","E19000001","E18000004","","E06000015","E05001776"
"DE216JL",10,436195,336356,"E92000001","E19000001","E18000004","","E06000015","E05001776"
"DE216JN",10,436157,336384,"E92000001","E19000001","E18000004","","E06000015","E05001776"
"DE216JQ",10,438914,336815,"E92000001","E19000001","E18000004","","E06000015","E05001773"
"DE216JR",10,438901,336867,"E92000001","E19000001","E18000004","","E06000015","E05001773"
"DE216JS",10,438834,336755,"E92000001","E19000001","E18000004","","E06000015","E05001773"
"DE216JT",10,438798,336970,"E92000001","E19000001","E18000004","","E06000015","E05001773"
"DE216JU",10,438920,336970,"E92000001","E19000001","E18000004","","E06000015","E05001773"
"DE216JW",10,438783,336900,"E92000001","E19000001","E18000004","","E06000015","E05001773"
"DE216JX",10,438740,336861,"E92000001","E19000001","E18000004","","E06000015","E05001773"
"DE216JY",10,438668,336908,"E92000001","E19000001","E18000004","","E06000015","E05001773"
"DE216JZ",10,438525,336986,"E92000001","E19000001","E18000004","","E06000015","E05001773"
"DE216LA",10,438237,336968,"E92000001","E19000001","E18000004","","E06000015","E05001773"
"DE216LB",10,438245,336929,"E92000001","E19000001","E18000004","","E06000015","E05001773"
"DE216LD",10,438269,337051,"E92000001","E19000001","E18000004","","E06000015","E05001773"
"DE216LE",10,438446,337082,"E92000001","E19000001","E18000004","","E06000015","E05001773"
"DE216LF",10,438628,337056,"E92000001","E19000001","E18000004","","E06000015","E05001773"
"DE216LG",10,438532,337036,"E92000001","E19000001","E18000004","","E06000015","E05001773"
"DE216LH",10,438497,337043,"E92000001","E19000001","E18000004","","E06000015","E05001773"
"DE216LJ",10,438189,337147,"E92000001","E19000001","E18000004","","E06000015","E05001773"
"DE216LL",10,438100,336978,"E92000001","E19000001","E18000004","","E06000015","E05001773"
"DE216LN",10,438091,336800,"E92000001","E19000001","E18000004","","E06000015","E05001773"
"DE216LP",10,438050,336655,"E92000001","E19000001","E18000004","","E06000015","E05001773"
"DE216LQ",10,437910,336549,"E92000001","E19000001","E18000004","","E06000015","E05001773"
"DE216LR",10,438244,337109,"E92000001","E19000001","E18000004","","E06000015","E05001773"
"DE216LS",10,438160,336935,"E92000001","E19000001","E18000004","","E06000015","E05001773"
"DE216LT",10,438028,336932,"E92000001","E19000001","E18000004","","E06000015","E05001773"
"DE216LU",10,437963,336793,"E92000001","E19000001","E18000004","","E06000015","E05001773"
"DE216LW",10,438337,337078,"E92000001","E19000001","E18000004","","E06000015","E05001773"
"DE216LX",10,437747,336603,"E92000001","E19000001","E18000004","","E06000015","E05001773"
"DE216LY",10,438444,335434,"E92000001","E19000001","E18000004","","E06000015","E05001773"
"DE216LZ",10,437927,336445,"E92000001","E19000001","E18000004","","E06000015","E05001773"
"DE216NA",10,437740,336566,"E92000001","E19000001","E18000004","","E06000015","E05001773"
"DE216ND",10,437695,336723,"E92000001","E19000001","E18000004","","E06000015","E05001773"
"DE216NE",10,437644,336713,"E92000001","E19000001","E18000004","","E06000015","E05001773"
"DE216NF",10,437802,336897,"E92000001","E19000001","E18000004","","E06000015","E05001773"
"DE216NG",10,437788,336942,"E92000001","E19000001","E18000004","","E06000015","E05001773"
"DE216NH",10,437984,337068,"E92000001","E19000001","E18000004","","E06000015","E05001773"
"DE216NJ",10,437984,337115,"E92000001","E19000001","E18000004","","E06000015","E05001773"
"DE216NL",10,437695,336882,"E92000001","E19000001","E18000004","","E06000015","E05001773"
"DE216NN",10,437797,337091,"E92000001","E19000001","E18000004","","E06000015","E05001773"
"DE216NP",10,437979,337002,"E92000001","E19000001","E18000004","","E06000015","E05001773"
"DE216NQ",10,437936,336942,"E92000001","E19000001","E18000004","","E06000015","E05001773"
"DE216NR",10,437831,336751,"E92000001","E19000001","E18000004","","E06000015","E05001773"
"DE216NS",10,437803,336700,"E92000001","E19000001","E18000004","","E06000015","E05001773"
"DE216NT",10,437777,336701,"E92000001","E19000001","E18000004","","E06000015","E05001773"
"DE216NU",10,437845,336787,"E92000001","E19000001","E18000004","","E06000015","E05001773"
"DE216NW",10,437813,336673,"E92000001","E19000001","E18000004","","E06000015","E05001773"
"DE216NX",10,437876,336627,"E92000001","E19000001","E18000004","","E06000015","E05001773"
"DE216NY",10,437942,336606,"E92000001","E19000001","E18000004","","E06000015","E05001773"
"DE216NZ",10,437993,335691,"E92000001","E19000001","E18000004","","E06000015","E05001773"
"DE216PA",10,438024,335921,"E92000001","E19000001","E18000004","","E06000015","E05001773"
"DE216PB",10,438109,335934,"E92000001","E19000001","E18000004","","E06000015","E05001773"
"DE216PD",10,437504,336713,"E92000001","E19000001","E18000004","","E06000015","E05001773"
"DE216PE",10,437743,336486,"E92000001","E19000001","E18000004","","E06000015","E05001773"
"DE216PF",10,437870,336395,"E92000001","E19000001","E18000004","","E06000015","E05001773"
"DE216PG",10,437673,336423,"E92000001","E19000001","E18000004","","E06000015","E05001773"
"DE216PH",10,437585,336252,"E92000001","E19000001","E18000004","","E06000015","E05001773"
"DE216PJ",10,437445,336099,"E92000001","E19000001","E18000004","","E06000015","E05001773"
"DE216PL",10,437710,336318,"E92000001","E19000001","E18000004","","E06000015","E05001773"
"DE216PN",10,437611,336174,"E92000001","E19000001","E18000004","","E06000015","E05001773"
"DE216PP",10,437559,336085,"E92000001","E19000001","E18000004","","E06000015","E05001773"
"DE216PQ",10,437552,336018,"E92000001","E19000001","E18000004","","E06000015","E05001773"
"DE216PR",10,437376,336099,"E92000001","E19000001","E18000004","","E06000015","E05001773"
"DE216PT",10,437834,335988,"E92000001","E19000001","E18000004","","E06000015","E05001773"
"DE216PU",10,437889,336100,"E92000001","E19000001","E18000004","","E06000015","E05001773"
"DE216PW",10,437890,336260,"E92000001","E19000001","E18000004","","E06000015","E05001773"
"DE216PX",10,437969,336171,"E92000001","E19000001","E18000004","","E06000015","E05001773"
"DE216PY",10,438085,336200,"E92000001","E19000001","E18000004","","E06000015","E05001773"
"DE216PZ",10,438011,336130,"E92000001","E19000001","E18000004","","E06000015","E05001773"
"DE216QA",10,437994,336249,"E92000001","E19000001","E18000004","","E06000015","E05001773"
"DE216QB",10,437798,336327,"E92000001","E19000001","E18000004","","E06000015","E05001773"
"DE216QD",10,437835,336339,"E92000001","E19000001","E18000004","","E06000015","E05001773"
"DE216QE",10,437804,336239,"E92000001","E19000001","E18000004","","E06000015","E05001773"
"DE216QF",10,437674,336207,"E92000001","E19000001","E18000004","","E06000015","E05001773"
"DE216QG",10,437750,336038,"E92000001","E19000001","E18000004","","E06000015","E05001773"
"DE216QH",10,437717,336025,"E92000001","E19000001","E18000004","","E06000015","E05001773"
"DE216QJ",10,438121,336327,"E92000001","E19000001","E18000004","","E06000015","E05001773"
"DE216QL",10,438101,336265,"E92000001","E19000001","E18000004","","E06000015","E05001773"
"DE216QN",10,438263,336281,"E92000001","E19000001","E18000004","","E06000015","E05001773"
"DE216QP",10,438251,336319,"E92000001","E19000001","E18000004","","E06000015","E05001773"
"DE216QQ",10,438450,336444,"E92000001","E19000001","E18000004","","E06000015","E05001773"
"DE216QR",10,438407,336435,"E92000001","E19000001","E18000004","","E06000015","E05001773"
"DE216QS",10,438569,336692,"E92000001","E19000001","E18000004","","E06000015","E05001773"
"DE216QT",10,438623,336474,"E92000001","E19000001","E18000004","","E06000015","E05001773"
"DE216QU",10,438650,336498,"E92000001","E19000001","E18000004","","E06000015","E05001773"
"DE216QW",10,438636,336653,"E92000001","E19000001","E18000004","","E06000015","E05001773"
"DE216QX",10,438693,336564,"E92000001","E19000001","E18000004","","E06000015","E05001773"
"DE216QY",10,438824,336485,"E92000001","E19000001","E18000004","","E06000015","E05001773"
"DE216QZ",10,438767,336773,"E92000001","E19000001","E18000004","","E06000015","E05001773"
"DE216RA",10,438759,336716,"E92000001","E19000001","E18000004","","E06000015","E05001773"
"DE216RB",10,438903,336568,"E92000001","E19000001","E18000004","","E06000015","E05001773"
"DE216RD",10,438895,336729,"E92000001","E19000001","E18000004","","E06000015","E05001773"
"DE216RE",10,438957,336790,"E92000001","E19000001","E18000004","","E06000015","E05001773"
"DE216RF",10,438904,336648,"E92000001","E19000001","E18000004","","E06000015","E05001773"
"DE216RG",10,438979,336665,"E92000001","E19000001","E18000004","","E06000015","E05001773"
"DE216RH",10,438790,336557,"E92000001","E19000001","E18000004","","E06000015","E05001773"
"DE216RJ",10,438727,336637,"E92000001","E19000001","E18000004","","E06000015","E05001773"
"DE216RL",10,438943,336539,"E92000001","E19000001","E18000004","","E06000015","E05001773"
"DE216RN",10,438908,336424,"E92000001","E19000001","E18000004","","E06000015","E05001773"
"DE216RP",10,438567,336565,"E92000001","E19000001","E18000004","","E06000015","E05001773"
"DE216RQ",10,437761,336062,"E92000001","E19000001","E18000004","","E06000015","E05001773"
"DE216RR",10,436086,336425,"E92000001","E19000001","E18000004","","E06000015","E05001776"
"DE216RS",10,437608,335806,"E92000001","E19000001","E18000004","","E06000015","E05001773"
"DE216RT",10,438286,336207,"E92000001","E19000001","E18000004","","E06000015","E05001773"
"DE216RU",10,438489,336094,"E92000001","E19000001","E18000004","","E06000015","E05001773"
"DE216RW",10,438713,335973,"E92000001","E19000001","E18000004","","E06000015","E05001773"
"DE216RX",10,438414,336186,"E92000001","E19000001","E18000004","","E06000015","E05001773"
"DE216RY",10,438462,336281,"E92000001","E19000001","E18000004","","E06000015","E05001773"
"DE216RZ",10,438347,336255,"E92000001","E19000001","E18000004","","E06000015","E05001773"
"DE216SA",10,438528,336131,"E92000001","E19000001","E18000004","","E06000015","E05001773"
"DE216SB",10,438577,336252,"E92000001","E19000001","E18000004","","E06000015","E05001773"
"DE216SD",10,438501,336184,"E92000001","E19000001","E18000004","","E06000015","E05001773"
"DE216SE",10,438626,336136,"E92000001","E19000001","E18000004","","E06000015","E05001773"
"DE216SF",10,438671,336222,"E92000001","E19000001","E18000004","","E06000015","E05001773"
"DE216SG",10,438427,335965,"E92000001","E19000001","E18000004","","E06000015","E05001773"
"DE216SH",10,438242,336021,"E92000001","E19000001","E18000004","","E06000015","E05001773"
"DE216SJ",10,438095,336031,"E92000001","E19000001","E18000004","","E06000015","E05001773"
"DE216SL",10,437964,336060,"E92000001","E19000001","E18000004","","E06000015","E05001773"
"DE216SN",10,438354,336036,"E92000001","E19000001","E18000004","","E06000015","E05001773"
"DE216SP",10,438159,336117,"E92000001","E19000001","E18000004","","E06000015","E05001773"
"DE216SQ",10,438083,336109,"E92000001","E19000001","E18000004","","E06000015","E05001773"
"DE216SR",10,437978,335982,"E92000001","E19000001","E18000004","","E06000015","E05001773"
"DE216SS",10,438650,336060,"E92000001","E19000001","E18000004","","E06000015","E05001773"
"DE216SU",10,438598,335924,"E92000001","E19000001","E18000004","","E06000015","E05001773"
"DE216SW",10,438284,336140,"E92000001","E19000001","E18000004","","E06000015","E05001773"
"DE216SX",10,438452,336041,"E92000001","E19000001","E18000004","","E06000015","E05001773"
"DE216SY",10,438733,335889,"E92000001","E19000001","E18000004","","E06000015","E05001773"
"DE216SZ",10,438526,335961,"E92000001","E19000001","E18000004","","E06000015","E05001773"
"DE216TA",10,438658,335860,"E92000001","E19000001","E18000004","","E06000015","E05001773"
"DE216TB",10,438634,335833,"E92000001","E19000001","E18000004","","E06000015","E05001773"
"DE216TD",10,438802,335823,"E92000001","E19000001","E18000004","","E06000015","E05001773"
"DE216TE",10,438721,335757,"E92000001","E19000001","E18000004","","E06000015","E05001773"
"DE216TF",10,438808,335685,"E92000001","E19000001","E18000004","","E06000015","E05001773"
"DE216TG",10,438678,335630,"E92000001","E19000001","E18000004","","E06000015","E05001773"
"DE216TH",10,438561,335665,"E92000001","E19000001","E18000004","","E06000015","E05001773"
"DE216TJ",10,438478,335725,"E92000001","E19000001","E18000004","","E06000015","E05001773"
"DE216TL",10,438379,335786,"E92000001","E19000001","E18000004","","E06000015","E05001773"
"DE216TN",10,438432,335869,"E92000001","E19000001","E18000004","","E06000015","E05001773"
"DE216TP",10,438697,335653,"E92000001","E19000001","E18000004","","E06000015","E05001773"
"DE216TQ",10,438669,335742,"E92000001","E19000001","E18000004","","E06000015","E05001773"
"DE216TR",10,438780,335543,"E92000001","E19000001","E18000004","","E06000015","E05001773"
"DE216TS",10,439066,336907,"E92000001","E19000001","E18000004","","E06000015","E05001773"
"DE216TT",10,438579,335805,"E92000001","E19000001","E18000004","","E06000015","E05001773"
"DE216TU",10,438608,335746,"E92000001","E19000001","E18000004","","E06000015","E05001773"
"DE216TW",10,438539,335774,"E92000001","E19000001","E18000004","","E06000015","E05001773"
"DE216TX",10,438461,335801,"E92000001","E19000001","E18000004","","E06000015","E05001773"
"DE216TY",10,438478,335841,"E92000001","E19000001","E18000004","","E06000015","E05001773"
"DE216TZ",10,438302,335850,"E92000001","E19000001","E18000004","","E06000015","E05001773"
"DE216UA",10,438870,335640,"E92000001","E19000001","E18000004","","E06000015","E05001773"
"DE216UB",10,438873,335725,"E92000001","E19000001","E18000004","","E06000015","E05001773"
"DE216UD",10,438269,335934,"E92000001","E19000001","E18000004","","E06000015","E05001773"
"DE216UE",10,439023,336992,"E92000001","E19000001","E18000004","","E06000015","E05001773"
"DE216UF",10,439066,337036,"E92000001","E19000001","E18000004","","E06000015","E05001773"
"DE216UG",10,438916,336997,"E92000001","E19000001","E18000004","","E06000015","E05001773"
"DE216UH",10,438931,337078,"E92000001","E19000001","E18000004","","E06000015","E05001773"
"DE216UJ",10,438888,337097,"E92000001","E19000001","E18000004","","E06000015","E05001773"
"DE216UL",10,439105,337024,"E92000001","E19000001","E18000004","","E06000015","E05001773"
"DE216UN",10,439191,336824,"E92000001","E19000001","E18000004","","E06000015","E05001773"
"DE216UP",10,439198,336622,"E92000001","E19000001","E18000004","","E06000015","E05001773"
"DE216UQ",10,439184,336443,"E92000001","E19000001","E18000004","","E06000015","E05001773"
"DE216UR",10,439067,336196,"E92000001","E19000001","E18000004","","E06000015","E05001773"
"DE216US",10,439079,336832,"E92000001","E19000001","E18000004","","E06000015","E05001773"
"DE216UT",10,439114,336675,"E92000001","E19000001","E18000004","","E06000015","E05001773"
"DE216UU",10,439117,336758,"E92000001","E19000001","E18000004","","E06000015","E05001773"
"DE216UW",10,439065,336776,"E92000001","E19000001","E18000004","","E06000015","E05001773"
"DE216UX",10,439062,336613,"E92000001","E19000001","E18000004","","E06000015","E05001773"
"DE216UY",10,439047,336494,"E92000001","E19000001","E18000004","","E06000015","E05001773"
"DE216UZ",10,438941,336369,"E92000001","E19000001","E18000004","","E06000015","E05001773"
"DE216WA",10,439124,336614,"E92000001","E19000001","E18000004","","E06000015","E05001773"
"DE216WB",10,439125,336587,"E92000001","E19000001","E18000004","","E06000015","E05001773"
"DE216WD",10,439117,336518,"E92000001","E19000001","E18000004","","E06000015","E05001773"
"DE216WE",10,439093,336390,"E92000001","E19000001","E18000004","","E06000015","E05001773"
"DE216WF",10,439034,336304,"E92000001","E19000001","E18000004","","E06000015","E05001773"
"DE216WG",10,438989,336249,"E92000001","E19000001","E18000004","","E06000015","E05001773"
"DE216WH",10,438888,336222,"E92000001","E19000001","E18000004","","E06000015","E05001773"
"DE216WJ",10,438653,336324,"E92000001","E19000001","E18000004","","E06000015","E05001773"
"DE216WL",10,438763,336249,"E92000001","E19000001","E18000004","","E06000015","E05001773"
"DE216WN",10,438737,336040,"E92000001","E19000001","E18000004","","E06000015","E05001773"
"DE216WQ",10,438866,336123,"E92000001","E19000001","E18000004","","E06000015","E05001773"
"DE216WT",10,436856,336262,"E92000001","E19000001","E18000004","","E06000015","E05001776"
"DE216WU",10,436274,336267,"E92000001","E19000001","E18000004","","E06000015","E05001776"
"DE216WW",10,438947,336167,"E92000001","E19000001","E18000004","","E06000015","E05001773"
"DE216WX",10,438854,336188,"E92000001","E19000001","E18000004","","E06000015","E05001773"
"DE216XB",10,436089,336208,"E92000001","E19000001","E18000004","","E06000015","E05001776"
"DE216XE",10,436193,336218,"E92000001","E19000001","E18000004","","E06000015","E05001776"
"DE216XN",10,435996,335424,"E92000001","E19000001","E18000004","","E06000015","E05001770"
"DE216XQ",10,436574,336514,"E92000001","E19000001","E18000004","","E06000015","E05001776"
"DE216XT",10,436165,336281,"E92000001","E19000001","E18000004","","E06000015","E05001776"
"DE216XX",10,437065,337707,"E92000001","E19000001","E18000004","","E06000015","E05001776"
"DE216YB",10,438890,335805,"E92000001","E19000001","E18000004","","E06000015","E05001773"
"DE216YF",10,437066,337664,"E92000001","E19000001","E18000004","","E06000015","E05001776"
"DE216YL",10,437424,336143,"E92000001","E19000001","E18000004","","E06000015","E05001773"
"DE216YW",10,438832,336277,"E92000001","E19000001","E18000004","","E06000015","E05001773"
"DE216YZ",10,436991,336518,"E92000001","E19000001","E18000004","","E06000015","E05001776"
"DE216ZB",10,438861,336008,"E92000001","E19000001","E18000004","","E06000015","E05001773"
"DE216ZD",10,438809,335998,"E92000001","E19000001","E18000004","","E06000015","E05001773"
"DE216ZE",10,438824,336058,"E92000001","E19000001","E18000004","","E06000015","E05001773"
"DE216ZF",10,438912,336002,"E92000001","E19000001","E18000004","","E06000015","E05001773"
"DE216ZG",10,438903,335932,"E92000001","E19000001","E18000004","","E06000015","E05001773"
"DE216ZQ",10,438868,335917,"E92000001","E19000001","E18000004","","E06000015","E05001773"
"DE217AA",10,439772,336254,"E92000001","E19000001","E18000004","","E06000015","E05001783"
"DE217AB",10,439669,336319,"E92000001","E19000001","E18000004","","E06000015","E05001783"
"DE217AD",10,439673,336222,"E92000001","E19000001","E18000004","","E06000015","E05001783"
"DE217AE",10,439838,336392,"E92000001","E19000001","E18000004","","E06000015","E05001783"
"DE217AF",10,439747,336451,"E92000001","E19000001","E18000004","","E06000015","E05001783"
"DE217AG",10,439773,336695,"E92000001","E19000001","E18000004","","E06000015","E05001783"
"DE217AH",10,439892,336499,"E92000001","E19000001","E18000004","","E06000015","E05001783"
"DE217AJ",10,439830,336611,"E92000001","E19000001","E18000004","","E06000015","E05001783"
"DE217AL",10,439922,336323,"E92000001","E19000001","E18000004","","E06000015","E05001783"
"DE217AN",10,440007,336365,"E92000001","E19000001","E18000004","","E06000015","E05001783"
"DE217AP",10,440021,336577,"E92000001","E19000001","E18000004","","E06000015","E05001783"
"DE217AQ",10,440067,336581,"E92000001","E19000001","E18000004","","E06000015","E05001783"
"DE217AR",10,440113,336803,"E92000001","E19000001","E18000004","","E06000015","E05001783"
"DE217AS",10,439924,336340,"E92000001","E19000001","E18000004","","E06000015","E05001783"
"DE217AT",10,440025,336777,"E92000001","E19000001","E18000004","","E06000015","E05001783"
"DE217AU",10,440150,336765,"E92000001","E19000001","E18000004","","E06000015","E05001783"
"DE217AW",10,439956,336628,"E92000001","E19000001","E18000004","","E06000015","E05001783"
"DE217AX",10,439849,336759,"E92000001","E19000001","E18000004","","E06000015","E05001783"
"DE217AY",10,438367,333966,"E92000001","E19000001","E18000004","","E06000015","E05001769"
"DE217AZ",10,438420,334002,"E92000001","E19000001","E18000004","","E06000015","E05001769"
"DE217BA",10,438687,334339,"E92000001","E19000001","E18000004","","E06000015","E05001783"
"DE217BB",10,438564,334913,"E92000001","E19000001","E18000004","","E06000015","E05001783"
"DE217BD",10,438515,335152,"E92000001","E19000001","E18000004","","E06000015","E05001783"
"DE217BE",10,438400,334982,"E92000001","E19000001","E18000004","","E06000015","E05001783"
"DE217BF",10,438629,335073,"E92000001","E19000001","E18000004","","E06000015","E05001783"
"DE217BG",10,438425,335037,"E92000001","E19000001","E18000004","","E06000015","E05001783"
"DE217BH",10,438569,334040,"E92000001","E19000001","E18000004","","E06000015","E05001769"
"DE217BJ",10,440306,336067,"E92000001","E19000001","E18000004","","E06000015","E05001783"
"DE217BL",10,438400,334981,"E92000001","E19000001","E18000004","","E06000015","E05001783"
"DE217BN",10,439527,335134,"E92000001","E19000001","E18000004","","E06000015","E05001783"
"DE217BP",10,435996,335424,"E92000001","E19000001","E18000004","","E06000015","E05001770"
"DE217BQ",10,438657,334368,"E92000001","E19000001","E18000004","","E06000015","E05001783"
"DE217BR",10,439072,335290,"E92000001","E19000001","E18000004","","E06000015","E05001783"
"DE217BS",10,439518,335024,"E92000001","E19000001","E18000004","","E06000015","E05001783"
"DE217BT",10,439572,336201,"E92000001","E19000001","E18000004","","E06000015","E05001783"
"DE217BU",10,440292,338399,"E92000001","E19000001","E18000004","E10000007","E07000036","E05010621"
"DE217BW",10,440952,338641,"E92000001","E19000001","E18000004","E10000007","E07000036","E05010621"
"DE217BX",10,438296,334143,"E92000001","E19000001","E18000004","","E06000015","E05001769"
"DE217BY",10,438300,334100,"E92000001","E19000001","E18000004","","E06000015","E05001769"
"DE217BZ",10,438657,334368,"E92000001","E19000001","E18000004","","E06000015","E05001783"
"DE217DA",10,440443,335955,"E92000001","E19000001","E18000004","","E06000015","E05001783"
"DE217DB",10,440431,335763,"E92000001","E19000001","E18000004","","E06000015","E05001783"
"DE217DD",10,440354,336019,"E92000001","E19000001","E18000004","","E06000015","E05001783"
"DE217DE",10,440349,335919,"E92000001","E19000001","E18000004","","E06000015","E05001783"
"DE217DF",10,440671,336364,"E92000001","E19000001","E18000004","","E06000015","E05001783"
"DE217DG",10,440684,336413,"E92000001","E19000001","E18000004","","E06000015","E05001783"
"DE217DH",10,441050,336473,"E92000001","E19000001","E18000004","","E06000015","E05001783"
"DE217DJ",10,441010,336508,"E92000001","E19000001","E18000004","","E06000015","E05001783"
"DE217DL",10,441324,336596,"E92000001","E19000001","E18000004","","E06000015","E05001783"
"DE217DN",10,441247,336595,"E92000001","E19000001","E18000004","","E06000015","E05001783"
"DE217DP",10,441154,336580,"E92000001","E19000001","E18000004","","E06000015","E05001783"
"DE217DQ",10,440994,336556,"E92000001","E19000001","E18000004","","E06000015","E05001783"
"DE217DR",10,441068,336570,"E92000001","E19000001","E18000004","","E06000015","E05001783"
"DE217DS",10,441011,336651,"E92000001","E19000001","E18000004","","E06000015","E05001783"
"DE217DT",10,441100,336670,"E92000001","E19000001","E18000004","","E06000015","E05001783"
"DE217DU",10,440951,336742,"E92000001","E19000001","E18000004","","E06000015","E05001783"
"DE217DW",10,440914,336740,"E92000001","E19000001","E18000004","","E06000015","E05001783"
"DE217DX",10,440583,336217,"E92000001","E19000001","E18000004","","E06000015","E05001783"
"DE217DY",10,440679,336209,"E92000001","E19000001","E18000004","","E06000015","E05001783"
"DE217DZ",10,440688,336275,"E92000001","E19000001","E18000004","","E06000015","E05001783"
"DE217EA",10,440283,336139,"E92000001","E19000001","E18000004","","E06000015","E05001783"
"DE217EB",10,440418,336271,"E92000001","E19000001","E18000004","","E06000015","E05001783"
"DE217ED",10,440523,336444,"E92000001","E19000001","E18000004","","E06000015","E05001783"
"DE217EE",10,440598,336635,"E92000001","E19000001","E18000004","","E06000015","E05001783"
"DE217EF",10,440676,336498,"E92000001","E19000001","E18000004","","E06000015","E05001783"
"DE217EG",10,440437,336541,"E92000001","E19000001","E18000004","","E06000015","E05001783"
"DE217EH",10,440675,336563,"E92000001","E19000001","E18000004","","E06000015","E05001783"
"DE217EJ",10,440754,336633,"E92000001","E19000001","E18000004","","E06000015","E05001783"
"DE217EL",10,440731,336527,"E92000001","E19000001","E18000004","","E06000015","E05001783"
"DE217EN",10,440503,336644,"E92000001","E19000001","E18000004","","E06000015","E05001783"
"DE217EP",10,440380,336631,"E92000001","E19000001","E18000004","","E06000015","E05001783"
"DE217EQ",10,440455,336702,"E92000001","E19000001","E18000004","","E06000015","E05001783"
"DE217ER",10,440324,336640,"E92000001","E19000001","E18000004","","E06000015","E05001783"
"DE217ES",10,440400,336720,"E92000001","E19000001","E18000004","","E06000015","E05001783"
"DE217ET",10,440662,336775,"E92000001","E19000001","E18000004","","E06000015","E05001783"
"DE217EU",10,440808,336677,"E92000001","E19000001","E18000004","","E06000015","E05001783"
"DE217EW",10,440842,336544,"E92000001","E19000001","E18000004","","E06000015","E05001783"
"DE217EX",10,440855,336737,"E92000001","E19000001","E18000004","","E06000015","E05001783"
"DE217EY",10,440762,336560,"E92000001","E19000001","E18000004","","E06000015","E05001783"
"DE217EZ",10,440397,336490,"E92000001","E19000001","E18000004","","E06000015","E05001783"
"DE217FA",10,439630,335858,"E92000001","E19000001","E18000004","","E06000015","E05001783"
"DE217FB",10,440510,336557,"E92000001","E19000001","E18000004","","E06000015","E05001783"
"DE217FD",10,439943,335678,"E92000001","E19000001","E18000004","","E06000015","E05001783"
"DE217FE",10,439960,335888,"E92000001","E19000001","E18000004","","E06000015","E05001783"
"DE217FF",10,439882,335812,"E92000001","E19000001","E18000004","","E06000015","E05001783"
"DE217FG",10,440135,336062,"E92000001","E19000001","E18000004","","E06000015","E05001783"
"DE217FH",10,440157,335986,"E92000001","E19000001","E18000004","","E06000015","E05001783"
"DE217FJ",10,440098,336100,"E92000001","E19000001","E18000004","","E06000015","E05001783"
"DE217FL",10,440045,335816,"E92000001","E19000001","E18000004","","E06000015","E05001783"
"DE217FN",10,440099,335729,"E92000001","E19000001","E18000004","","E06000015","E05001783"
"DE217FP",10,440047,335617,"E92000001","E19000001","E18000004","","E06000015","E05001783"
"DE217FQ",10,439979,335454,"E92000001","E19000001","E18000004","","E06000015","E05001783"
"DE217FR",10,439947,335471,"E92000001","E19000001","E18000004","","E06000015","E05001783"
"DE217FS",10,440161,335842,"E92000001","E19000001","E18000004","","E06000015","E05001783"
"DE217FT",10,440193,335984,"E92000001","E19000001","E18000004","","E06000015","E05001783"
"DE217FW",10,440196,335782,"E92000001","E19000001","E18000004","","E06000015","E05001783"
"DE217FX",10,440285,335629,"E92000001","E19000001","E18000004","","E06000015","E05001783"
"DE217FY",10,440247,335588,"E92000001","E19000001","E18000004","","E06000015","E05001783"
"DE217FZ",10,439950,335564,"E92000001","E19000001","E18000004","","E06000015","E05001783"
"DE217GA",10,439896,335643,"E92000001","E19000001","E18000004","","E06000015","E05001783"
"DE217GB",10,439862,335517,"E92000001","E19000001","E18000004","","E06000015","E05001783"
"DE217GD",10,439821,335505,"E92000001","E19000001","E18000004","","E06000015","E05001783"
"DE217GE",10,439838,335593,"E92000001","E19000001","E18000004","","E06000015","E05001783"
"DE217GF",10,439848,335775,"E92000001","E19000001","E18000004","","E06000015","E05001783"
"DE217GG",10,439678,335554,"E92000001","E19000001","E18000004","","E06000015","E05001783"
"DE217GH",10,439763,335594,"E92000001","E19000001","E18000004","","E06000015","E05001783"
"DE217GJ",10,439747,335506,"E92000001","E19000001","E18000004","","E06000015","E05001783"
"DE217GL",10,439695,335872,"E92000001","E19000001","E18000004","","E06000015","E05001783"
"DE217GN",10,439783,335835,"E92000001","E19000001","E18000004","","E06000015","E05001783"
"DE217GP",10,439757,335728,"E92000001","E19000001","E18000004","","E06000015","E05001783"
"DE217GQ",10,439670,335712,"E92000001","E19000001","E18000004","","E06000015","E05001783"
"DE217GR",10,439621,335730,"E92000001","E19000001","E18000004","","E06000015","E05001783"
"DE217GS",10,440272,335931,"E92000001","E19000001","E18000004","","E06000015","E05001783"
"DE217GT",10,439853,335834,"E92000001","E19000001","E18000004","","E06000015","E05001783"
"DE217GU",10,439952,335789,"E92000001","E19000001","E18000004","","E06000015","E05001783"
"DE217GW",10,440795,334885,"E92000001","E19000001","E18000004","","E06000015","E05001783"
"DE217GX",10,440642,334958,"E92000001","E19000001","E18000004","","E06000015","E05001783"
"DE217GZ",10,440648,335058,"E92000001","E19000001","E18000004","","E06000015","E05001783"
"DE217HA",10,440427,335149,"E92000001","E19000001","E18000004","","E06000015","E05001783"
"DE217HB",10,440433,335264,"E92000001","E19000001","E18000004","","E06000015","E05001783"
"DE217HD",10,440288,335233,"E92000001","E19000001","E18000004","","E06000015","E05001783"
"DE217HE",10,440485,335188,"E92000001","E19000001","E18000004","","E06000015","E05001783"
"DE217HF",10,440625,335113,"E92000001","E19000001","E18000004","","E06000015","E05001783"
"DE217HG",10,440795,335024,"E92000001","E19000001","E18000004","","E06000015","E05001783"
"DE217HH",10,440600,335259,"E92000001","E19000001","E18000004","","E06000015","E05001783"
"DE217HJ",10,440642,335400,"E92000001","E19000001","E18000004","","E06000015","E05001783"
"DE217HL",10,440536,335266,"E92000001","E19000001","E18000004","","E06000015","E05001783"
"DE217HN",10,440675,335199,"E92000001","E19000001","E18000004","","E06000015","E05001783"
"DE217HP",10,440878,335090,"E92000001","E19000001","E18000004","","E06000015","E05001783"
"DE217HQ",10,440764,335249,"E92000001","E19000001","E18000004","","E06000015","E05001783"
"DE217HR",10,440718,335223,"E92000001","E19000001","E18000004","","E06000015","E05001783"
"DE217HS",10,440497,335380,"E92000001","E19000001","E18000004","","E06000015","E05001783"
"DE217HT",10,440285,335396,"E92000001","E19000001","E18000004","","E06000015","E05001783"
"DE217HW",10,439996,334167,"E92000001","E19000001","E18000004","","E06000015","E05001783"
"DE217HX",10,438736,333943,"E92000001","E19000001","E18000004","","E06000015","E05001769"
"DE217HY",10,440352,335299,"E92000001","E19000001","E18000004","","E06000015","E05001783"
"DE217JB",10,439942,336280,"E92000001","E19000001","E18000004","","E06000015","E05001783"
"DE217JD",10,440120,336522,"E92000001","E19000001","E18000004","","E06000015","E05001783"
"DE217JE",10,440314,336290,"E92000001","E19000001","E18000004","","E06000015","E05001783"
"DE217JF",10,440395,336328,"E92000001","E19000001","E18000004","","E06000015","E05001783"
"DE217JG",10,440365,336337,"E92000001","E19000001","E18000004","","E06000015","E05001783"
"DE217JH",10,440361,336385,"E92000001","E19000001","E18000004","","E06000015","E05001783"
"DE217JJ",10,440253,336176,"E92000001","E19000001","E18000004","","E06000015","E05001783"
"DE217JL",10,440218,336221,"E92000001","E19000001","E18000004","","E06000015","E05001783"
"DE217JN",10,440244,336209,"E92000001","E19000001","E18000004","","E06000015","E05001783"
"DE217JP",10,440123,336138,"E92000001","E19000001","E18000004","","E06000015","E05001783"
"DE217JQ",10,440119,336196,"E92000001","E19000001","E18000004","","E06000015","E05001783"
"DE217JR",10,440019,336212,"E92000001","E19000001","E18000004","","E06000015","E05001783"
"DE217JS",10,440066,336288,"E92000001","E19000001","E18000004","","E06000015","E05001783"
"DE217JT",10,440211,336534,"E92000001","E19000001","E18000004","","E06000015","E05001783"
"DE217JU",10,440081,336252,"E92000001","E19000001","E18000004","","E06000015","E05001783"
"DE217JW",10,440249,336523,"E92000001","E19000001","E18000004","","E06000015","E05001783"
"DE217JX",10,440113,336375,"E92000001","E19000001","E18000004","","E06000015","E05001783"
"DE217JY",10,440187,336519,"E92000001","E19000001","E18000004","","E06000015","E05001783"
"DE217JZ",10,440293,336581,"E92000001","E19000001","E18000004","","E06000015","E05001783"
"DE217LA",10,440323,336513,"E92000001","E19000001","E18000004","","E06000015","E05001783"
"DE217LB",10,440150,336295,"E92000001","E19000001","E18000004","","E06000015","E05001783"
"DE217LD",10,440204,336707,"E92000001","E19000001","E18000004","","E06000015","E05001783"
"DE217LE",10,440175,336612,"E92000001","E19000001","E18000004","","E06000015","E05001783"
"DE217LF",10,439978,336042,"E92000001","E19000001","E18000004","","E06000015","E05001783"
"DE217LG",10,440038,336011,"E92000001","E19000001","E18000004","","E06000015","E05001783"
"DE217LH",10,439873,335973,"E92000001","E19000001","E18000004","","E06000015","E05001783"
"DE217LJ",10,439864,335937,"E92000001","E19000001","E18000004","","E06000015","E05001783"
"DE217LL",10,439811,336083,"E92000001","E19000001","E18000004","","E06000015","E05001783"
"DE217LN",10,439722,336072,"E92000001","E19000001","E18000004","","E06000015","E05001783"
"DE217LP",10,439736,336186,"E92000001","E19000001","E18000004","","E06000015","E05001783"
"DE217LQ",10,439722,336009,"E92000001","E19000001","E18000004","","E06000015","E05001783"
"DE217LR",10,441343,336745,"E92000001","E19000001","E18000004","","E06000015","E05001783"
"DE217LS",10,441294,336677,"E92000001","E19000001","E18000004","","E06000015","E05001783"
"DE217LT",10,441239,336697,"E92000001","E19000001","E18000004","","E06000015","E05001783"
"DE217LU",10,439050,335837,"E92000001","E19000001","E18000004","","E06000015","E05001783"
"DE217LW",10,439015,335795,"E92000001","E19000001","E18000004","","E06000015","E05001783"
"DE217LX",10,439348,335716,"E92000001","E19000001","E18000004","","E06000015","E05001783"
"DE217LY",10,439677,335467,"E92000001","E19000001","E18000004","","E06000015","E05001783"
"DE217LZ",10,439692,335434,"E92000001","E19000001","E18000004","","E06000015","E05001783"
"DE217NA",10,439557,335836,"E92000001","E19000001","E18000004","","E06000015","E05001783"
"DE217NB",10,439588,335839,"E92000001","E19000001","E18000004","","E06000015","E05001783"
"DE217ND",10,439243,335361,"E92000001","E19000001","E18000004","","E06000015","E05001783"
"DE217NE",10,439772,335323,"E92000001","E19000001","E18000004","","E06000015","E05001783"
"DE217NF",10,439861,335419,"E92000001","E19000001","E18000004","","E06000015","E05001783"
"DE217NG",10,440054,335318,"E92000001","E19000001","E18000004","","E06000015","E05001783"
"DE217NH",10,439851,335377,"E92000001","E19000001","E18000004","","E06000015","E05001783"
"DE217NJ",10,440054,335318,"E92000001","E19000001","E18000004","","E06000015","E05001783"
"DE217NL",10,439987,335298,"E92000001","E19000001","E18000004","","E06000015","E05001783"
"DE217NN",10,440258,335202,"E92000001","E19000001","E18000004","","E06000015","E05001783"
"DE217NP",10,440164,335211,"E92000001","E19000001","E18000004","","E06000015","E05001783"
"DE217NQ",10,439729,335967,"E92000001","E19000001","E18000004","","E06000015","E05001783"
"DE217NR",10,440352,336064,"E92000001","E19000001","E18000004","","E06000015","E05001783"
"DE217NS",10,440046,335137,"E92000001","E19000001","E18000004","","E06000015","E05001783"
"DE217NT",10,440266,335043,"E92000001","E19000001","E18000004","","E06000015","E05001783"
"DE217NU",10,440818,335727,"E92000001","E19000001","E18000004","","E06000015","E05001783"
"DE217NW",10,440869,335786,"E92000001","E19000001","E18000004","","E06000015","E05001783"
"DE217NX",10,440524,335690,"E92000001","E19000001","E18000004","","E06000015","E05001783"
"DE217NY",10,440658,335626,"E92000001","E19000001","E18000004","","E06000015","E05001783"
"DE217NZ",10,440544,335593,"E92000001","E19000001","E18000004","","E06000015","E05001783"
"DE217PA",10,440454,335592,"E92000001","E19000001","E18000004","","E06000015","E05001783"
"DE217PB",10,440559,335676,"E92000001","E19000001","E18000004","","E06000015","E05001783"
"DE217PD",10,440593,335743,"E92000001","E19000001","E18000004","","E06000015","E05001783"
"DE217PE",10,440666,335711,"E92000001","E19000001","E18000004","","E06000015","E05001783"
"DE217PF",10,440717,335560,"E92000001","E19000001","E18000004","","E06000015","E05001783"
"DE217PG",10,440724,335629,"E92000001","E19000001","E18000004","","E06000015","E05001783"
"DE217PH",10,440923,335104,"E92000001","E19000001","E18000004","","E06000015","E05001783"
"DE217PJ",10,440840,335187,"E92000001","E19000001","E18000004","","E06000015","E05001783"
"DE217PL",10,440881,335216,"E92000001","E19000001","E18000004","","E06000015","E05001783"
"DE217PN",10,440847,335360,"E92000001","E19000001","E18000004","","E06000015","E05001783"
"DE217PP",10,440799,335436,"E92000001","E19000001","E18000004","","E06000015","E05001783"
"DE217PQ",10,440737,335373,"E92000001","E19000001","E18000004","","E06000015","E05001783"
"DE217PR",10,440449,335433,"E92000001","E19000001","E18000004","","E06000015","E05001783"
"DE217PS",10,440515,335464,"E92000001","E19000001","E18000004","","E06000015","E05001783"
"DE217PY",10,440117,335521,"E92000001","E19000001","E18000004","","E06000015","E05001783"
"DE217PZ",10,440214,335385,"E92000001","E19000001","E18000004","","E06000015","E05001783"
"DE217QA",10,440905,336350,"E92000001","E19000001","E18000004","","E06000015","E05001783"
"DE217QB",10,441041,336397,"E92000001","E19000001","E18000004","","E06000015","E05001783"
"DE217QD",10,440986,336221,"E92000001","E19000001","E18000004","","E06000015","E05001783"
"DE217QE",10,440812,335669,"E92000001","E19000001","E18000004","","E06000015","E05001783"
"DE217QF",10,440691,335769,"E92000001","E19000001","E18000004","","E06000015","E05001783"
"DE217QG",10,440597,335909,"E92000001","E19000001","E18000004","","E06000015","E05001783"
"DE217QH",10,440411,336080,"E92000001","E19000001","E18000004","","E06000015","E05001783"
"DE217QJ",10,440807,335898,"E92000001","E19000001","E18000004","","E06000015","E05001783"
"DE217QL",10,440742,335886,"E92000001","E19000001","E18000004","","E06000015","E05001783"
"DE217QN",10,440930,336070,"E92000001","E19000001","E18000004","","E06000015","E05001783"
"DE217QP",10,440893,336079,"E92000001","E19000001","E18000004","","E06000015","E05001783"
"DE217QQ",10,440889,335839,"E92000001","E19000001","E18000004","","E06000015","E05001783"
"DE217QR",10,440865,335891,"E92000001","E19000001","E18000004","","E06000015","E05001783"
"DE217QS",10,440932,335989,"E92000001","E19000001","E18000004","","E06000015","E05001783"
"DE217QT",10,440961,336049,"E92000001","E19000001","E18000004","","E06000015","E05001783"
"DE217QU",10,440997,336169,"E92000001","E19000001","E18000004","","E06000015","E05001783"
"DE217QW",10,440683,336097,"E92000001","E19000001","E18000004","","E06000015","E05001783"
"DE217QX",10,440714,336052,"E92000001","E19000001","E18000004","","E06000015","E05001783"
"DE217QY",10,440657,336017,"E92000001","E19000001","E18000004","","E06000015","E05001783"
"DE217QZ",10,440737,335933,"E92000001","E19000001","E18000004","","E06000015","E05001783"
"DE217RA",10,440546,335820,"E92000001","E19000001","E18000004","","E06000015","E05001783"
"DE217RB",10,440550,335794,"E92000001","E19000001","E18000004","","E06000015","E05001783"
"DE217RD",10,440502,335908,"E92000001","E19000001","E18000004","","E06000015","E05001783"
"DE217RE",10,441025,336315,"E92000001","E19000001","E18000004","","E06000015","E05001783"
"DE217RF",10,440825,336291,"E92000001","E19000001","E18000004","","E06000015","E05001783"
"DE217RG",10,440860,336354,"E92000001","E19000001","E18000004","","E06000015","E05001783"
"DE217RH",10,440214,336250,"E92000001","E19000001","E18000004","","E06000015","E05001783"
"DE217RJ",10,440150,336126,"E92000001","E19000001","E18000004","","E06000015","E05001783"
"DE217RL",10,440269,335534,"E92000001","E19000001","E18000004","","E06000015","E05001783"
"DE217RN",10,440141,336184,"E92000001","E19000001","E18000004","","E06000015","E05001783"
"DE217RP",10,440566,336106,"E92000001","E19000001","E18000004","","E06000015","E05001783"
"DE217RQ",10,440240,335321,"E92000001","E19000001","E18000004","","E06000015","E05001783"
"DE217RR",10,440755,336374,"E92000001","E19000001","E18000004","","E06000015","E05001783"
"DE217RS",10,440485,335747,"E92000001","E19000001","E18000004","","E06000015","E05001783"
"DE217RT",10,440383,336450,"E92000001","E19000001","E18000004","","E06000015","E05001783"
"DE217RU",10,440527,336576,"E92000001","E19000001","E18000004","","E06000015","E05001783"
"DE217RW",10,438770,335086,"E92000001","E19000001","E18000004","","E06000015","E05001783"
"DE217RX",10,439932,335140,"E92000001","E19000001","E18000004","","E06000015","E05001783"
"DE217RY",10,439740,335227,"E92000001","E19000001","E18000004","","E06000015","E05001783"
"DE217RZ",10,440322,335833,"E92000001","E19000001","E18000004","","E06000015","E05001783"
"DE217SA",10,440491,336242,"E92000001","E19000001","E18000004","","E06000015","E05001783"
"DE217SB",10,440514,336254,"E92000001","E19000001","E18000004","","E06000015","E05001783"
"DE217SD",10,439745,335394,"E92000001","E19000001","E18000004","","E06000015","E05001783"
"DE217SF",10,439723,335322,"E92000001","E19000001","E18000004","","E06000015","E05001783"
"DE217SG",10,438988,335740,"E92000001","E19000001","E18000004","","E06000015","E05001783"
"DE217SH",10,439576,335237,"E92000001","E19000001","E18000004","","E06000015","E05001783"
"DE217SJ",10,440865,334927,"E92000001","E19000001","E18000004","","E06000015","E05001783"
"DE217SL",10,439638,335210,"E92000001","E19000001","E18000004","","E06000015","E05001783"
"DE217SN",10,440534,334982,"E92000001","E19000001","E18000004","","E06000015","E05001783"
"DE217SP",10,439872,335312,"E92000001","E19000001","E18000004","","E06000015","E05001783"
"DE217SR",10,438936,335650,"E92000001","E19000001","E18000004","","E06000015","E05001783"
"DE217SS",10,438981,335656,"E92000001","E19000001","E18000004","","E06000015","E05001783"
"DE217ST",10,439797,335321,"E92000001","E19000001","E18000004","","E06000015","E05001783"
"DE217SX",10,440326,335103,"E92000001","E19000001","E18000004","","E06000015","E05001783"
"DE217SY",10,439870,336326,"E92000001","E19000001","E18000004","","E06000015","E05001783"
"DE217SZ",10,439915,336406,"E92000001","E19000001","E18000004","","E06000015","E05001783"
"DE217TA",10,440930,336906,"E92000001","E19000001","E18000004","","E06000015","E05001783"
"DE217TB",10,440900,336773,"E92000001","E19000001","E18000004","","E06000015","E05001783"
"DE217TD",10,440996,336793,"E92000001","E19000001","E18000004","","E06000015","E05001783"
"DE217TE",10,441077,336787,"E92000001","E19000001","E18000004","","E06000015","E05001783"
"DE217TF",10,440819,336892,"E92000001","E19000001","E18000004","","E06000015","E05001783"
"DE217TG",10,440825,336777,"E92000001","E19000001","E18000004","","E06000015","E05001783"
"DE217TH",10,440736,336812,"E92000001","E19000001","E18000004","","E06000015","E05001783"
"DE217TJ",10,440819,336857,"E92000001","E19000001","E18000004","","E06000015","E05001783"
"DE217TL",10,440711,336942,"E92000001","E19000001","E18000004","","E06000015","E05001783"
"DE217TN",10,440680,336849,"E92000001","E19000001","E18000004","","E06000015","E05001783"
"DE217TP",10,439903,336049,"E92000001","E19000001","E18000004","","E06000015","E05001783"
"DE217TQ",10,440854,334811,"E92000001","E19000001","E18000004","","E06000015","E05001783"
"DE217TR",10,440779,334803,"E92000001","E19000001","E18000004","","E06000015","E05001783"
"DE217TS",10,440445,335511,"E92000001","E19000001","E18000004","","E06000015","E05001783"
"DE217TT",10,440888,334765,"E92000001","E19000001","E18000004","","E06000015","E05001783"
"DE217TU",10,440945,334805,"E92000001","E19000001","E18000004","","E06000015","E05001783"
"DE217TW",10,440593,335205,"E92000001","E19000001","E18000004","","E06000015","E05001783"
"DE217TX",10,440060,335362,"E92000001","E19000001","E18000004","","E06000015","E05001783"
"DE217TY",10,439668,335171,"E92000001","E19000001","E18000004","","E06000015","E05001783"
"DE217TZ",10,441164,336711,"E92000001","E19000001","E18000004","","E06000015","E05001783"
"DE217UA",10,440068,335247,"E92000001","E19000001","E18000004","","E06000015","E05001783"
"DE217UB",10,435996,335424,"E92000001","E19000001","E18000004","","E06000015","E05001770"
"DE217UD",10,440327,335448,"E92000001","E19000001","E18000004","","E06000015","E05001783"
"DE217UY",10,439111,335664,"E92000001","E19000001","E18000004","","E06000015","E05001783"
"DE217WA",10,438476,334766,"E92000001","E19000001","E18000004","","E06000015","E05001783"
"DE217XX",10,435996,335424,"E92000001","E19000001","E18000004","","E06000015","E05001770"
"DE217ZJ",10,435996,335424,"E92000001","E19000001","E18000004","","E06000015","E05001770"
"DE217ZP",10,435996,335424,"E92000001","E19000001","E18000004","","E06000015","E05001770"
"DE217ZS",10,435996,335424,"E92000001","E19000001","E18000004","","E06000015","E05001770"
"DE221AA",10,434775,337140,"E92000001","E19000001","E18000004","","E06000015","E05001775"
"DE221AE",10,434753,337388,"E92000001","E19000001","E18000004","","E06000015","E05001775"
"DE221AF",10,434750,337560,"E92000001","E19000001","E18000004","","E06000015","E05001775"
"DE221AG",10,434690,337755,"E92000001","E19000001","E18000004","","E06000015","E05001775"
"DE221AH",10,434778,337793,"E92000001","E19000001","E18000004","","E06000015","E05001775"
"DE221AJ",10,434747,337884,"E92000001","E19000001","E18000004","","E06000015","E05001775"
"DE221AL",10,434698,337602,"E92000001","E19000001","E18000004","","E06000015","E05001775"
"DE221AN",10,434634,337625,"E92000001","E19000001","E18000004","","E06000015","E05001775"
"DE221AP",10,434557,337652,"E92000001","E19000001","E18000004","","E06000015","E05001775"
"DE221AQ",10,434594,337694,"E92000001","E19000001","E18000004","","E06000015","E05001775"
"DE221AR",10,434409,337695,"E92000001","E19000001","E18000004","","E06000015","E05001775"
"DE221AS",10,434517,337602,"E92000001","E19000001","E18000004","","E06000015","E05001775"
"DE221AT",10,434701,337826,"E92000001","E19000001","E18000004","","E06000015","E05001775"
"DE221AU",10,434582,337895,"E92000001","E19000001","E18000004","","E06000015","E05001775"
"DE221AW",10,434443,337907,"E92000001","E19000001","E18000004","","E06000015","E05001775"
"DE221AX",10,434430,337852,"E92000001","E19000001","E18000004","","E06000015","E05001775"
"DE221AY",10,434235,337928,"E92000001","E19000001","E18000004","","E06000015","E05001775"
"DE221AZ",10,434191,337826,"E92000001","E19000001","E18000004","","E06000015","E05001775"
"DE221BA",10,434173,337938,"E92000001","E19000001","E18000004","","E06000015","E05001775"
"DE221BB",10,434721,337229,"E92000001","E19000001","E18000004","","E06000015","E05001775"
"DE221BD",10,434396,338060,"E92000001","E19000001","E18000004","","E06000015","E05001775"
"DE221BE",10,434543,337950,"E92000001","E19000001","E18000004","","E06000015","E05001775"
"DE221BF",10,434555,338038,"E92000001","E19000001","E18000004","","E06000015","E05001775"
"DE221BG",10,434815,337252,"E92000001","E19000001","E18000004","","E06000015","E05001775"
"DE221BH",10,434801,337453,"E92000001","E19000001","E18000004","","E06000015","E05001775"
"DE221BJ",10,434817,337659,"E92000001","E19000001","E18000004","","E06000015","E05001775"
"DE221BL",10,434829,337877,"E92000001","E19000001","E18000004","","E06000015","E05001775"
"DE221BN",10,434656,337884,"E92000001","E19000001","E18000004","","E06000015","E05001775"
"DE221BP",10,434372,337740,"E92000001","E19000001","E18000004","","E06000015","E05001775"
"DE221BQ",10,433999,337680,"E92000001","E19000001","E18000004","","E06000015","E05001775"
"DE221BR",10,434036,337685,"E92000001","E19000001","E18000004","","E06000015","E05001775"
"DE221BT",10,434591,337739,"E92000001","E19000001","E18000004","","E06000015","E05001775"
"DE221BU",10,434048,337792,"E92000001","E19000001","E18000004","","E06000015","E05001775"
"DE221BW",10,434304,338044,"E92000001","E19000001","E18000004","","E06000015","E05001775"
"DE221BX",10,434842,338231,"E92000001","E19000001","E18000004","","E06000015","E05001775"
"DE221BY",10,434896,338323,"E92000001","E19000001","E18000004","","E06000015","E05001775"
"DE221BZ",10,434874,338157,"E92000001","E19000001","E18000004","","E06000015","E05001775"
"DE221DA",10,434959,338165,"E92000001","E19000001","E18000004","","E06000015","E05001775"
"DE221DB",10,434983,338328,"E92000001","E19000001","E18000004","","E06000015","E05001775"
"DE221DD",10,434877,338426,"E92000001","E19000001","E18000004","","E06000015","E05001775"
"DE221DE",10,434970,338447,"E92000001","E19000001","E18000004","","E06000015","E05001775"
"DE221DF",10,434889,338473,"E92000001","E19000001","E18000004","","E06000015","E05001775"
"DE221DG",10,435075,338495,"E92000001","E19000001","E18000004","","E06000015","E05001775"
"DE221DH",10,435225,338633,"E92000001","E19000001","E18000004","","E06000015","E05001775"
"DE221DJ",10,435195,338455,"E92000001","E19000001","E18000004","","E06000015","E05001775"
"DE221DL",10,435208,338537,"E92000001","E19000001","E18000004","","E06000015","E05001775"
"DE221DN",10,435246,338469,"E92000001","E19000001","E18000004","","E06000015","E05001775"
"DE221DP",10,435223,338413,"E92000001","E19000001","E18000004","","E06000015","E05001775"
"DE221DQ",10,435113,338476,"E92000001","E19000001","E18000004","","E06000015","E05001775"
"DE221DR",10,435167,338383,"E92000001","E19000001","E18000004","","E06000015","E05001775"
"DE221DS",10,435148,338324,"E92000001","E19000001","E18000004","","E06000015","E05001775"
"DE221DT",10,435206,338406,"E92000001","E19000001","E18000004","","E06000015","E05001775"
"DE221DU",10,435249,338369,"E92000001","E19000001","E18000004","","E06000015","E05001775"
"DE221DW",10,435231,338390,"E92000001","E19000001","E18000004","","E06000015","E05001775"
"DE221DX",10,435275,338427,"E92000001","E19000001","E18000004","","E06000015","E05001775"
"DE221DY",10,435268,338488,"E92000001","E19000001","E18000004","","E06000015","E05001775"
"DE221DZ",10,435441,338533,"E92000001","E19000001","E18000004","","E06000015","E05001775"
"DE221EA",10,434898,338924,"E92000001","E19000001","E18000004","","E06000015","E05001775"
"DE221EB",10,435537,338483,"E92000001","E19000001","E18000004","","E06000015","E05001775"
"DE221ED",10,435502,338371,"E92000001","E19000001","E18000004","","E06000015","E05001775"
"DE221EE",10,434973,338535,"E92000001","E19000001","E18000004","","E06000015","E05001775"
"DE221EF",10,435024,338690,"E92000001","E19000001","E18000004","","E06000015","E05001775"
"DE221EG",10,435175,338739,"E92000001","E19000001","E18000004","","E06000015","E05001775"
"DE221EH",10,434964,338493,"E92000001","E19000001","E18000004","","E06000015","E05001775"
"DE221EJ",10,434901,337857,"E92000001","E19000001","E18000004","","E06000015","E05001775"
"DE221EL",10,434870,337871,"E92000001","E19000001","E18000004","","E06000015","E05001775"
"DE221EN",10,434895,338053,"E92000001","E19000001","E18000004","","E06000015","E05001775"
"DE221EP",10,434796,338145,"E92000001","E19000001","E18000004","","E06000015","E05001775"
"DE221EQ",10,434780,338392,"E92000001","E19000001","E18000004","","E06000015","E05001775"
"DE221ER",10,434802,338677,"E92000001","E19000001","E18000004","","E06000015","E05001775"
"DE221ES",10,434892,339035,"E92000001","E19000001","E18000004","","E06000015","E05001775"
"DE221ET",10,434836,339054,"E92000001","E19000001","E18000004","","E06000015","E05001775"
"DE221EU",10,434865,339171,"E92000001","E19000001","E18000004","","E06000015","E05001775"
"DE221EW",10,435035,339074,"E92000001","E19000001","E18000004","","E06000015","E05001775"
"DE221EX",10,435135,338735,"E92000001","E19000001","E18000004","","E06000015","E05001775"
"DE221EY",10,435051,338844,"E92000001","E19000001","E18000004","","E06000015","E05001775"
"DE221EZ",10,435120,339156,"E92000001","E19000001","E18000004","","E06000015","E05001775"
"DE221FB",10,435241,338910,"E92000001","E19000001","E18000004","","E06000015","E05001775"
"DE221FD",10,434986,338945,"E92000001","E19000001","E18000004","","E06000015","E05001775"
"DE221FE",10,434886,338557,"E92000001","E19000001","E18000004","","E06000015","E05001775"
"DE221FF",10,434964,338593,"E92000001","E19000001","E18000004","","E06000015","E05001775"
"DE221FG",10,434881,338632,"E92000001","E19000001","E18000004","","E06000015","E05001775"
"DE221FH",10,434864,338729,"E92000001","E19000001","E18000004","","E06000015","E05001775"
"DE221FJ",10,434964,338677,"E92000001","E19000001","E18000004","","E06000015","E05001775"
"DE221FL",10,434709,337085,"E92000001","E19000001","E18000004","","E06000015","E05001775"
"DE221FP",10,434665,337097,"E92000001","E19000001","E18000004","","E06000015","E05001775"
"DE221FR",10,434447,337214,"E92000001","E19000001","E18000004","","E06000015","E05001775"
"DE221FS",10,434364,337269,"E92000001","E19000001","E18000004","","E06000015","E05001775"
"DE221FT",10,434232,337334,"E92000001","E19000001","E18000004","","E06000015","E05001775"
"DE221FW",10,434401,337304,"E92000001","E19000001","E18000004","","E06000015","E05001775"
"DE221FX",10,434232,337373,"E92000001","E19000001","E18000004","","E06000015","E05001775"
"DE221FY",10,434726,337053,"E92000001","E19000001","E18000004","","E06000015","E05001775"
"DE221FZ",10,433969,337548,"E92000001","E19000001","E18000004","","E06000015","E05001775"
"DE221GA",10,433811,337718,"E92000001","E19000001","E18000004","","E06000015","E05001768"
"DE221GB",10,433924,338022,"E92000001","E19000001","E18000004","","E06000015","E05001768"
"DE221GD",10,434119,337552,"E92000001","E19000001","E18000004","","E06000015","E05001775"
"DE221GE",10,434131,337529,"E92000001","E19000001","E18000004","","E06000015","E05001775"
"DE221GF",10,434256,337608,"E92000001","E19000001","E18000004","","E06000015","E05001775"
"DE221GG",10,434205,337675,"E92000001","E19000001","E18000004","","E06000015","E05001775"
"DE221GH",10,434046,337613,"E92000001","E19000001","E18000004","","E06000015","E05001775"
"DE221GJ",10,434044,337641,"E92000001","E19000001","E18000004","","E06000015","E05001775"
"DE221GL",10,434070,337619,"E92000001","E19000001","E18000004","","E06000015","E05001775"
"DE221GN",10,434103,337589,"E92000001","E19000001","E18000004","","E06000015","E05001775"
"DE221GP",10,434081,337606,"E92000001","E19000001","E18000004","","E06000015","E05001775"
"DE221GQ",10,433861,337708,"E92000001","E19000001","E18000004","","E06000015","E05001768"
"DE221GR",10,434341,337695,"E92000001","E19000001","E18000004","","E06000015","E05001775"
"DE221GS",10,433928,337568,"E92000001","E19000001","E18000004","","E06000015","E05001775"
"DE221GT",10,434175,337491,"E92000001","E19000001","E18000004","","E06000015","E05001775"
"DE221GU",10,434744,337118,"E92000001","E19000001","E18000004","","E06000015","E05001775"
"DE221GW",10,434521,337244,"E92000001","E19000001","E18000004","","E06000015","E05001775"
"DE221GX",10,434676,337348,"E92000001","E19000001","E18000004","","E06000015","E05001775"
"DE221GY",10,434613,337226,"E92000001","E19000001","E18000004","","E06000015","E05001775"
"DE221GZ",10,434589,337254,"E92000001","E19000001","E18000004","","E06000015","E05001775"
"DE221HA",10,434498,337363,"E92000001","E19000001","E18000004","","E06000015","E05001775"
"DE221HB",10,434469,337365,"E92000001","E19000001","E18000004","","E06000015","E05001775"
"DE221HD",10,434477,337476,"E92000001","E19000001","E18000004","","E06000015","E05001775"
"DE221HE",10,434443,337456,"E92000001","E19000001","E18000004","","E06000015","E05001775"
"DE221HF",10,434307,337535,"E92000001","E19000001","E18000004","","E06000015","E05001775"
"DE221HG",10,434293,337508,"E92000001","E19000001","E18000004","","E06000015","E05001775"
"DE221HH",10,434472,337556,"E92000001","E19000001","E18000004","","E06000015","E05001775"
"DE221HJ",10,434313,337430,"E92000001","E19000001","E18000004","","E06000015","E05001775"
"DE221HL",10,434280,337422,"E92000001","E19000001","E18000004","","E06000015","E05001775"
"DE221HN",10,434378,337419,"E92000001","E19000001","E18000004","","E06000015","E05001775"
"DE221HP",10,434361,337463,"E92000001","E19000001","E18000004","","E06000015","E05001775"
"DE221HQ",10,434438,337379,"E92000001","E19000001","E18000004","","E06000015","E05001775"
"DE221HR",10,434408,337382,"E92000001","E19000001","E18000004","","E06000015","E05001775"
"DE221HS",10,434575,337406,"E92000001","E19000001","E18000004","","E06000015","E05001775"
"DE221HT",10,434693,337481,"E92000001","E19000001","E18000004","","E06000015","E05001775"
"DE221HU",10,434238,337708,"E92000001","E19000001","E18000004","","E06000015","E05001775"
"DE221HW",10,434351,337578,"E92000001","E19000001","E18000004","","E06000015","E05001775"
"DE221HX",10,434354,337654,"E92000001","E19000001","E18000004","","E06000015","E05001775"
"DE221HY",10,434372,337640,"E92000001","E19000001","E18000004","","E06000015","E05001775"
"DE221HZ",10,434534,338014,"E92000001","E19000001","E18000004","","E06000015","E05001775"
"DE221JA",10,434653,338663,"E92000001","E19000001","E18000004","","E06000015","E05001775"
"DE221JB",10,434736,338132,"E92000001","E19000001","E18000004","","E06000015","E05001775"
"DE221JD",10,434643,338558,"E92000001","E19000001","E18000004","","E06000015","E05001775"
"DE221JE",10,434733,338687,"E92000001","E19000001","E18000004","","E06000015","E05001775"
"DE221JF",10,434816,339239,"E92000001","E19000001","E18000004","","E06000015","E05001768"
"DE221JG",10,434020,337508,"E92000001","E19000001","E18000004","","E06000015","E05001775"
"DE221JH",10,434700,339204,"E92000001","E19000001","E18000004","","E06000015","E05001768"
"DE221JJ",10,435156,338419,"E92000001","E19000001","E18000004","","E06000015","E05001775"
"DE221JL",10,435147,338429,"E92000001","E19000001","E18000004","","E06000015","E05001775"
"DE221JN",10,434830,339274,"E92000001","E19000001","E18000004","","E06000015","E05001768"
"DE221JP",10,435195,339008,"E92000001","E19000001","E18000004","","E06000015","E05001775"
"DE221JQ",10,435123,338438,"E92000001","E19000001","E18000004","","E06000015","E05001775"
"DE221JR",10,435225,338963,"E92000001","E19000001","E18000004","","E06000015","E05001775"
"DE221JS",10,435219,338827,"E92000001","E19000001","E18000004","","E06000015","E05001775"
"DE221JT",10,435271,338779,"E92000001","E19000001","E18000004","","E06000015","E05001775"
"DE221JU",10,434351,338218,"E92000001","E19000001","E18000004","","E06000015","E05001775"
"DE221JW",10,435175,339049,"E92000001","E19000001","E18000004","","E06000015","E05001775"
"DE221JX",10,434413,338186,"E92000001","E19000001","E18000004","","E06000015","E05001775"
"DE221JY",10,434208,338053,"E92000001","E19000001","E18000004","","E06000015","E05001775"
"DE221JZ",10,434758,339157,"E92000001","E19000001","E18000004","","E06000015","E05001768"
"DE221LA",10,434699,338814,"E92000001","E19000001","E18000004","","E06000015","E05001775"
"DE221LB",10,434697,338525,"E92000001","E19000001","E18000004","","E06000015","E05001775"
"DE221LD",10,434258,337874,"E92000001","E19000001","E18000004","","E06000015","E05001775"
"DE221WA",10,435996,335424,"E92000001","E19000001","E18000004","","E06000015","E05001770"
"DE221ZG",10,435996,335424,"E92000001","E19000001","E18000004","","E06000015","E05001770"
"DE221ZS",10,433921,338006,"E92000001","E19000001","E18000004","","E06000015","E05001768"
"DE222AA",10,434711,338863,"E92000001","E19000001","E18000004","","E06000015","E05001775"
"DE222AB",10,434560,338923,"E92000001","E19000001","E18000004","","E06000015","E05001768"
"DE222AD",10,434801,338994,"E92000001","E19000001","E18000004","","E06000015","E05001775"
"DE222AE",10,434377,339039,"E92000001","E19000001","E18000004","","E06000015","E05001768"
"DE222AF",10,434364,339002,"E92000001","E19000001","E18000004","","E06000015","E05001768"
"DE222AG",10,434455,338819,"E92000001","E19000001","E18000004","","E06000015","E05001768"
"DE222AH",10,434568,338813,"E92000001","E19000001","E18000004","","E06000015","E05001768"
"DE222AJ",10,434681,339067,"E92000001","E19000001","E18000004","","E06000015","E05001768"
"DE222AL",10,434649,339031,"E92000001","E19000001","E18000004","","E06000015","E05001768"
"DE222AN",10,434550,339045,"E92000001","E19000001","E18000004","","E06000015","E05001768"
"DE222AP",10,434522,339048,"E92000001","E19000001","E18000004","","E06000015","E05001768"
"DE222AQ",10,434584,339023,"E92000001","E19000001","E18000004","","E06000015","E05001768"
"DE222AR",10,434612,339232,"E92000001","E19000001","E18000004","","E06000015","E05001768"
"DE222AS",10,434578,339238,"E92000001","E19000001","E18000004","","E06000015","E05001768"
"DE222AT",10,434722,339353,"E92000001","E19000001","E18000004","","E06000015","E05001768"
"DE222AU",10,434749,339319,"E92000001","E19000001","E18000004","","E06000015","E05001768"
"DE222AX",10,434757,339427,"E92000001","E19000001","E18000004","","E06000015","E05001768"
"DE222AY",10,433779,339914,"E92000001","E19000001","E18000004","","E06000015","E05001768"
"DE222AZ",10,434901,339334,"E92000001","E19000001","E18000004","","E06000015","E05001768"
"DE222BA",10,434408,338867,"E92000001","E19000001","E18000004","","E06000015","E05001768"
"DE222BB",10,434336,338760,"E92000001","E19000001","E18000004","","E06000015","E05001768"
"DE222BD",10,434232,338637,"E92000001","E19000001","E18000004","","E06000015","E05001768"
"DE222BE",10,434121,338672,"E92000001","E19000001","E18000004","","E06000015","E05001768"
"DE222BG",10,434335,338677,"E92000001","E19000001","E18000004","","E06000015","E05001768"
"DE222BH",10,434287,338921,"E92000001","E19000001","E18000004","","E06000015","E05001768"
"DE222BJ",10,434238,338919,"E92000001","E19000001","E18000004","","E06000015","E05001768"
"DE222BL",10,434339,338961,"E92000001","E19000001","E18000004","","E06000015","E05001768"
"DE222BN",10,434315,338582,"E92000001","E19000001","E18000004","","E06000015","E05001768"
"DE222BP",10,434282,338461,"E92000001","E19000001","E18000004","","E06000015","E05001768"
"DE222BQ",10,434152,338516,"E92000001","E19000001","E18000004","","E06000015","E05001768"
"DE222BR",10,434421,338526,"E92000001","E19000001","E18000004","","E06000015","E05001768"
"DE222BS",10,434251,338522,"E92000001","E19000001","E18000004","","E06000015","E05001768"
"DE222BT",10,434213,338530,"E92000001","E19000001","E18000004","","E06000015","E05001768"
"DE222BU",10,434070,338521,"E92000001","E19000001","E18000004","","E06000015","E05001768"
"DE222BW",10,434174,338716,"E92000001","E19000001","E18000004","","E06000015","E05001768"
"DE222BX",10,434167,338890,"E92000001","E19000001","E18000004","","E06000015","E05001768"
"DE222BY",10,434229,338733,"E92000001","E19000001","E18000004","","E06000015","E05001768"
"DE222BZ",10,434265,338798,"E92000001","E19000001","E18000004","","E06000015","E05001768"
"DE222DA",10,434132,338876,"E92000001","E19000001","E18000004","","E06000015","E05001768"
"DE222DB",10,434085,338865,"E92000001","E19000001","E18000004","","E06000015","E05001768"
"DE222DD",10,435193,339705,"E92000001","E19000001","E18000004","","E06000015","E05001768"
"DE222DE",10,434911,339803,"E92000001","E19000001","E18000004","","E06000015","E05001768"
"DE222DF",10,435008,339576,"E92000001","E19000001","E18000004","","E06000015","E05001768"
"DE222DG",10,435079,339835,"E92000001","E19000001","E18000004","","E06000015","E05001768"
"DE222DH",10,435117,339636,"E92000001","E19000001","E18000004","","E06000015","E05001768"
"DE222DJ",10,435125,339807,"E92000001","E19000001","E18000004","","E06000015","E05001768"
"DE222DL",10,435215,339996,"E92000001","E19000001","E18000004","","E06000015","E05001768"
"DE222DN",10,435167,340052,"E92000001","E19000001","E18000004","","E06000015","E05001768"
"DE222DP",10,435367,339864,"E92000001","E19000001","E18000004","","E06000015","E05001768"
"DE222DQ",10,435353,339836,"E92000001","E19000001","E18000004","","E06000015","E05001768"
"DE222DR",10,435023,339924,"E92000001","E19000001","E18000004","","E06000015","E05001768"
"DE222DS",10,435043,339920,"E92000001","E19000001","E18000004","","E06000015","E05001768"
"DE222DT",10,434908,339854,"E92000001","E19000001","E18000004","","E06000015","E05001768"
"DE222DU",10,434753,339810,"E92000001","E19000001","E18000004","","E06000015","E05001768"
"DE222DW",10,435013,339838,"E92000001","E19000001","E18000004","","E06000015","E05001768"
"DE222DX",10,434958,339842,"E92000001","E19000001","E18000004","","E06000015","E05001768"
"DE222DY",10,434845,339755,"E92000001","E19000001","E18000004","","E06000015","E05001768"
"DE222DZ",10,434741,339722,"E92000001","E19000001","E18000004","","E06000015","E05001768"
"DE222EA",10,435006,339793,"E92000001","E19000001","E18000004","","E06000015","E05001768"
"DE222EF",10,435003,340023,"E92000001","E19000001","E18000004","","E06000015","E05001768"
"DE222EG",10,434885,340138,"E92000001","E19000001","E18000004","","E06000015","E05001768"
"DE222EH",10,435016,340133,"E92000001","E19000001","E18000004","","E06000015","E05001768"
"DE222EJ",10,435138,340280,"E92000001","E19000001","E18000004","","E06000015","E05001768"
"DE222EL",10,435176,340258,"E92000001","E19000001","E18000004","","E06000015","E05001768"
"DE222EN",10,435061,340070,"E92000001","E19000001","E18000004","","E06000015","E05001768"
"DE222EP",10,435102,340077,"E92000001","E19000001","E18000004","","E06000015","E05001768"
"DE222EQ",10,435275,340284,"E92000001","E19000001","E18000004","","E06000015","E05001768"
"DE222ER",10,435351,340304,"E92000001","E19000001","E18000004","","E06000015","E05001768"
"DE222ES",10,435383,340444,"E92000001","E19000001","E18000004","","E06000015","E05001768"
"DE222ET",10,435105,341075,"E92000001","E19000001","E18000004","E10000007","E07000032","E05008521"
"DE222EU",10,434647,340721,"E92000001","E19000001","E18000004","","E06000015","E05001768"
"DE222EW",10,435438,340187,"E92000001","E19000001","E18000004","","E06000015","E05001768"
"DE222EX",10,435439,340231,"E92000001","E19000001","E18000004","","E06000015","E05001768"
"DE222EY",10,435676,340291,"E92000001","E19000001","E18000004","","E06000015","E05001768"
"DE222EZ",10,435490,340361,"E92000001","E19000001","E18000004","","E06000015","E05001768"
"DE222FA",10,434268,339753,"E92000001","E19000001","E18000004","","E06000015","E05001768"
"DE222FB",10,435453,340354,"E92000001","E19000001","E18000004","","E06000015","E05001768"
"DE222FD",10,435458,340303,"E92000001","E19000001","E18000004","","E06000015","E05001768"
"DE222FE",10,435554,340374,"E92000001","E19000001","E18000004","","E06000015","E05001768"
"DE222FF",10,434300,339722,"E92000001","E19000001","E18000004","","E06000015","E05001768"
"DE222FG",10,434333,339691,"E92000001","E19000001","E18000004","","E06000015","E05001768"
"DE222FJ",10,434961,339667,"E92000001","E19000001","E18000004","","E06000015","E05001768"
"DE222FL",10,434926,339680,"E92000001","E19000001","E18000004","","E06000015","E05001768"
"DE222FN",10,434873,339532,"E92000001","E19000001","E18000004","","E06000015","E05001768"
"DE222FP",10,434804,339528,"E92000001","E19000001","E18000004","","E06000015","E05001768"
"DE222FQ",10,434517,339674,"E92000001","E19000001","E18000004","","E06000015","E05001768"
"DE222FR",10,434567,339696,"E92000001","E19000001","E18000004","","E06000015","E05001768"
"DE222FS",10,434447,339762,"E92000001","E19000001","E18000004","","E06000015","E05001768"
"DE222FT",10,434623,339844,"E92000001","E19000001","E18000004","","E06000015","E05001768"
"DE222FW",10,434401,339867,"E92000001","E19000001","E18000004","","E06000015","E05001768"
"DE222FX",10,434416,339903,"E92000001","E19000001","E18000004","","E06000015","E05001768"
"DE222FY",10,434250,340047,"E92000001","E19000001","E18000004","","E06000015","E05001768"
"DE222FZ",10,434235,340098,"E92000001","E19000001","E18000004","","E06000015","E05001768"
"DE222GA",10,434449,339951,"E92000001","E19000001","E18000004","","E06000015","E05001768"
"DE222GB",10,434282,339845,"E92000001","E19000001","E18000004","","E06000015","E05001768"
"DE222GD",10,434348,339836,"E92000001","E19000001","E18000004","","E06000015","E05001768"
"DE222GE",10,434283,339979,"E92000001","E19000001","E18000004","","E06000015","E05001768"
"DE222GF",10,434274,339949,"E92000001","E19000001","E18000004","","E06000015","E05001768"
"DE222GG",10,434608,339796,"E92000001","E19000001","E18000004","","E06000015","E05001768"
"DE222GH",10,434639,339713,"E92000001","E19000001","E18000004","","E06000015","E05001768"
"DE222GJ",10,433897,340197,"E92000001","E19000001","E18000004","","E06000015","E05001768"
"DE222GL",10,434281,339627,"E92000001","E19000001","E18000004","","E06000015","E05001768"
"DE222GN",10,433936,339659,"E92000001","E19000001","E18000004","","E06000015","E05001768"
"DE222GP",10,434004,339710,"E92000001","E19000001","E18000004","","E06000015","E05001768"
"DE222GQ",10,433953,340122,"E92000001","E19000001","E18000004","","E06000015","E05001768"
"DE222GR",10,433860,340014,"E92000001","E19000001","E18000004","","E06000015","E05001768"
"DE222GS",10,433910,339841,"E92000001","E19000001","E18000004","","E06000015","E05001768"
"DE222GT",10,434067,339753,"E92000001","E19000001","E18000004","","E06000015","E05001768"
"DE222GU",10,434022,339807,"E92000001","E19000001","E18000004","","E06000015","E05001768"
"DE222GW",10,434007,339867,"E92000001","E19000001","E18000004","","E06000015","E05001768"
"DE222GX",10,433991,339932,"E92000001","E19000001","E18000004","","E06000015","E05001768"
"DE222GY",10,433997,339971,"E92000001","E19000001","E18000004","","E06000015","E05001768"
"DE222GZ",10,433954,339828,"E92000001","E19000001","E18000004","","E06000015","E05001768"
"DE222HA",10,433937,339916,"E92000001","E19000001","E18000004","","E06000015","E05001768"
"DE222HB",10,433979,340041,"E92000001","E19000001","E18000004","","E06000015","E05001768"
"DE222HD",10,433980,340247,"E92000001","E19000001","E18000004","","E06000015","E05001768"
"DE222HE",10,434129,339864,"E92000001","E19000001","E18000004","","E06000015","E05001768"
"DE222HF",10,434098,340067,"E92000001","E19000001","E18000004","","E06000015","E05001768"
"DE222HG",10,434093,339823,"E92000001","E19000001","E18000004","","E06000015","E05001768"
"DE222HH",10,434056,340072,"E92000001","E19000001","E18000004","","E06000015","E05001768"
"DE222HJ",10,434145,340007,"E92000001","E19000001","E18000004","","E06000015","E05001768"
"DE222HL",10,434375,339661,"E92000001","E19000001","E18000004","","E06000015","E05001768"
"DE222HN",10,433807,339748,"E92000001","E19000001","E18000004","","E06000015","E05001768"
"DE222HP",10,433779,339836,"E92000001","E19000001","E18000004","","E06000015","E05001768"
"DE222HQ",10,434079,339457,"E92000001","E19000001","E18000004","","E06000015","E05001768"
"DE222HR",10,434037,339457,"E92000001","E19000001","E18000004","","E06000015","E05001768"
"DE222HS",10,433958,339184,"E92000001","E19000001","E18000004","","E06000015","E05001768"
"DE222HT",10,433935,339235,"E92000001","E19000001","E18000004","","E06000015","E05001768"
"DE222HU",10,434087,339297,"E92000001","E19000001","E18000004","","E06000015","E05001768"
"DE222HW",10,433837,339424,"E92000001","E19000001","E18000004","","E06000015","E05001768"
"DE222HX",10,433836,339385,"E92000001","E19000001","E18000004","","E06000015","E05001768"
"DE222HY",10,433766,339524,"E92000001","E19000001","E18000004","","E06000015","E05001768"
"DE222HZ",10,433973,339445,"E92000001","E19000001","E18000004","","E06000015","E05001768"
"DE222JA",10,433885,339490,"E92000001","E19000001","E18000004","","E06000015","E05001768"
"DE222JB",10,433967,339518,"E92000001","E19000001","E18000004","","E06000015","E05001768"
"DE222JD",10,433820,339562,"E92000001","E19000001","E18000004","","E06000015","E05001768"
"DE222JE",10,434010,339579,"E92000001","E19000001","E18000004","","E06000015","E05001768"
"DE222JF",10,433961,339586,"E92000001","E19000001","E18000004","","E06000015","E05001768"
"DE222JG",10,433885,339603,"E92000001","E19000001","E18000004","","E06000015","E05001768"
"DE222JH",10,433699,339637,"E92000001","E19000001","E18000004","","E06000015","E05001768"
"DE222JJ",10,433678,339514,"E92000001","E19000001","E18000004","","E06000015","E05001768"
"DE222JL",10,433656,339391,"E92000001","E19000001","E18000004","","E06000015","E05001768"
"DE222JN",10,433816,339339,"E92000001","E19000001","E18000004","","E06000015","E05001768"
"DE222JP",10,433807,339308,"E92000001","E19000001","E18000004","","E06000015","E05001768"
"DE222JQ",10,433779,339252,"E92000001","E19000001","E18000004","","E06000015","E05001768"
"DE222JR",10,433765,339224,"E92000001","E19000001","E18000004","","E06000015","E05001768"
"DE222JW",10,433549,338935,"E92000001","E19000001","E18000004","","E06000015","E05001768"
"DE222JX",10,433550,338874,"E92000001","E19000001","E18000004","","E06000015","E05001768"
"DE222JY",10,433746,339056,"E92000001","E19000001","E18000004","","E06000015","E05001768"
"DE222JZ",10,433531,339071,"E92000001","E19000001","E18000004","","E06000015","E05001768"
"DE222LA",10,433497,339073,"E92000001","E19000001","E18000004","","E06000015","E05001768"
"DE222LB",10,433651,339213,"E92000001","E19000001","E18000004","","E06000015","E05001768"
"DE222LD",10,433652,339156,"E92000001","E19000001","E18000004","","E06000015","E05001768"
"DE222LE",10,433516,339394,"E92000001","E19000001","E18000004","","E06000015","E05001768"
"DE222LF",10,433473,339382,"E92000001","E19000001","E18000004","","E06000015","E05001768"
"DE222LG",10,433562,339574,"E92000001","E19000001","E18000004","","E06000015","E05001768"
"DE222LH",10,433521,339588,"E92000001","E19000001","E18000004","","E06000015","E05001768"
"DE222LJ",10,433599,339265,"E92000001","E19000001","E18000004","","E06000015","E05001768"
"DE222LL",10,433610,339429,"E92000001","E19000001","E18000004","","E06000015","E05001768"
"DE222LN",10,433576,339397,"E92000001","E19000001","E18000004","","E06000015","E05001768"
"DE222LP",10,433628,339543,"E92000001","E19000001","E18000004","","E06000015","E05001768"
"DE222LQ",10,433450,339594,"E92000001","E19000001","E18000004","","E06000015","E05001768"
"DE222LR",10,433557,339163,"E92000001","E19000001","E18000004","","E06000015","E05001768"
"DE222LS",10,433489,339179,"E92000001","E19000001","E18000004","","E06000015","E05001768"
"DE222LT",10,433659,339071,"E92000001","E19000001","E18000004","","E06000015","E05001768"
"DE222LU",10,433708,339114,"E92000001","E19000001","E18000004","","E06000015","E05001768"
"DE222LW",10,433675,339770,"E92000001","E19000001","E18000004","","E06000015","E05001768"
"DE222LZ",10,433222,338841,"E92000001","E19000001","E18000004","","E06000015","E05001768"
"DE222NA",10,433233,338796,"E92000001","E19000001","E18000004","","E06000015","E05001768"
"DE222NB",10,433172,338853,"E92000001","E19000001","E18000004","","E06000015","E05001768"
"DE222ND",10,433415,338970,"E92000001","E19000001","E18000004","","E06000015","E05001768"
"DE222NE",10,433367,339073,"E92000001","E19000001","E18000004","","E06000015","E05001768"
"DE222NF",10,433294,339183,"E92000001","E19000001","E18000004","","E06000015","E05001768"
"DE222NG",10,433226,339390,"E92000001","E19000001","E18000004","","E06000015","E05001768"
"DE222NH",10,433200,339659,"E92000001","E19000001","E18000004","","E06000015","E05001768"
"DE222NJ",10,433131,338980,"E92000001","E19000001","E18000004","E10000007","E07000032","E05003300"
"DE222NL",10,433258,338988,"E92000001","E19000001","E18000004","","E06000015","E05001768"
"DE222NN",10,433237,339064,"E92000001","E19000001","E18000004","","E06000015","E05001768"
"DE222NP",10,432926,339077,"E92000001","E19000001","E18000004","E10000007","E07000032","E05003300"
"DE222NQ",10,433394,339259,"E92000001","E19000001","E18000004","","E06000015","E05001768"
"DE222NR",10,433363,339299,"E92000001","E19000001","E18000004","","E06000015","E05001768"
"DE222NS",10,433337,339358,"E92000001","E19000001","E18000004","","E06000015","E05001768"
"DE222NT",10,433276,339045,"E92000001","E19000001","E18000004","","E06000015","E05001768"
"DE222NU",10,433242,339030,"E92000001","E19000001","E18000004","","E06000015","E05001768"
"DE222NW",10,433146,338917,"E92000001","E19000001","E18000004","","E06000015","E05001768"
"DE222NX",10,433537,338676,"E92000001","E19000001","E18000004","","E06000015","E05001768"
"DE222NY",10,433568,338717,"E92000001","E19000001","E18000004","","E06000015","E05001768"
"DE222NZ",10,433625,338711,"E92000001","E19000001","E18000004","","E06000015","E05001768"
"DE222PA",10,433730,338860,"E92000001","E19000001","E18000004","","E06000015","E05001768"
"DE222PB",10,433752,338822,"E92000001","E19000001","E18000004","","E06000015","E05001768"
"DE222PD",10,433771,338934,"E92000001","E19000001","E18000004","","E06000015","E05001768"
"DE222PE",10,433600,338792,"E92000001","E19000001","E18000004","","E06000015","E05001768"
"DE222PF",10,433562,338804,"E92000001","E19000001","E18000004","","E06000015","E05001768"
"DE222PG",10,433746,339002,"E92000001","E19000001","E18000004","","E06000015","E05001768"
"DE222PH",10,434017,339093,"E92000001","E19000001","E18000004","","E06000015","E05001768"
"DE222PJ",10,434019,339125,"E92000001","E19000001","E18000004","","E06000015","E05001768"
"DE222PL",10,434122,339228,"E92000001","E19000001","E18000004","","E06000015","E05001768"
"DE222PN",10,434023,339063,"E92000001","E19000001","E18000004","","E06000015","E05001768"
"DE222PP",10,433869,339002,"E92000001","E19000001","E18000004","","E06000015","E05001768"
"DE222PQ",10,433919,338902,"E92000001","E19000001","E18000004","","E06000015","E05001768"
"DE222PR",10,433964,338781,"E92000001","E19000001","E18000004","","E06000015","E05001768"
"DE222PS",10,434002,338927,"E92000001","E19000001","E18000004","","E06000015","E05001768"
"DE222PT",10,434040,338937,"E92000001","E19000001","E18000004","","E06000015","E05001768"
"DE222PU",10,433941,339021,"E92000001","E19000001","E18000004","","E06000015","E05001768"
"DE222PW",10,433954,338902,"E92000001","E19000001","E18000004","","E06000015","E05001768"
"DE222PX",10,433804,338790,"E92000001","E19000001","E18000004","","E06000015","E05001768"
"DE222PY",10,433856,338751,"E92000001","E19000001","E18000004","","E06000015","E05001768"
"DE222PZ",10,433693,338676,"E92000001","E19000001","E18000004","","E06000015","E05001768"
"DE222QA",10,433573,338476,"E92000001","E19000001","E18000004","","E06000015","E05001768"
"DE222QB",10,433612,338479,"E92000001","E19000001","E18000004","","E06000015","E05001768"
"DE222QE",10,434009,338557,"E92000001","E19000001","E18000004","","E06000015","E05001768"
"DE222QF",10,434009,338557,"E92000001","E19000001","E18000004","","E06000015","E05001768"
"DE222QG",10,433653,338417,"E92000001","E19000001","E18000004","","E06000015","E05001768"
"DE222QH",10,433817,338650,"E92000001","E19000001","E18000004","","E06000015","E05001768"
"DE222QJ",10,433674,338349,"E92000001","E19000001","E18000004","","E06000015","E05001768"
"DE222QL",10,433799,338580,"E92000001","E19000001","E18000004","","E06000015","E05001768"
"DE222QN",10,433979,338641,"E92000001","E19000001","E18000004","","E06000015","E05001768"
"DE222QP",10,433965,338598,"E92000001","E19000001","E18000004","","E06000015","E05001768"
"DE222QQ",10,433905,338594,"E92000001","E19000001","E18000004","","E06000015","E05001768"
"DE222QR",10,434026,338456,"E92000001","E19000001","E18000004","","E06000015","E05001768"
"DE222QS",10,433823,338510,"E92000001","E19000001","E18000004","","E06000015","E05001768"
"DE222QT",10,433898,338466,"E92000001","E19000001","E18000004","","E06000015","E05001768"
"DE222QU",10,433947,338465,"E92000001","E19000001","E18000004","","E06000015","E05001768"
"DE222QW",10,433931,338207,"E92000001","E19000001","E18000004","","E06000015","E05001768"
"DE222QX",10,433981,338249,"E92000001","E19000001","E18000004","","E06000015","E05001768"
"DE222QY",10,433711,338096,"E92000001","E19000001","E18000004","","E06000015","E05001768"
"DE222QZ",10,433720,338050,"E92000001","E19000001","E18000004","","E06000015","E05001768"
"DE222RA",10,433879,338330,"E92000001","E19000001","E18000004","","E06000015","E05001768"
"DE222RB",10,433892,338272,"E92000001","E19000001","E18000004","","E06000015","E05001768"
"DE222RD",10,433817,338208,"E92000001","E19000001","E18000004","","E06000015","E05001768"
"DE222RE",10,433781,338338,"E92000001","E19000001","E18000004","","E06000015","E05001768"
"DE222RF",10,433641,338256,"E92000001","E19000001","E18000004","","E06000015","E05001768"
"DE222RG",10,433871,338449,"E92000001","E19000001","E18000004","","E06000015","E05001768"
"DE222RH",10,433738,338430,"E92000001","E19000001","E18000004","","E06000015","E05001768"
"DE222RJ",10,433760,338218,"E92000001","E19000001","E18000004","","E06000015","E05001768"
"DE222RL",10,433699,338180,"E92000001","E19000001","E18000004","","E06000015","E05001768"
"DE222RP",10,433921,338529,"E92000001","E19000001","E18000004","","E06000015","E05001768"
"DE222RQ",10,434212,339552,"E92000001","E19000001","E18000004","","E06000015","E05001768"
"DE222RR",10,434253,339575,"E92000001","E19000001","E18000004","","E06000015","E05001768"
"DE222RS",10,434220,339340,"E92000001","E19000001","E18000004","","E06000015","E05001768"
"DE222RT",10,434266,339363,"E92000001","E19000001","E18000004","","E06000015","E05001768"
"DE222RU",10,434132,339154,"E92000001","E19000001","E18000004","","E06000015","E05001768"
"DE222RW",10,434160,339105,"E92000001","E19000001","E18000004","","E06000015","E05001768"
"DE222RX",10,434157,339421,"E92000001","E19000001","E18000004","","E06000015","E05001768"
"DE222RY",10,434223,339184,"E92000001","E19000001","E18000004","","E06000015","E05001768"
"DE222RZ",10,434294,339185,"E92000001","E19000001","E18000004","","E06000015","E05001768"
"DE222SA",10,434239,339142,"E92000001","E19000001","E18000004","","E06000015","E05001768"
"DE222SB",10,434407,339452,"E92000001","E19000001","E18000004","","E06000015","E05001768"
"DE222SD",10,434442,339492,"E92000001","E19000001","E18000004","","E06000015","E05001768"
"DE222SE",10,434370,339129,"E92000001","E19000001","E18000004","","E06000015","E05001768"
"DE222SF",10,434405,339110,"E92000001","E19000001","E18000004","","E06000015","E05001768"
"DE222SG",10,434454,339239,"E92000001","E19000001","E18000004","","E06000015","E05001768"
"DE222SH",10,434477,339247,"E92000001","E19000001","E18000004","","E06000015","E05001768"
"DE222SJ",10,434332,339192,"E92000001","E19000001","E18000004","","E06000015","E05001768"
"DE222SL",10,434414,339624,"E92000001","E19000001","E18000004","","E06000015","E05001768"
"DE222SN",10,434357,339424,"E92000001","E19000001","E18000004","","E06000015","E05001768"
"DE222SP",10,434316,339408,"E92000001","E19000001","E18000004","","E06000015","E05001768"
"DE222ST",10,433273,339524,"E92000001","E19000001","E18000004","","E06000015","E05001768"
"DE222SU",10,433403,339533,"E92000001","E19000001","E18000004","","E06000015","E05001768"
"DE222SW",10,433319,339746,"E92000001","E19000001","E18000004","","E06000015","E05001768"
"DE222SX",10,433356,339655,"E92000001","E19000001","E18000004","","E06000015","E05001768"
"DE222SY",10,433442,339456,"E92000001","E19000001","E18000004","","E06000015","E05001768"
"DE222SZ",10,433331,339469,"E92000001","E19000001","E18000004","","E06000015","E05001768"
"DE222TA",10,433392,338376,"E92000001","E19000001","E18000004","","E06000015","E05001768"
"DE222TB",10,433419,338339,"E92000001","E19000001","E18000004","","E06000015","E05001768"
"DE222TD",10,433412,338524,"E92000001","E19000001","E18000004","","E06000015","E05001768"
"DE222TE",10,433531,338096,"E92000001","E19000001","E18000004","","E06000015","E05001768"
"DE222TF",10,433509,338483,"E92000001","E19000001","E18000004","","E06000015","E05001768"
"DE222TG",10,433413,338761,"E92000001","E19000001","E18000004","","E06000015","E05001768"
"DE222TH",10,433365,338684,"E92000001","E19000001","E18000004","","E06000015","E05001768"
"DE222TJ",10,433270,338717,"E92000001","E19000001","E18000004","","E06000015","E05001768"
"DE222TL",10,433284,338749,"E92000001","E19000001","E18000004","","E06000015","E05001768"
"DE222TN",10,433272,338649,"E92000001","E19000001","E18000004","","E06000015","E05001768"
"DE222TP",10,433277,338626,"E92000001","E19000001","E18000004","","E06000015","E05001768"
"DE222TQ",10,433379,338657,"E92000001","E19000001","E18000004","","E06000015","E05001768"
"DE222TR",10,433348,338497,"E92000001","E19000001","E18000004","","E06000015","E05001768"
"DE222TX",10,435478,340172,"E92000001","E19000001","E18000004","","E06000015","E05001768"
"DE222TY",10,435357,340109,"E92000001","E19000001","E18000004","","E06000015","E05001768"
"DE222TZ",10,435368,340042,"E92000001","E19000001","E18000004","","E06000015","E05001768"
"DE222UA",10,435213,339576,"E92000001","E19000001","E18000004","","E06000015","E05001768"
"DE222UB",10,435511,340139,"E92000001","E19000001","E18000004","","E06000015","E05001768"
"DE222UD",10,435552,340072,"E92000001","E19000001","E18000004","","E06000015","E05001768"
"DE222UE",10,435587,340090,"E92000001","E19000001","E18000004","","E06000015","E05001768"
"DE222UF",10,435697,340197,"E92000001","E19000001","E18000004","","E06000015","E05001768"
"DE222UG",10,435713,340124,"E92000001","E19000001","E18000004","","E06000015","E05001768"
"DE222UH",10,435414,340029,"E92000001","E19000001","E18000004","","E06000015","E05001768"
"DE222UJ",10,435208,339522,"E92000001","E19000001","E18000004","","E06000015","E05001768"
"DE222UL",10,435281,339557,"E92000001","E19000001","E18000004","","E06000015","E05001768"
"DE222UN",10,435288,339717,"E92000001","E19000001","E18000004","","E06000015","E05001768"
"DE222UP",10,435319,339769,"E92000001","E19000001","E18000004","","E06000015","E05001768"
"DE222UQ",10,435744,339977,"E92000001","E19000001","E18000004","","E06000015","E05001768"
"DE222UR",10,435441,339760,"E92000001","E19000001","E18000004","","E06000015","E05001768"
"DE222US",10,435635,339988,"E92000001","E19000001","E18000004","","E06000015","E05001768"
"DE222UT",10,435800,340140,"E92000001","E19000001","E18000004","","E06000015","E05001768"
"DE222UU",10,435621,339914,"E92000001","E19000001","E18000004","","E06000015","E05001768"
"DE222UW",10,435355,339727,"E92000001","E19000001","E18000004","","E06000015","E05001768"
"DE222UX",10,435390,339928,"E92000001","E19000001","E18000004","","E06000015","E05001768"
"DE222UY",10,435355,339979,"E92000001","E19000001","E18000004","","E06000015","E05001768"
"DE222UZ",10,435100,339464,"E92000001","E19000001","E18000004","","E06000015","E05001768"
"DE222WZ",10,435996,335424,"E92000001","E19000001","E18000004","","E06000015","E05001770"
"DE222XA",10,434104,338252,"E92000001","E19000001","E18000004","","E06000015","E05001768"
"DE222XB",10,434051,338183,"E92000001","E19000001","E18000004","","E06000015","E05001768"
"DE222XD",10,434155,338411,"E92000001","E19000001","E18000004","","E06000015","E05001768"
"DE222XE",10,434242,338316,"E92000001","E19000001","E18000004","","E06000015","E05001768"
"DE222XF",10,434312,338403,"E92000001","E19000001","E18000004","","E06000015","E05001768"
"DE222XG",10,434140,338337,"E92000001","E19000001","E18000004","","E06000015","E05001768"
"DE222XH",10,434109,338195,"E92000001","E19000001","E18000004","","E06000015","E05001768"
"DE222XJ",10,433475,338933,"E92000001","E19000001","E18000004","","E06000015","E05001768"
"DE222XL",10,434139,338352,"E92000001","E19000001","E18000004","","E06000015","E05001768"
"DE222XN",10,433403,339106,"E92000001","E19000001","E18000004","","E06000015","E05001768"
"DE222XP",10,434508,338745,"E92000001","E19000001","E18000004","","E06000015","E05001768"
"DE222XR",10,434567,338767,"E92000001","E19000001","E18000004","","E06000015","E05001768"
"DE222XS",10,434534,338672,"E92000001","E19000001","E18000004","","E06000015","E05001768"
"DE222XT",10,434473,338639,"E92000001","E19000001","E18000004","","E06000015","E05001768"
"DE222XU",10,434420,338639,"E92000001","E19000001","E18000004","","E06000015","E05001768"
"DE222XX",10,434383,338707,"E92000001","E19000001","E18000004","","E06000015","E05001768"
"DE222YA",10,433963,338509,"E92000001","E19000001","E18000004","","E06000015","E05001768"
"DE222YB",10,433962,338554,"E92000001","E19000001","E18000004","","E06000015","E05001768"
"DE223AA",10,434338,336559,"E92000001","E19000001","E18000004","","E06000015","E05001775"
"DE223AD",10,434195,336617,"E92000001","E19000001","E18000004","","E06000015","E05001775"
"DE223AF",10,434035,336682,"E92000001","E19000001","E18000004","","E06000015","E05001775"
"DE223AG",10,433882,336751,"E92000001","E19000001","E18000004","","E06000015","E05001775"
"DE223AH",10,433748,336822,"E92000001","E19000001","E18000004","","E06000015","E05001775"
"DE223AJ",10,433600,336850,"E92000001","E19000001","E18000004","","E06000015","E05001778"
"DE223AL",10,433507,336849,"E92000001","E19000001","E18000004","","E06000015","E05001778"
"DE223AN",10,434071,336723,"E92000001","E19000001","E18000004","","E06000015","E05001775"
"DE223AP",10,434099,336787,"E92000001","E19000001","E18000004","","E06000015","E05001775"
"DE223AQ",10,434101,336727,"E92000001","E19000001","E18000004","","E06000015","E05001775"
"DE223AR",10,433091,336594,"E92000001","E19000001","E18000004","","E06000015","E05001778"
"DE223AS",10,434047,336749,"E92000001","E19000001","E18000004","","E06000015","E05001775"
"DE223AT",10,433961,336770,"E92000001","E19000001","E18000004","","E06000015","E05001775"
"DE223AU",10,433885,336686,"E92000001","E19000001","E18000004","","E06000015","E05001778"
"DE223AW",10,434034,336870,"E92000001","E19000001","E18000004","","E06000015","E05001775"
"DE223AX",10,433943,336800,"E92000001","E19000001","E18000004","","E06000015","E05001775"
"DE223AY",10,433535,336697,"E92000001","E19000001","E18000004","","E06000015","E05001778"
"DE223AZ",10,433919,336821,"E92000001","E19000001","E18000004","","E06000015","E05001775"
"DE223BA",10,433846,336860,"E92000001","E19000001","E18000004","","E06000015","E05001775"
"DE223BB",10,433726,336888,"E92000001","E19000001","E18000004","","E06000015","E05001775"
"DE223BD",10,433803,336846,"E92000001","E19000001","E18000004","","E06000015","E05001775"
"DE223BE",10,433609,337028,"E92000001","E19000001","E18000004","","E06000015","E05001775"
"DE223BF",10,434190,336659,"E92000001","E19000001","E18000004","","E06000015","E05001775"
"DE223BG",10,433335,337641,"E92000001","E19000001","E18000004","","E06000015","E05001768"
"DE223BH",10,433656,336953,"E92000001","E19000001","E18000004","","E06000015","E05001775"
"DE223BJ",10,433871,336845,"E92000001","E19000001","E18000004","","E06000015","E05001775"
"DE223BL",10,434144,336906,"E92000001","E19000001","E18000004","","E06000015","E05001775"
"DE223BN",10,433317,336709,"E92000001","E19000001","E18000004","","E06000015","E05001778"
"DE223BP",10,433476,336800,"E92000001","E19000001","E18000004","","E06000015","E05001778"
"DE223BQ",10,433671,336782,"E92000001","E19000001","E18000004","","E06000015","E05001778"
"DE223BR",10,433612,336752,"E92000001","E19000001","E18000004","","E06000015","E05001778"
"DE223BS",10,433591,336663,"E92000001","E19000001","E18000004","","E06000015","E05001778"
"DE223BT",10,433488,336725,"E92000001","E19000001","E18000004","","E06000015","E05001778"
"DE223BU",10,433374,336645,"E92000001","E19000001","E18000004","","E06000015","E05001778"
"DE223BW",10,433353,336674,"E92000001","E19000001","E18000004","","E06000015","E05001778"
"DE223BX",10,433185,336530,"E92000001","E19000001","E18000004","","E06000015","E05001778"
"DE223BY",10,433220,336527,"E92000001","E19000001","E18000004","","E06000015","E05001778"
"DE223BZ",10,433108,336367,"E92000001","E19000001","E18000004","","E06000015","E05001778"
"DE223DA",10,433275,336350,"E92000001","E19000001","E18000004","","E06000015","E05001778"
"DE223DB",10,433342,336352,"E92000001","E19000001","E18000004","","E06000015","E05001778"
"DE223DD",10,433343,336488,"E92000001","E19000001","E18000004","","E06000015","E05001778"
"DE223DE",10,433403,336355,"E92000001","E19000001","E18000004","","E06000015","E05001778"
"DE223DF",10,433364,336591,"E92000001","E19000001","E18000004","","E06000015","E05001778"
"DE223DG",10,433414,336506,"E92000001","E19000001","E18000004","","E06000015","E05001778"
"DE223DH",10,433522,336437,"E92000001","E19000001","E18000004","","E06000015","E05001778"
"DE223DJ",10,433465,336528,"E92000001","E19000001","E18000004","","E06000015","E05001778"
"DE223DL",10,433483,336531,"E92000001","E19000001","E18000004","","E06000015","E05001778"
"DE223DN",10,433399,336491,"E92000001","E19000001","E18000004","","E06000015","E05001778"
"DE223DP",10,433461,336396,"E92000001","E19000001","E18000004","","E06000015","E05001778"
"DE223DQ",10,433508,336301,"E92000001","E19000001","E18000004","","E06000015","E05001778"
"DE223DR",10,434303,336624,"E92000001","E19000001","E18000004","","E06000015","E05001775"
"DE223DS",10,434122,336690,"E92000001","E19000001","E18000004","","E06000015","E05001775"
"DE223DT",10,432855,334736,"E92000001","E19000001","E18000004","","E06000015","E05001777"
"DE223DU",10,434004,336268,"E92000001","E19000001","E18000004","","E06000015","E05001778"
"DE223DW",10,433984,336251,"E92000001","E19000001","E18000004","","E06000015","E05001778"
"DE223DX",10,433935,336242,"E92000001","E19000001","E18000004","","E06000015","E05001778"
"DE223DY",10,433952,336200,"E92000001","E19000001","E18000004","","E06000015","E05001778"
"DE223DZ",10,433803,336214,"E92000001","E19000001","E18000004","","E06000015","E05001778"
"DE223EB",10,434310,336591,"E92000001","E19000001","E18000004","","E06000015","E05001775"
"DE223ED",10,434025,336211,"E92000001","E19000001","E18000004","","E06000015","E05001778"
"DE223EE",10,433643,336241,"E92000001","E19000001","E18000004","","E06000015","E05001778"
"DE223EF",10,433883,336284,"E92000001","E19000001","E18000004","","E06000015","E05001778"
"DE223EG",10,433913,336274,"E92000001","E19000001","E18000004","","E06000015","E05001778"
"DE223EH",10,433924,336408,"E92000001","E19000001","E18000004","","E06000015","E05001778"
"DE223EJ",10,433835,336390,"E92000001","E19000001","E18000004","","E06000015","E05001778"
"DE223EL",10,433829,336289,"E92000001","E19000001","E18000004","","E06000015","E05001778"
"DE223EN",10,433861,336287,"E92000001","E19000001","E18000004","","E06000015","E05001778"
"DE223EP",10,433807,336295,"E92000001","E19000001","E18000004","","E06000015","E05001778"
"DE223EQ",10,433776,336297,"E92000001","E19000001","E18000004","","E06000015","E05001778"
"DE223ER",10,433728,336321,"E92000001","E19000001","E18000004","","E06000015","E05001778"
"DE223ES",10,433755,336318,"E92000001","E19000001","E18000004","","E06000015","E05001778"
"DE223ET",10,433712,336353,"E92000001","E19000001","E18000004","","E06000015","E05001778"
"DE223EU",10,433682,336305,"E92000001","E19000001","E18000004","","E06000015","E05001778"
"DE223EW",10,433652,336319,"E92000001","E19000001","E18000004","","E06000015","E05001778"
"DE223EX",10,433362,336265,"E92000001","E19000001","E18000004","","E06000015","E05001778"
"DE223EY",10,433174,336261,"E92000001","E19000001","E18000004","","E06000015","E05001778"
"DE223EZ",10,433061,336303,"E92000001","E19000001","E18000004","","E06000015","E05001778"
"DE223FA",10,433289,336033,"E92000001","E19000001","E18000004","","E06000015","E05001767"
"DE223FB",10,433204,336340,"E92000001","E19000001","E18000004","","E06000015","E05001778"
"DE223FD",10,433285,336432,"E92000001","E19000001","E18000004","","E06000015","E05001778"
"DE223FE",10,433106,336389,"E92000001","E19000001","E18000004","","E06000015","E05001778"
"DE223FF",10,433051,336464,"E92000001","E19000001","E18000004","","E06000015","E05001778"
"DE223FG",10,433109,336503,"E92000001","E19000001","E18000004","","E06000015","E05001778"
"DE223FH",10,433000,336450,"E92000001","E19000001","E18000004","","E06000015","E05001778"
"DE223FJ",10,433259,336759,"E92000001","E19000001","E18000004","","E06000015","E05001778"
"DE223FL",10,434128,336712,"E92000001","E19000001","E18000004","","E06000015","E05001775"
"DE223FN",10,433823,336179,"E92000001","E19000001","E18000004","","E06000015","E05001767"
"DE223FP",10,433125,336195,"E92000001","E19000001","E18000004","","E06000015","E05001778"
"DE223FQ",10,434257,336552,"E92000001","E19000001","E18000004","","E06000015","E05001778"
"DE223FR",10,433837,336736,"E92000001","E19000001","E18000004","","E06000015","E05001778"
"DE223FS",10,434051,336636,"E92000001","E19000001","E18000004","","E06000015","E05001778"
"DE223FT",10,432972,336172,"E92000001","E19000001","E18000004","","E06000015","E05001778"
"DE223FW",10,433803,336757,"E92000001","E19000001","E18000004","","E06000015","E05001778"
"DE223FX",10,433536,335089,"E92000001","E19000001","E18000004","","E06000015","E05001767"
"DE223FY",10,434039,336559,"E92000001","E19000001","E18000004","","E06000015","E05001778"
"DE223FZ",10,433660,336750,"E92000001","E19000001","E18000004","","E06000015","E05001778"
"DE223GA",10,433735,336718,"E92000001","E19000001","E18000004","","E06000015","E05001778"
"DE223GB",10,433835,336695,"E92000001","E19000001","E18000004","","E06000015","E05001778"
"DE223GD",10,433765,336682,"E92000001","E19000001","E18000004","","E06000015","E05001778"
"DE223GE",10,433932,336615,"E92000001","E19000001","E18000004","","E06000015","E05001778"
"DE223GF",10,433876,336621,"E92000001","E19000001","E18000004","","E06000015","E05001778"
"DE223GG",10,433837,336608,"E92000001","E19000001","E18000004","","E06000015","E05001778"
"DE223GH",10,433699,336623,"E92000001","E19000001","E18000004","","E06000015","E05001778"
"DE223GJ",10,433721,336644,"E92000001","E19000001","E18000004","","E06000015","E05001778"
"DE223GL",10,433788,336545,"E92000001","E19000001","E18000004","","E06000015","E05001778"
"DE223GN",10,433811,336523,"E92000001","E19000001","E18000004","","E06000015","E05001778"
"DE223GP",10,433832,336511,"E92000001","E19000001","E18000004","","E06000015","E05001778"
"DE223GQ",10,433856,336509,"E92000001","E19000001","E18000004","","E06000015","E05001778"
"DE223GR",10,433916,336586,"E92000001","E19000001","E18000004","","E06000015","E05001778"
"DE223GS",10,433891,336501,"E92000001","E19000001","E18000004","","E06000015","E05001778"
"DE223GT",10,433833,336418,"E92000001","E19000001","E18000004","","E06000015","E05001778"
"DE223GU",10,433698,336461,"E92000001","E19000001","E18000004","","E06000015","E05001778"
"DE223GW",10,433664,336427,"E92000001","E19000001","E18000004","","E06000015","E05001778"
"DE223GX",10,433601,336501,"E92000001","E19000001","E18000004","","E06000015","E05001778"
"DE223GY",10,433569,336338,"E92000001","E19000001","E18000004","","E06000015","E05001778"
"DE223GZ",10,433601,336346,"E92000001","E19000001","E18000004","","E06000015","E05001778"
"DE223HA",10,433536,336318,"E92000001","E19000001","E18000004","","E06000015","E05001778"
"DE223HB",10,433704,336531,"E92000001","E19000001","E18000004","","E06000015","E05001778"
"DE223HD",10,433705,336560,"E92000001","E19000001","E18000004","","E06000015","E05001778"
"DE223HE",10,433518,336401,"E92000001","E19000001","E18000004","","E06000015","E05001778"
"DE223HF",10,433997,336798,"E92000001","E19000001","E18000004","","E06000015","E05001775"
"DE223HG",10,433257,335579,"E92000001","E19000001","E18000004","","E06000015","E05001767"
"DE223HH",10,434046,335140,"E92000001","E19000001","E18000004","","E06000015","E05001767"
"DE223HJ",10,432793,334879,"E92000001","E19000001","E18000004","","E06000015","E05001777"
"DE223HL",10,432826,335876,"E92000001","E19000001","E18000004","","E06000015","E05001777"
"DE223HN",10,432772,335187,"E92000001","E19000001","E18000004","","E06000015","E05001777"
"DE223HP",10,433195,335453,"E92000001","E19000001","E18000004","","E06000015","E05001767"
"DE223HQ",10,433913,335148,"E92000001","E19000001","E18000004","","E06000015","E05001767"
"DE223HR",10,433881,334905,"E92000001","E19000001","E18000004","","E06000015","E05001767"
"DE223HS",10,433516,335626,"E92000001","E19000001","E18000004","","E06000015","E05001767"
"DE223HT",10,433250,335499,"E92000001","E19000001","E18000004","","E06000015","E05001767"
"DE223HU",10,433628,335595,"E92000001","E19000001","E18000004","","E06000015","E05001767"
"DE223HW",10,433902,336788,"E92000001","E19000001","E18000004","","E06000015","E05001775"
"DE223HX",10,433299,335466,"E92000001","E19000001","E18000004","","E06000015","E05001767"
"DE223HY",10,433263,335375,"E92000001","E19000001","E18000004","","E06000015","E05001767"
"DE223HZ",10,433192,335193,"E92000001","E19000001","E18000004","","E06000015","E05001767"
"DE223JA",10,433474,335610,"E92000001","E19000001","E18000004","","E06000015","E05001767"
"DE223JB",10,434268,335980,"E92000001","E19000001","E18000004","","E06000015","E05001767"
"DE223JD",10,433943,335854,"E92000001","E19000001","E18000004","","E06000015","E05001767"
"DE223JF",10,433723,334994,"E92000001","E19000001","E18000004","","E06000015","E05001767"
"DE223JG",10,433707,334945,"E92000001","E19000001","E18000004","","E06000015","E05001767"
"DE223JH",10,433126,335095,"E92000001","E19000001","E18000004","","E06000015","E05001777"
"DE223JJ",10,433299,335125,"E92000001","E19000001","E18000004","","E06000015","E05001767"
"DE223JL",10,433447,335153,"E92000001","E19000001","E18000004","","E06000015","E05001767"
"DE223JN",10,433680,335255,"E92000001","E19000001","E18000004","","E06000015","E05001767"
"DE223JP",10,433824,335222,"E92000001","E19000001","E18000004","","E06000015","E05001767"
"DE223JQ",10,433917,335219,"E92000001","E19000001","E18000004","","E06000015","E05001767"
"DE223JR",10,433474,335023,"E92000001","E19000001","E18000004","","E06000015","E05001767"
"DE223JS",10,433468,335086,"E92000001","E19000001","E18000004","","E06000015","E05001767"
"DE223JT",10,433396,334991,"E92000001","E19000001","E18000004","","E06000015","E05001767"
"DE223JU",10,433356,335046,"E92000001","E19000001","E18000004","","E06000015","E05001767"
"DE223JW",10,433381,335241,"E92000001","E19000001","E18000004","","E06000015","E05001767"
"DE223JX",10,433350,335271,"E92000001","E19000001","E18000004","","E06000015","E05001767"
"DE223JY",10,433459,335369,"E92000001","E19000001","E18000004","","E06000015","E05001767"
"DE223JZ",10,433489,335258,"E92000001","E19000001","E18000004","","E06000015","E05001767"
"DE223LA",10,433845,335388,"E92000001","E19000001","E18000004","","E06000015","E05001767"
"DE223LB",10,433815,335360,"E92000001","E19000001","E18000004","","E06000015","E05001767"
"DE223LD",10,433720,335580,"E92000001","E19000001","E18000004","","E06000015","E05001767"
"DE223LE",10,433752,335571,"E92000001","E19000001","E18000004","","E06000015","E05001767"
"DE223LF",10,433553,335045,"E92000001","E19000001","E18000004","","E06000015","E05001767"
"DE223LG",10,433625,335031,"E92000001","E19000001","E18000004","","E06000015","E05001767"
"DE223LH",10,433603,335080,"E92000001","E19000001","E18000004","","E06000015","E05001767"
"DE223LJ",10,433765,335737,"E92000001","E19000001","E18000004","","E06000015","E05001767"
"DE223LL",10,433798,335790,"E92000001","E19000001","E18000004","","E06000015","E05001767"
"DE223LN",10,433689,335745,"E92000001","E19000001","E18000004","","E06000015","E05001767"
"DE223LP",10,433833,335678,"E92000001","E19000001","E18000004","","E06000015","E05001767"
"DE223LR",10,433659,335861,"E92000001","E19000001","E18000004","","E06000015","E05001767"
"DE223LS",10,433560,335723,"E92000001","E19000001","E18000004","","E06000015","E05001767"
"DE223LT",10,433344,335804,"E92000001","E19000001","E18000004","","E06000015","E05001767"
"DE223LU",10,433420,335700,"E92000001","E19000001","E18000004","","E06000015","E05001767"
"DE223LW",10,433331,335619,"E92000001","E19000001","E18000004","","E06000015","E05001767"
"DE223LX",10,433295,335703,"E92000001","E19000001","E18000004","","E06000015","E05001767"
"DE223LY",10,433170,335534,"E92000001","E19000001","E18000004","","E06000015","E05001777"
"DE223LZ",10,432712,335664,"E92000001","E19000001","E18000004","","E06000015","E05001777"
"DE223NA",10,432961,335223,"E92000001","E19000001","E18000004","","E06000015","E05001777"
"DE223NB",10,432822,335216,"E92000001","E19000001","E18000004","","E06000015","E05001777"
"DE223ND",10,433012,335193,"E92000001","E19000001","E18000004","","E06000015","E05001777"
"DE223NE",10,432746,334973,"E92000001","E19000001","E18000004","","E06000015","E05001777"
"DE223NF",10,433130,336078,"E92000001","E19000001","E18000004","","E06000015","E05001767"
"DE223NG",10,432724,335249,"E92000001","E19000001","E18000004","","E06000015","E05001777"
"DE223NH",10,433212,335866,"E92000001","E19000001","E18000004","","E06000015","E05001767"
"DE223NJ",10,433697,335800,"E92000001","E19000001","E18000004","","E06000015","E05001767"
"DE223NL",10,434428,335995,"E92000001","E19000001","E18000004","","E06000015","E05001767"
"DE223NP",10,433937,335809,"E92000001","E19000001","E18000004","","E06000015","E05001767"
"DE223NQ",10,433895,335748,"E92000001","E19000001","E18000004","","E06000015","E05001767"
"DE223NR",10,433968,335732,"E92000001","E19000001","E18000004","","E06000015","E05001767"
"DE223NS",10,434029,335796,"E92000001","E19000001","E18000004","","E06000015","E05001767"
"DE223NT",10,434369,335913,"E92000001","E19000001","E18000004","","E06000015","E05001767"
"DE223NU",10,434061,335661,"E92000001","E19000001","E18000004","","E06000015","E05001767"
"DE223NW",10,434029,335568,"E92000001","E19000001","E18000004","","E06000015","E05001767"
"DE223NX",10,433810,335526,"E92000001","E19000001","E18000004","","E06000015","E05001767"
"DE223NY",10,433960,335568,"E92000001","E19000001","E18000004","","E06000015","E05001767"
"DE223NZ",10,433987,335658,"E92000001","E19000001","E18000004","","E06000015","E05001767"
"DE223PA",10,434011,335656,"E92000001","E19000001","E18000004","","E06000015","E05001767"
"DE223PB",10,433906,335657,"E92000001","E19000001","E18000004","","E06000015","E05001767"
"DE223PD",10,433892,335518,"E92000001","E19000001","E18000004","","E06000015","E05001767"
"DE223PE",10,433901,335373,"E92000001","E19000001","E18000004","","E06000015","E05001767"
"DE223PF",10,433955,335246,"E92000001","E19000001","E18000004","","E06000015","E05001767"
"DE223PG",10,434008,335491,"E92000001","E19000001","E18000004","","E06000015","E05001767"
"DE223PH",10,434098,335519,"E92000001","E19000001","E18000004","","E06000015","E05001767"
"DE223PJ",10,434009,335468,"E92000001","E19000001","E18000004","","E06000015","E05001767"
"DE223PL",10,434018,335443,"E92000001","E19000001","E18000004","","E06000015","E05001767"
"DE223PN",10,434058,335343,"E92000001","E19000001","E18000004","","E06000015","E05001767"
"DE223PP",10,434066,335319,"E92000001","E19000001","E18000004","","E06000015","E05001767"
"DE223PQ",10,433996,335353,"E92000001","E19000001","E18000004","","E06000015","E05001767"
"DE223PR",10,434123,335453,"E92000001","E19000001","E18000004","","E06000015","E05001767"
"DE223PS",10,434159,335392,"E92000001","E19000001","E18000004","","E06000015","E05001767"
"DE223PT",10,434213,335247,"E92000001","E19000001","E18000004","","E06000015","E05001767"
"DE223PU",10,434196,335327,"E92000001","E19000001","E18000004","","E06000015","E05001767"
"DE223PW",10,434051,335381,"E92000001","E19000001","E18000004","","E06000015","E05001767"
"DE223PX",10,434049,335410,"E92000001","E19000001","E18000004","","E06000015","E05001767"
"DE223PY",10,434428,335419,"E92000001","E19000001","E18000004","","E06000015","E05001767"
"DE223QA",10,434086,335751,"E92000001","E19000001","E18000004","","E06000015","E05001767"
"DE223QB",10,434755,335854,"E92000001","E19000001","E18000004","","E06000015","E05001767"
"DE223QD",10,433538,335812,"E92000001","E19000001","E18000004","","E06000015","E05001767"
"DE223QE",10,434792,335813,"E92000001","E19000001","E18000004","","E06000015","E05001767"
"DE223QF",10,434825,335919,"E92000001","E19000001","E18000004","","E06000015","E05001767"
"DE223QG",10,434640,335793,"E92000001","E19000001","E18000004","","E06000015","E05001767"
"DE223QH",10,432724,335249,"E92000001","E19000001","E18000004","","E06000015","E05001777"
"DE223QJ",10,434669,335865,"E92000001","E19000001","E18000004","","E06000015","E05001767"
"DE223QL",10,434669,335839,"E92000001","E19000001","E18000004","","E06000015","E05001767"
"DE223QN",10,434765,335974,"E92000001","E19000001","E18000004","","E06000015","E05001767"
"DE223QP",10,434647,335987,"E92000001","E19000001","E18000004","","E06000015","E05001767"
"DE223QQ",10,433380,335852,"E92000001","E19000001","E18000004","","E06000015","E05001767"
"DE223QR",10,434702,335653,"E92000001","E19000001","E18000004","","E06000015","E05001767"
"DE223QS",10,434643,335955,"E92000001","E19000001","E18000004","","E06000015","E05001767"
"DE223QT",10,434433,335895,"E92000001","E19000001","E18000004","","E06000015","E05001767"
"DE223QU",10,434444,335928,"E92000001","E19000001","E18000004","","E06000015","E05001767"
"DE223QW",10,434166,335793,"E92000001","E19000001","E18000004","","E06000015","E05001767"
"DE223QX",10,434219,335743,"E92000001","E19000001","E18000004","","E06000015","E05001767"
"DE223QY",10,434215,335775,"E92000001","E19000001","E18000004","","E06000015","E05001767"
"DE223QZ",10,434183,335653,"E92000001","E19000001","E18000004","","E06000015","E05001767"
"DE223RA",10,434202,335677,"E92000001","E19000001","E18000004","","E06000015","E05001767"
"DE223RB",10,434179,335602,"E92000001","E19000001","E18000004","","E06000015","E05001767"
"DE223RD",10,434101,335610,"E92000001","E19000001","E18000004","","E06000015","E05001767"
"DE223RE",10,434192,335575,"E92000001","E19000001","E18000004","","E06000015","E05001767"
"DE223RF",10,434306,335833,"E92000001","E19000001","E18000004","","E06000015","E05001767"
"DE223RG",10,434357,335745,"E92000001","E19000001","E18000004","","E06000015","E05001767"
"DE223RH",10,434276,335706,"E92000001","E19000001","E18000004","","E06000015","E05001767"
"DE223RJ",10,434427,335660,"E92000001","E19000001","E18000004","","E06000015","E05001767"
"DE223RL",10,434396,335687,"E92000001","E19000001","E18000004","","E06000015","E05001767"
"DE223RQ",10,434554,335706,"E92000001","E19000001","E18000004","","E06000015","E05001767"
"DE223RR",10,434521,335591,"E92000001","E19000001","E18000004","","E06000015","E05001767"
"DE223RS",10,434114,335547,"E92000001","E19000001","E18000004","","E06000015","E05001767"
"DE223RT",10,434257,335605,"E92000001","E19000001","E18000004","","E06000015","E05001767"
"DE223RU",10,434446,335763,"E92000001","E19000001","E18000004","","E06000015","E05001767"
"DE223RW",10,434483,335749,"E92000001","E19000001","E18000004","","E06000015","E05001767"
"DE223RX",10,434337,335693,"E92000001","E19000001","E18000004","","E06000015","E05001767"
"DE223RY",10,434424,335822,"E92000001","E19000001","E18000004","","E06000015","E05001767"
"DE223RZ",10,434452,335834,"E92000001","E19000001","E18000004","","E06000015","E05001767"
"DE223SA",10,434489,335823,"E92000001","E19000001","E18000004","","E06000015","E05001767"
"DE223SB",10,434536,335834,"E92000001","E19000001","E18000004","","E06000015","E05001767"
"DE223SD",10,434659,335922,"E92000001","E19000001","E18000004","","E06000015","E05001767"
"DE223SE",10,434669,335897,"E92000001","E19000001","E18000004","","E06000015","E05001767"
"DE223SF",10,433444,335853,"E92000001","E19000001","E18000004","","E06000015","E05001767"
"DE223SG",10,433599,335755,"E92000001","E19000001","E18000004","","E06000015","E05001767"
"DE223SH",10,434794,335424,"E92000001","E19000001","E18000004","","E06000015","E05001767"
"DE223SJ",10,434869,336116,"E92000001","E19000001","E18000004","","E06000015","E05001770"
"DE223SL",10,433653,335829,"E92000001","E19000001","E18000004","","E06000015","E05001767"
"DE223SN",10,434894,335788,"E92000001","E19000001","E18000004","","E06000015","E05001770"
"DE223SP",10,434889,335948,"E92000001","E19000001","E18000004","","E06000015","E05001770"
"DE223SR",10,433715,336171,"E92000001","E19000001","E18000004","","E06000015","E05001778"
"DE223SS",10,434826,335791,"E92000001","E19000001","E18000004","","E06000015","E05001767"
"DE223ST",10,434855,335689,"E92000001","E19000001","E18000004","","E06000015","E05001770"
"DE223SU",10,434821,335686,"E92000001","E19000001","E18000004","","E06000015","E05001767"
"DE223SW",10,434842,335408,"E92000001","E19000001","E18000004","","E06000015","E05001770"
"DE223SX",10,434826,335572,"E92000001","E19000001","E18000004","","E06000015","E05001767"
"DE223SY",10,433656,336188,"E92000001","E19000001","E18000004","","E06000015","E05001778"
"DE223SZ",10,434813,335350,"E92000001","E19000001","E18000004","","E06000015","E05001767"
"DE223TA",10,434751,335323,"E92000001","E19000001","E18000004","","E06000015","E05001767"
"DE223TB",10,434712,335371,"E92000001","E19000001","E18000004","","E06000015","E05001767"
"DE223TD",10,434317,335686,"E92000001","E19000001","E18000004","","E06000015","E05001767"
"DE223TE",10,434620,335311,"E92000001","E19000001","E18000004","","E06000015","E05001767"
"DE223TF",10,434715,335300,"E92000001","E19000001","E18000004","","E06000015","E05001767"
"DE223TG",10,434566,335284,"E92000001","E19000001","E18000004","","E06000015","E05001767"
"DE223TH",10,434629,335289,"E92000001","E19000001","E18000004","","E06000015","E05001767"
"DE223TJ",10,434455,336044,"E92000001","E19000001","E18000004","","E06000015","E05001767"
"DE223TL",10,434264,335093,"E92000001","E19000001","E18000004","","E06000015","E05001767"
"DE223TN",10,434323,335094,"E92000001","E19000001","E18000004","","E06000015","E05001767"
"DE223TP",10,434299,335068,"E92000001","E19000001","E18000004","","E06000015","E05001767"
"DE223TQ",10,434120,335019,"E92000001","E19000001","E18000004","","E06000015","E05001767"
"DE223TR",10,434680,335236,"E92000001","E19000001","E18000004","","E06000015","E05001767"
"DE223TS",10,434653,335259,"E92000001","E19000001","E18000004","","E06000015","E05001767"
"DE223TT",10,434596,335226,"E92000001","E19000001","E18000004","","E06000015","E05001767"
"DE223TU",10,434104,336571,"E92000001","E19000001","E18000004","","E06000015","E05001778"
"DE223TW",10,434661,335189,"E92000001","E19000001","E18000004","","E06000015","E05001767"
"DE223TX",10,434826,336108,"E92000001","E19000001","E18000004","","E06000015","E05001767"
"DE223TY",10,434779,335315,"E92000001","E19000001","E18000004","","E06000015","E05001767"
"DE223UA",10,434768,335649,"E92000001","E19000001","E18000004","","E06000015","E05001767"
"DE223UB",10,434541,335310,"E92000001","E19000001","E18000004","","E06000015","E05001767"
"DE223UD",10,434748,335523,"E92000001","E19000001","E18000004","","E06000015","E05001767"
"DE223UE",10,434568,335352,"E92000001","E19000001","E18000004","","E06000015","E05001767"
"DE223UF",10,434667,335606,"E92000001","E19000001","E18000004","","E06000015","E05001767"
"DE223UG",10,434635,335633,"E92000001","E19000001","E18000004","","E06000015","E05001767"
"DE223UH",10,434624,335536,"E92000001","E19000001","E18000004","","E06000015","E05001767"
"DE223UJ",10,434675,335432,"E92000001","E19000001","E18000004","","E06000015","E05001767"
"DE223UL",10,434709,335540,"E92000001","E19000001","E18000004","","E06000015","E05001767"
"DE223UN",10,434711,335482,"E92000001","E19000001","E18000004","","E06000015","E05001767"
"DE223UP",10,434550,335452,"E92000001","E19000001","E18000004","","E06000015","E05001767"
"DE223UQ",10,434568,335437,"E92000001","E19000001","E18000004","","E06000015","E05001767"
"DE223UR",10,434483,335353,"E92000001","E19000001","E18000004","","E06000015","E05001767"
"DE223US",10,434584,335417,"E92000001","E19000001","E18000004","","E06000015","E05001767"
"DE223UT",10,434597,335397,"E92000001","E19000001","E18000004","","E06000015","E05001767"
"DE223UU",10,434388,335381,"E92000001","E19000001","E18000004","","E06000015","E05001767"
"DE223UW",10,434455,335331,"E92000001","E19000001","E18000004","","E06000015","E05001767"
"DE223UX",10,434374,335289,"E92000001","E19000001","E18000004","","E06000015","E05001767"
"DE223UY",10,434429,335266,"E92000001","E19000001","E18000004","","E06000015","E05001767"
"DE223UZ",10,434253,335329,"E92000001","E19000001","E18000004","","E06000015","E05001767"
"DE223WA",10,434268,335259,"E92000001","E19000001","E18000004","","E06000015","E05001767"
"DE223WB",10,434340,335180,"E92000001","E19000001","E18000004","","E06000015","E05001767"
"DE223WD",10,434339,335295,"E92000001","E19000001","E18000004","","E06000015","E05001767"
"DE223WE",10,434205,335419,"E92000001","E19000001","E18000004","","E06000015","E05001767"
"DE223WF",10,434319,335656,"E92000001","E19000001","E18000004","","E06000015","E05001767"
"DE223WG",10,434182,335407,"E92000001","E19000001","E18000004","","E06000015","E05001767"
"DE223WH",10,434178,335503,"E92000001","E19000001","E18000004","","E06000015","E05001767"
"DE223WJ",10,434306,335651,"E92000001","E19000001","E18000004","","E06000015","E05001767"
"DE223WL",10,434437,335633,"E92000001","E19000001","E18000004","","E06000015","E05001767"
"DE223WN",10,434535,335632,"E92000001","E19000001","E18000004","","E06000015","E05001767"
"DE223WP",10,434689,335697,"E92000001","E19000001","E18000004","","E06000015","E05001767"
"DE223WQ",10,433047,335129,"E92000001","E19000001","E18000004","","E06000015","E05001777"
"DE223WR",10,434782,335712,"E92000001","E19000001","E18000004","","E06000015","E05001767"
"DE223WS",10,434584,335609,"E92000001","E19000001","E18000004","","E06000015","E05001767"
"DE223WT",10,434269,335571,"E92000001","E19000001","E18000004","","E06000015","E05001767"
"DE223WY",10,434349,335606,"E92000001","E19000001","E18000004","","E06000015","E05001767"
"DE223WZ",10,434153,335953,"E92000001","E19000001","E18000004","","E06000015","E05001767"
"DE223XA",10,432897,335341,"E92000001","E19000001","E18000004","","E06000015","E05001777"
"DE223XB",10,432691,335541,"E92000001","E19000001","E18000004","","E06000015","E05001777"
"DE223XD",10,434511,335195,"E92000001","E19000001","E18000004","","E06000015","E05001767"
"DE223XE",10,434487,335172,"E92000001","E19000001","E18000004","","E06000015","E05001767"
"DE223XF",10,432941,335262,"E92000001","E19000001","E18000004","","E06000015","E05001777"
"DE223XG",10,434537,335987,"E92000001","E19000001","E18000004","","E06000015","E05001767"
"DE223XH",10,434575,335982,"E92000001","E19000001","E18000004","","E06000015","E05001767"
"DE223XJ",10,434559,336049,"E92000001","E19000001","E18000004","","E06000015","E05001767"
"DE223XL",10,434527,336007,"E92000001","E19000001","E18000004","","E06000015","E05001767"
"DE223XN",10,432920,335306,"E92000001","E19000001","E18000004","","E06000015","E05001777"
"DE223XP",10,433030,335815,"E92000001","E19000001","E18000004","","E06000015","E05001777"
"DE223YF",10,434841,336143,"E92000001","E19000001","E18000004","","E06000015","E05001767"
"DE224AA",10,433297,336930,"E92000001","E19000001","E18000004","","E06000015","E05001778"
"DE224AB",10,433131,336777,"E92000001","E19000001","E18000004","","E06000015","E05001778"
"DE224AD",10,432918,336635,"E92000001","E19000001","E18000004","","E06000015","E05001778"
"DE224AE",10,432644,336459,"E92000001","E19000001","E18000004","","E06000015","E05001778"
"DE224AF",10,432670,336416,"E92000001","E19000001","E18000004","","E06000015","E05001778"
"DE224AG",10,432806,336331,"E92000001","E19000001","E18000004","","E06000015","E05001778"
"DE224AH",10,432630,336115,"E92000001","E19000001","E18000004","","E06000015","E05001778"
"DE224AJ",10,432726,336349,"E92000001","E19000001","E18000004","","E06000015","E05001778"
"DE224AL",10,432632,336260,"E92000001","E19000001","E18000004","","E06000015","E05001778"
"DE224AN",10,432621,336180,"E92000001","E19000001","E18000004","","E06000015","E05001778"
"DE224AP",10,432592,336328,"E92000001","E19000001","E18000004","","E06000015","E05001778"
"DE224AQ",10,432614,336298,"E92000001","E19000001","E18000004","","E06000015","E05001778"
"DE224AR",10,432495,336324,"E92000001","E19000001","E18000004","","E06000015","E05001778"
"DE224AS",10,432487,336295,"E92000001","E19000001","E18000004","","E06000015","E05001778"
"DE224AT",10,432398,336379,"E92000001","E19000001","E18000004","","E06000015","E05001778"
"DE224AU",10,432412,336304,"E92000001","E19000001","E18000004","","E06000015","E05001778"
"DE224AW",10,432533,336401,"E92000001","E19000001","E18000004","","E06000015","E05001778"
"DE224AX",10,432515,336370,"E92000001","E19000001","E18000004","","E06000015","E05001778"
"DE224AY",10,432518,336558,"E92000001","E19000001","E18000004","","E06000015","E05001778"
"DE224AZ",10,432516,336709,"E92000001","E19000001","E18000004","","E06000015","E05001778"
"DE224BA",10,432465,336627,"E92000001","E19000001","E18000004","","E06000015","E05001778"
"DE224BB",10,432539,336839,"E92000001","E19000001","E18000004","","E06000015","E05001778"
"DE224BD",10,432458,336796,"E92000001","E19000001","E18000004","","E06000015","E05001778"
"DE224BE",10,432482,336810,"E92000001","E19000001","E18000004","","E06000015","E05001778"
"DE224BG",10,432487,336874,"E92000001","E19000001","E18000004","","E06000015","E05001778"
"DE224BH",10,432917,336562,"E92000001","E19000001","E18000004","","E06000015","E05001778"
"DE224BJ",10,432892,336672,"E92000001","E19000001","E18000004","","E06000015","E05001778"
"DE224BL",10,432636,336516,"E92000001","E19000001","E18000004","","E06000015","E05001778"
"DE224BN",10,432966,336725,"E92000001","E19000001","E18000004","","E06000015","E05001778"
"DE224BP",10,432787,336780,"E92000001","E19000001","E18000004","","E06000015","E05001778"
"DE224BQ",10,432635,336918,"E92000001","E19000001","E18000004","","E06000015","E05001778"
"DE224BR",10,432663,336620,"E92000001","E19000001","E18000004","","E06000015","E05001778"
"DE224BS",10,432674,336563,"E92000001","E19000001","E18000004","","E06000015","E05001778"
"DE224BT",10,432740,336728,"E92000001","E19000001","E18000004","","E06000015","E05001778"
"DE224BU",10,432637,336664,"E92000001","E19000001","E18000004","","E06000015","E05001778"
"DE224BW",10,432584,336762,"E92000001","E19000001","E18000004","","E06000015","E05001778"
"DE224BX",10,432622,336861,"E92000001","E19000001","E18000004","","E06000015","E05001778"
"DE224BY",10,432710,336883,"E92000001","E19000001","E18000004","","E06000015","E05001778"
"DE224BZ",10,432995,336790,"E92000001","E19000001","E18000004","","E06000015","E05001778"
"DE224DA",10,433049,336849,"E92000001","E19000001","E18000004","","E06000015","E05001778"
"DE224DB",10,432816,336840,"E92000001","E19000001","E18000004","","E06000015","E05001778"
"DE224DD",10,433111,336881,"E92000001","E19000001","E18000004","","E06000015","E05001778"
"DE224DE",10,433245,336963,"E92000001","E19000001","E18000004","","E06000015","E05001778"
"DE224DF",10,433189,336876,"E92000001","E19000001","E18000004","","E06000015","E05001778"
"DE224DG",10,433034,336939,"E92000001","E19000001","E18000004","","E06000015","E05001778"
"DE224DH",10,432880,337004,"E92000001","E19000001","E18000004","","E06000015","E05001778"
"DE224DJ",10,432867,336908,"E92000001","E19000001","E18000004","","E06000015","E05001778"
"DE224DL",10,433099,336993,"E92000001","E19000001","E18000004","","E06000015","E05001778"
"DE224DN",10,432961,337046,"E92000001","E19000001","E18000004","","E06000015","E05001778"
"DE224DP",10,432942,336955,"E92000001","E19000001","E18000004","","E06000015","E05001778"
"DE224DQ",10,432715,336944,"E92000001","E19000001","E18000004","","E06000015","E05001778"
"DE224DR",10,432773,337022,"E92000001","E19000001","E18000004","","E06000015","E05001778"
"DE224DS",10,431137,336652,"E92000001","E19000001","E18000004","E10000007","E07000032","E05003300"
"DE224DT",10,431134,336655,"E92000001","E19000001","E18000004","E10000007","E07000032","E05003300"
"DE224DW",10,432507,337114,"E92000001","E19000001","E18000004","","E06000015","E05001778"
"DE224DX",10,432346,337150,"E92000001","E19000001","E18000004","","E06000015","E05001778"
"DE224DY",10,432585,337131,"E92000001","E19000001","E18000004","","E06000015","E05001778"
"DE224DZ",10,432428,337194,"E92000001","E19000001","E18000004","","E06000015","E05001778"
"DE224EA",10,432365,337112,"E92000001","E19000001","E18000004","","E06000015","E05001778"
"DE224EB",10,432291,337068,"E92000001","E19000001","E18000004","","E06000015","E05001778"
"DE224ED",10,432222,336963,"E92000001","E19000001","E18000004","","E06000015","E05001778"
"DE224EE",10,432166,337268,"E92000001","E19000001","E18000004","","E06000015","E05001778"
"DE224EF",10,432182,337075,"E92000001","E19000001","E18000004","","E06000015","E05001778"
"DE224EG",10,432124,337195,"E92000001","E19000001","E18000004","","E06000015","E05001778"
"DE224EH",10,432076,337180,"E92000001","E19000001","E18000004","","E06000015","E05001778"
"DE224EJ",10,432075,337145,"E92000001","E19000001","E18000004","","E06000015","E05001778"
"DE224EL",10,432039,337156,"E92000001","E19000001","E18000004","","E06000015","E05001778"
"DE224EN",10,432079,336915,"E92000001","E19000001","E18000004","","E06000015","E05001778"
"DE224EP",10,432082,337098,"E92000001","E19000001","E18000004","","E06000015","E05001778"
"DE224EQ",10,431956,337171,"E92000001","E19000001","E18000004","","E06000015","E05001778"
"DE224ER",10,431801,336970,"E92000001","E19000001","E18000004","","E06000015","E05001778"
"DE224ES",10,432140,336911,"E92000001","E19000001","E18000004","","E06000015","E05001778"
"DE224ET",10,431999,336879,"E92000001","E19000001","E18000004","","E06000015","E05001778"
"DE224EU",10,431880,336978,"E92000001","E19000001","E18000004","","E06000015","E05001778"
"DE224EW",10,431861,336890,"E92000001","E19000001","E18000004","","E06000015","E05001778"
"DE224EX",10,432054,336834,"E92000001","E19000001","E18000004","","E06000015","E05001778"
"DE224EY",10,432387,337039,"E92000001","E19000001","E18000004","","E06000015","E05001778"
"DE224EZ",10,432402,337009,"E92000001","E19000001","E18000004","","E06000015","E05001778"
"DE224FB",10,431830,336289,"E92000001","E19000001","E18000004","","E06000015","E05001778"
"DE224FD",10,432146,336433,"E92000001","E19000001","E18000004","","E06000015","E05001778"
"DE224FE",10,431871,336182,"E92000001","E19000001","E18000004","","E06000015","E05001778"
"DE224FF",10,432459,336998,"E92000001","E19000001","E18000004","","E06000015","E05001778"
"DE224FG",10,432355,336958,"E92000001","E19000001","E18000004","","E06000015","E05001778"
"DE224FH",10,432287,336894,"E92000001","E19000001","E18000004","","E06000015","E05001778"
"DE224FJ",10,432261,336847,"E92000001","E19000001","E18000004","","E06000015","E05001778"
"DE224FL",10,432208,336748,"E92000001","E19000001","E18000004","","E06000015","E05001778"
"DE224FN",10,432069,336545,"E92000001","E19000001","E18000004","","E06000015","E05001778"
"DE224FP",10,432142,336688,"E92000001","E19000001","E18000004","","E06000015","E05001778"
"DE224FQ",10,432122,336386,"E92000001","E19000001","E18000004","","E06000015","E05001778"
"DE224FR",10,432215,336262,"E92000001","E19000001","E18000004","","E06000015","E05001778"
"DE224FS",10,432252,336122,"E92000001","E19000001","E18000004","","E06000015","E05001778"
"DE224FT",10,432238,336344,"E92000001","E19000001","E18000004","","E06000015","E05001778"
"DE224FW",10,432256,336054,"E92000001","E19000001","E18000004","","E06000015","E05001778"
"DE224FX",10,432516,336101,"E92000001","E19000001","E18000004","","E06000015","E05001778"
"DE224FY",10,432378,336125,"E92000001","E19000001","E18000004","","E06000015","E05001778"
"DE224FZ",10,432411,336144,"E92000001","E19000001","E18000004","","E06000015","E05001778"
"DE224GA",10,432488,336130,"E92000001","E19000001","E18000004","","E06000015","E05001778"
"DE224GB",10,432529,336178,"E92000001","E19000001","E18000004","","E06000015","E05001778"
"DE224GD",10,432361,336198,"E92000001","E19000001","E18000004","","E06000015","E05001778"
"DE224GE",10,432306,336301,"E92000001","E19000001","E18000004","","E06000015","E05001778"
"DE224GF",10,432347,336332,"E92000001","E19000001","E18000004","","E06000015","E05001778"
"DE224GG",10,432439,336532,"E92000001","E19000001","E18000004","","E06000015","E05001778"
"DE224GH",10,432343,336588,"E92000001","E19000001","E18000004","","E06000015","E05001778"
"DE224GJ",10,432391,336681,"E92000001","E19000001","E18000004","","E06000015","E05001778"
"DE224GL",10,432370,336761,"E92000001","E19000001","E18000004","","E06000015","E05001778"
"DE224GN",10,432412,336592,"E92000001","E19000001","E18000004","","E06000015","E05001778"
"DE224GP",10,432460,336667,"E92000001","E19000001","E18000004","","E06000015","E05001778"
"DE224GQ",10,432460,336749,"E92000001","E19000001","E18000004","","E06000015","E05001778"
"DE224GR",10,432310,336703,"E92000001","E19000001","E18000004","","E06000015","E05001778"
"DE224GS",10,432240,336650,"E92000001","E19000001","E18000004","","E06000015","E05001778"
"DE224GT",10,432289,336369,"E92000001","E19000001","E18000004","","E06000015","E05001778"
"DE224GU",10,432380,336438,"E92000001","E19000001","E18000004","","E06000015","E05001778"
"DE224GW",10,432111,336052,"E92000001","E19000001","E18000004","","E06000015","E05001778"
"DE224GX",10,431981,337300,"E92000001","E19000001","E18000004","","E06000015","E05001778"
"DE224GY",10,431838,337121,"E92000001","E19000001","E18000004","","E06000015","E05001778"
"DE224GZ",10,431802,337142,"E92000001","E19000001","E18000004","","E06000015","E05001778"
"DE224HA",10,431625,336865,"E92000001","E19000001","E18000004","","E06000015","E05001778"
"DE224HB",10,431604,336907,"E92000001","E19000001","E18000004","","E06000015","E05001778"
"DE224HD",10,431807,336942,"E92000001","E19000001","E18000004","","E06000015","E05001778"
"DE224HE",10,431732,336902,"E92000001","E19000001","E18000004","","E06000015","E05001778"
"DE224HF",10,431710,337020,"E92000001","E19000001","E18000004","","E06000015","E05001778"
"DE224HG",10,431474,336716,"E92000001","E19000001","E18000004","","E06000015","E05001778"
"DE224HH",10,431459,336752,"E92000001","E19000001","E18000004","","E06000015","E05001778"
"DE224HJ",10,431381,336660,"E92000001","E19000001","E18000004","","E06000015","E05001778"
"DE224HL",10,431401,336574,"E92000001","E19000001","E18000004","","E06000015","E05001778"
"DE224HN",10,431463,336481,"E92000001","E19000001","E18000004","","E06000015","E05001778"
"DE224HP",10,431604,336459,"E92000001","E19000001","E18000004","","E06000015","E05001778"
"DE224HQ",10,431283,336507,"E92000001","E19000001","E18000004","","E06000015","E05001778"
"DE224HR",10,431316,336566,"E92000001","E19000001","E18000004","","E06000015","E05001778"
"DE224HS",10,431342,336460,"E92000001","E19000001","E18000004","","E06000015","E05001778"
"DE224HT",10,431705,336437,"E92000001","E19000001","E18000004","","E06000015","E05001778"
"DE224HU",10,431572,336521,"E92000001","E19000001","E18000004","","E06000015","E05001778"
"DE224HW",10,431488,336625,"E92000001","E19000001","E18000004","","E06000015","E05001778"
"DE224HX",10,431571,336709,"E92000001","E19000001","E18000004","","E06000015","E05001778"
"DE224HY",10,431434,336576,"E92000001","E19000001","E18000004","","E06000015","E05001778"
"DE224HZ",10,431503,336589,"E92000001","E19000001","E18000004","","E06000015","E05001778"
"DE224JA",10,431559,336610,"E92000001","E19000001","E18000004","","E06000015","E05001778"
"DE224JB",10,431532,336690,"E92000001","E19000001","E18000004","","E06000015","E05001778"
"DE224JD",10,431641,336654,"E92000001","E19000001","E18000004","","E06000015","E05001778"
"DE224JE",10,431662,336779,"E92000001","E19000001","E18000004","","E06000015","E05001778"
"DE224JF",10,431718,336876,"E92000001","E19000001","E18000004","","E06000015","E05001778"
"DE224JG",10,431810,336776,"E92000001","E19000001","E18000004","","E06000015","E05001778"
"DE224JH",10,432114,336111,"E92000001","E19000001","E18000004","","E06000015","E05001778"
"DE224JJ",10,432025,336332,"E92000001","E19000001","E18000004","","E06000015","E05001778"
"DE224JL",10,432091,336323,"E92000001","E19000001","E18000004","","E06000015","E05001778"
"DE224JN",10,432083,336642,"E92000001","E19000001","E18000004","","E06000015","E05001778"
"DE224JP",10,432099,336722,"E92000001","E19000001","E18000004","","E06000015","E05001778"
"DE224JQ",10,432199,336852,"E92000001","E19000001","E18000004","","E06000015","E05001778"
"DE224JR",10,432003,336773,"E92000001","E19000001","E18000004","","E06000015","E05001778"
"DE224JS",10,431877,336720,"E92000001","E19000001","E18000004","","E06000015","E05001778"
"DE224JT",10,431933,336559,"E92000001","E19000001","E18000004","","E06000015","E05001778"
"DE224JU",10,431878,336813,"E92000001","E19000001","E18000004","","E06000015","E05001778"
"DE224JW",10,431907,336516,"E92000001","E19000001","E18000004","","E06000015","E05001778"
"DE224JX",10,432034,336565,"E92000001","E19000001","E18000004","","E06000015","E05001778"
"DE224JY",10,431972,336730,"E92000001","E19000001","E18000004","","E06000015","E05001778"
"DE224JZ",10,431891,336549,"E92000001","E19000001","E18000004","","E06000015","E05001778"
"DE224LA",10,431904,336595,"E92000001","E19000001","E18000004","","E06000015","E05001778"
"DE224LB",10,431753,336621,"E92000001","E19000001","E18000004","","E06000015","E05001778"
"DE224LD",10,431553,336582,"E92000001","E19000001","E18000004","","E06000015","E05001778"
"DE224LE",10,431809,336516,"E92000001","E19000001","E18000004","","E06000015","E05001778"
"DE224LF",10,431833,336690,"E92000001","E19000001","E18000004","","E06000015","E05001778"
"DE224LG",10,431775,336557,"E92000001","E19000001","E18000004","","E06000015","E05001778"
"DE224LH",10,431768,336687,"E92000001","E19000001","E18000004","","E06000015","E05001778"
"DE224LJ",10,431710,336676,"E92000001","E19000001","E18000004","","E06000015","E05001778"
"DE224LL",10,431682,336718,"E92000001","E19000001","E18000004","","E06000015","E05001778"
"DE224LN",10,431740,336508,"E92000001","E19000001","E18000004","","E06000015","E05001778"
"DE224LP",10,431734,336462,"E92000001","E19000001","E18000004","","E06000015","E05001778"
"DE224LQ",10,431917,336445,"E92000001","E19000001","E18000004","","E06000015","E05001778"
"DE224LS",10,431982,336611,"E92000001","E19000001","E18000004","","E06000015","E05001778"
"DE224LT",10,432020,336260,"E92000001","E19000001","E18000004","","E06000015","E05001778"
"DE224LU",10,431743,337100,"E92000001","E19000001","E18000004","","E06000015","E05001778"
"DE224LW",10,431503,336828,"E92000001","E19000001","E18000004","","E06000015","E05001778"
"DE224LX",10,431177,336252,"E92000001","E19000001","E18000004","","E06000015","E05001779"
"DE224LY",10,431592,337572,"E92000001","E19000001","E18000004","E10000007","E07000032","E05003300"
"DE224LZ",10,431393,337598,"E92000001","E19000001","E18000004","E10000007","E07000032","E05003300"
"DE224NA",10,430963,337860,"E92000001","E19000001","E18000004","E10000007","E07000032","E05003300"
"DE224NB",10,431294,337622,"E92000001","E19000001","E18000004","E10000007","E07000032","E05003300"
"DE224ND",10,430587,338134,"E92000001","E19000001","E18000004","E10000007","E07000032","E05003300"
"DE224NE",10,429983,337851,"E92000001","E19000001","E18000004","E10000007","E07000032","E05003300"
"DE224NF",10,431344,337823,"E92000001","E19000001","E18000004","E10000007","E07000032","E05003300"
"DE224NG",10,431667,337736,"E92000001","E19000001","E18000004","E10000007","E07000032","E05003300"
"DE224NH",10,432997,337922,"E92000001","E19000001","E18000004","","E06000015","E05001768"
"DE224NJ",10,432069,336261,"E92000001","E19000001","E18000004","","E06000015","E05001778"
"DE224NL",10,432077,336270,"E92000001","E19000001","E18000004","","E06000015","E05001778"
"DE224NN",10,431924,336372,"E92000001","E19000001","E18000004","","E06000015","E05001778"
"DE224NP",10,432025,336378,"E92000001","E19000001","E18000004","","E06000015","E05001778"
"DE224NR",10,431195,336637,"E92000001","E19000001","E18000004","E10000007","E07000032","E05003300"
"DE224NS",10,431213,336692,"E92000001","E19000001","E18000004","E10000007","E07000032","E05003300"
"DE224NW",10,431883,336262,"E92000001","E19000001","E18000004","","E06000015","E05001778"
"DE224NY",10,431018,336773,"E92000001","E19000001","E18000004","E10000007","E07000032","E05003300"
"DE224NZ",10,431006,336746,"E92000001","E19000001","E18000004","E10000007","E07000032","E05003300"
"DE224PB",10,431108,336630,"E92000001","E19000001","E18000004","E10000007","E07000032","E05003300"
"DE224PD",50,431108,336630,"E92000001","E19000001","E18000004","E10000007","E07000032","E05003300"
"DE224PJ",10,431019,337852,"E92000001","E19000001","E18000004","E10000007","E07000032","E05003300"
"DE225JA",10,433361,340823,"E92000001","E19000001","E18000004","E10000007","E07000032","E05003300"
"DE225JB",10,433252,340105,"E92000001","E19000001","E18000004","E10000007","E07000032","E05003300"
"DE225JD",10,432344,340860,"E92000001","E19000001","E18000004","E10000007","E07000032","E05003300"
"DE225JE",10,433388,340754,"E92000001","E19000001","E18000004","E10000007","E07000032","E05003300"
"DE225JF",10,433284,340018,"E92000001","E19000001","E18000004","E10000007","E07000032","E05003300"
"DE225JG",10,433257,339967,"E92000001","E19000001","E18000004","E10000007","E07000032","E05003300"
"DE225JH",10,431230,340328,"E92000001","E19000001","E18000004","E10000007","E07000032","E05003300"
"DE225JJ",10,430440,341168,"E92000001","E19000001","E18000004","E10000007","E07000032","E05003300"
"DE225JL",10,430679,342097,"E92000001","E19000001","E18000004","E10000007","E07000032","E05003300"
"DE225JN",10,431641,339070,"E92000001","E19000001","E18000004","E10000007","E07000032","E05003300"
"DE225JP",10,429907,340352,"E92000001","E19000001","E18000004","E10000007","E07000032","E05003300"
"DE225JQ",10,430149,341271,"E92000001","E19000001","E18000004","E10000007","E07000032","E05003300"
"DE225JR",10,434510,341148,"E92000001","E19000001","E18000004","E10000007","E07000032","E05003300"
"DE225JS",10,433725,341111,"E92000001","E19000001","E18000004","E10000007","E07000032","E05003300"
"DE225JT",10,434060,341254,"E92000001","E19000001","E18000004","E10000007","E07000032","E05003300"
"DE225JU",10,433839,340930,"E92000001","E19000001","E18000004","E10000007","E07000032","E05003300"
"DE225JW",10,433725,341172,"E92000001","E19000001","E18000004","E10000007","E07000032","E05003300"
"DE225JX",10,433536,341214,"E92000001","E19000001","E18000004","E10000007","E07000032","E05003300"
"DE225JY",10,433444,341404,"E92000001","E19000001","E18000004","E10000007","E07000032","E05003300"
"DE225JZ",10,433602,341138,"E92000001","E19000001","E18000004","E10000007","E07000032","E05003300"
"DE225LA",10,433879,341238,"E92000001","E19000001","E18000004","E10000007","E07000032","E05003300"
"DE225LB",10,432641,341599,"E92000001","E19000001","E18000004","E10000007","E07000032","E05003300"
"DE225LD",10,432985,341660,"E92000001","E19000001","E18000004","E10000007","E07000032","E05003300"
"DE225LE",10,432553,341814,"E92000001","E19000001","E18000004","E10000007","E07000032","E05003300"
"DE225LF",10,432686,342301,"E92000001","E19000001","E18000004","E10000007","E07000032","E05003300"
"DE225LG",10,431321,343296,"E92000001","E19000001","E18000004","E10000007","E07000032","E05003300"
"DE231BT",10,433080,333517,"E92000001","E19000001","E18000004","","E06000015","E05001771"
"DE231BU",10,432994,333512,"E92000001","E19000001","E18000004","","E06000015","E05001771"
"DE231BY",10,433195,333613,"E92000001","E19000001","E18000004","","E06000015","E05001771"
"DE231BZ",10,433203,333545,"E92000001","E19000001","E18000004","","E06000015","E05001771"
"DE231DA",10,433538,333585,"E92000001","E19000001","E18000004","","E06000015","E05001771"
"DE231DB",10,433581,333548,"E92000001","E19000001","E18000004","","E06000015","E05001771"
"DE231DD",10,433659,333639,"E92000001","E19000001","E18000004","","E06000015","E05001771"
"DE231DE",10,433528,333473,"E92000001","E19000001","E18000004","","E06000015","E05001771"
"DE231DF",10,433349,333229,"E92000001","E19000001","E18000004","","E06000015","E05001771"
"DE231DG",10,433285,333416,"E92000001","E19000001","E18000004","","E06000015","E05001771"
"DE231DH",10,433337,333448,"E92000001","E19000001","E18000004","","E06000015","E05001771"
"DE231DJ",10,433280,333567,"E92000001","E19000001","E18000004","","E06000015","E05001771"
"DE231DL",10,433402,333510,"E92000001","E19000001","E18000004","","E06000015","E05001771"
"DE231DN",10,433336,333771,"E92000001","E19000001","E18000004","","E06000015","E05001771"
"DE231DP",10,433385,333347,"E92000001","E19000001","E18000004","","E06000015","E05001771"
"DE231DQ",10,433795,333577,"E92000001","E19000001","E18000004","","E06000015","E05001771"
"DE231DR",10,433698,333614,"E92000001","E19000001","E18000004","","E06000015","E05001771"
"DE231DT",10,433569,333462,"E92000001","E19000001","E18000004","","E06000015","E05001771"
"DE231DW",10,433325,333262,"E92000001","E19000001","E18000004","","E06000015","E05001771"
"DE231FB",10,433257,333742,"E92000001","E19000001","E18000004","","E06000015","E05001777"
"DE231FD",10,433124,333731,"E92000001","E19000001","E18000004","","E06000015","E05001777"
"DE231FE",10,433163,333668,"E92000001","E19000001","E18000004","","E06000015","E05001777"
"DE231FF",10,433274,332974,"E92000001","E19000001","E18000004","","E06000015","E05001771"
"DE231FG",10,433216,333026,"E92000001","E19000001","E18000004","","E06000015","E05001771"
"DE231FH",10,433021,333396,"E92000001","E19000001","E18000004","","E06000015","E05001771"
"DE231FJ",10,433068,333374,"E92000001","E19000001","E18000004","","E06000015","E05001771"
"DE231FL",10,433051,333186,"E92000001","E19000001","E18000004","","E06000015","E05001771"
"DE231FN",10,433069,333301,"E92000001","E19000001","E18000004","","E06000015","E05001771"
"DE231FP",10,433187,332969,"E92000001","E19000001","E18000004","","E06000015","E05001771"
"DE231FQ",10,433126,333154,"E92000001","E19000001","E18000004","","E06000015","E05001771"
"DE231FT",10,433242,333336,"E92000001","E19000001","E18000004","","E06000015","E05001771"
"DE231FW",10,433206,333249,"E92000001","E19000001","E18000004","","E06000015","E05001771"
"DE231FX",10,433429,332824,"E92000001","E19000001","E18000004","","E06000015","E05001771"
"DE231FY",10,433475,332769,"E92000001","E19000001","E18000004","","E06000015","E05001771"
"DE231FZ",10,433421,332888,"E92000001","E19000001","E18000004","","E06000015","E05001771"
"DE231GA",10,433587,332794,"E92000001","E19000001","E18000004","","E06000015","E05001771"
"DE231GB",10,433506,332915,"E92000001","E19000001","E18000004","","E06000015","E05001771"
"DE231GD",10,433496,332872,"E92000001","E19000001","E18000004","","E06000015","E05001771"
"DE231GE",10,433426,332960,"E92000001","E19000001","E18000004","","E06000015","E05001771"
"DE231GF",10,433153,333375,"E92000001","E19000001","E18000004","","E06000015","E05001771"
"DE231GG",10,433490,333107,"E92000001","E19000001","E18000004","","E06000015","E05001771"
"DE231GJ",10,434301,333325,"E92000001","E19000001","E18000004","","E06000015","E05001780"
"DE231GL",10,434342,333219,"E92000001","E19000001","E18000004","","E06000015","E05001780"
"DE231GN",10,434271,333229,"E92000001","E19000001","E18000004","","E06000015","E05001780"
"DE231GP",10,434249,333166,"E92000001","E19000001","E18000004","","E06000015","E05001780"
"DE231GQ",10,433990,333065,"E92000001","E19000001","E18000004","","E06000015","E05001771"
"DE231GR",10,433883,333002,"E92000001","E19000001","E18000004","","E06000015","E05001771"
"DE231GS",10,434043,333208,"E92000001","E19000001","E18000004","","E06000015","E05001771"
"DE231GT",10,433861,333094,"E92000001","E19000001","E18000004","","E06000015","E05001771"
"DE231GU",10,433875,333059,"E92000001","E19000001","E18000004","","E06000015","E05001771"
"DE231GW",10,433768,332960,"E92000001","E19000001","E18000004","","E06000015","E05001771"
"DE231GX",10,433796,333133,"E92000001","E19000001","E18000004","","E06000015","E05001771"
"DE231GY",10,433843,332824,"E92000001","E19000001","E18000004","","E06000015","E05001771"
"DE231GZ",10,433789,332739,"E92000001","E19000001","E18000004","","E06000015","E05001771"
"DE231HA",10,433764,332820,"E92000001","E19000001","E18000004","","E06000015","E05001771"
"DE231HB",10,433858,332702,"E92000001","E19000001","E18000004","","E06000015","E05001771"
"DE231HD",10,433859,332576,"E92000001","E19000001","E18000004","","E06000015","E05001771"
"DE231HE",10,433886,332534,"E92000001","E19000001","E18000004","","E06000015","E05001771"
"DE231HF",10,433961,332787,"E92000001","E19000001","E18000004","","E06000015","E05001771"
"DE231HG",10,434006,332791,"E92000001","E19000001","E18000004","","E06000015","E05001771"
"DE231HH",10,433950,332817,"E92000001","E19000001","E18000004","","E06000015","E05001771"
"DE231HJ",10,433968,332933,"E92000001","E19000001","E18000004","","E06000015","E05001771"
"DE231HL",10,434154,333382,"E92000001","E19000001","E18000004","","E06000015","E05001771"
"DE231HW",10,433726,332920,"E92000001","E19000001","E18000004","","E06000015","E05001771"
"DE231HX",10,433693,332896,"E92000001","E19000001","E18000004","","E06000015","E05001771"
"DE231HY",10,433727,332848,"E92000001","E19000001","E18000004","","E06000015","E05001771"
"DE231HZ",10,433820,332005,"E92000001","E19000001","E18000004","","E06000015","E05001771"
"DE231JA",10,434713,334021,"E92000001","E19000001","E18000004","","E06000015","E05001780"
"DE231JB",10,434631,333982,"E92000001","E19000001","E18000004","","E06000015","E05001780"
"DE231JD",10,434647,333946,"E92000001","E19000001","E18000004","","E06000015","E05001780"
"DE231JE",10,434401,333817,"E92000001","E19000001","E18000004","","E06000015","E05001780"
"DE231JF",10,434446,333780,"E92000001","E19000001","E18000004","","E06000015","E05001780"
"DE231JG",10,434258,333515,"E92000001","E19000001","E18000004","","E06000015","E05001771"
"DE231JH",10,434280,333568,"E92000001","E19000001","E18000004","","E06000015","E05001771"
"DE231JJ",10,434260,333377,"E92000001","E19000001","E18000004","","E06000015","E05001780"
"DE231JL",10,434117,333181,"E92000001","E19000001","E18000004","","E06000015","E05001771"
"DE231JN",10,434142,333131,"E92000001","E19000001","E18000004","","E06000015","E05001780"
"DE231JP",10,434137,332916,"E92000001","E19000001","E18000004","","E06000015","E05001780"
"DE231JQ",10,434213,332755,"E92000001","E19000001","E18000004","","E06000015","E05001771"
"DE231JR",10,434299,332612,"E92000001","E19000001","E18000004","","E06000015","E05001771"
"DE231JS",10,434394,332462,"E92000001","E19000001","E18000004","","E06000015","E05001771"
"DE231JT",10,434316,333365,"E92000001","E19000001","E18000004","","E06000015","E05001780"
"DE231JU",10,434162,332761,"E92000001","E19000001","E18000004","","E06000015","E05001771"
"DE231JW",10,434238,332596,"E92000001","E19000001","E18000004","","E06000015","E05001771"
"DE231JX",10,434407,332579,"E92000001","E19000001","E18000004","","E06000015","E05001780"
"DE231JY",10,434460,332526,"E92000001","E19000001","E18000004","","E06000015","E05001780"
"DE231JZ",10,434390,332672,"E92000001","E19000001","E18000004","","E06000015","E05001780"
"DE231LA",10,434402,332717,"E92000001","E19000001","E18000004","","E06000015","E05001780"
"DE231LB",10,434290,332793,"E92000001","E19000001","E18000004","","E06000015","E05001780"
"DE231LD",10,434249,332866,"E92000001","E19000001","E18000004","","E06000015","E05001780"
"DE231LE",10,434098,332758,"E92000001","E19000001","E18000004","","E06000015","E05001771"
"DE231LF",10,433899,332871,"E92000001","E19000001","E18000004","","E06000015","E05001771"
"DE231LG",10,433390,331282,"E92000001","E19000001","E18000004","E10000007","E07000039","E05008820"
"DE231LH",10,433816,332428,"E92000001","E19000001","E18000004","","E06000015","E05001771"
"DE231LJ",10,433843,332350,"E92000001","E19000001","E18000004","","E06000015","E05001771"
"DE231LL",10,433782,332161,"E92000001","E19000001","E18000004","","E06000015","E05001771"
"DE231LN",10,433756,332191,"E92000001","E19000001","E18000004","","E06000015","E05001771"
"DE231LP",10,433692,331922,"E92000001","E19000001","E18000004","","E06000015","E05001771"
"DE231LQ",10,433926,332399,"E92000001","E19000001","E18000004","","E06000015","E05001771"
"DE231LR",10,433983,332225,"E92000001","E19000001","E18000004","","E06000015","E05001771"
"DE231LS",10,433929,332490,"E92000001","E19000001","E18000004","","E06000015","E05001771"
"DE231LT",10,433965,332603,"E92000001","E19000001","E18000004","","E06000015","E05001771"
"DE231LU",10,434007,332564,"E92000001","E19000001","E18000004","","E06000015","E05001771"
"DE231LW",10,434105,332636,"E92000001","E19000001","E18000004","","E06000015","E05001771"
"DE231LX",10,434009,332646,"E92000001","E19000001","E18000004","","E06000015","E05001771"
"DE231LY",10,434050,332676,"E92000001","E19000001","E18000004","","E06000015","E05001771"
"DE231LZ",10,434044,332365,"E92000001","E19000001","E18000004","","E06000015","E05001771"
"DE231NA",10,434110,332522,"E92000001","E19000001","E18000004","","E06000015","E05001771"
"DE231NB",10,434000,332443,"E92000001","E19000001","E18000004","","E06000015","E05001771"
"DE231ND",10,434117,332589,"E92000001","E19000001","E18000004","","E06000015","E05001771"
"DE231NE",10,434155,332479,"E92000001","E19000001","E18000004","","E06000015","E05001771"
"DE231NF",10,433996,332114,"E92000001","E19000001","E18000004","","E06000015","E05001771"
"DE231NG",10,433922,332297,"E92000001","E19000001","E18000004","","E06000015","E05001771"
"DE231NH",10,433905,332196,"E92000001","E19000001","E18000004","","E06000015","E05001771"
"DE231NJ",10,433608,332006,"E92000001","E19000001","E18000004","","E06000015","E05001771"
"DE231NL",10,433934,332044,"E92000001","E19000001","E18000004","","E06000015","E05001771"
"DE231NN",10,433836,332119,"E92000001","E19000001","E18000004","","E06000015","E05001771"
"DE231NQ",10,433734,331863,"E92000001","E19000001","E18000004","","E06000015","E05001771"
"DE231NR",10,434395,333533,"E92000001","E19000001","E18000004","","E06000015","E05001780"
"DE231PR",10,434229,332670,"E92000001","E19000001","E18000004","","E06000015","E05001771"
"DE231PS",10,433665,332455,"E92000001","E19000001","E18000004","","E06000015","E05001771"
"DE231PT",10,433716,332482,"E92000001","E19000001","E18000004","","E06000015","E05001771"
"DE231PU",10,433459,332632,"E92000001","E19000001","E18000004","","E06000015","E05001771"
"DE231PW",10,433498,332663,"E92000001","E19000001","E18000004","","E06000015","E05001771"
"DE231PX",10,433400,332713,"E92000001","E19000001","E18000004","","E06000015","E05001771"
"DE231PY",10,433354,332844,"E92000001","E19000001","E18000004","","E06000015","E05001771"
"DE231PZ",10,433644,332699,"E92000001","E19000001","E18000004","","E06000015","E05001771"
"DE231QA",10,433615,332708,"E92000001","E19000001","E18000004","","E06000015","E05001771"
"DE231QB",10,433675,332575,"E92000001","E19000001","E18000004","","E06000015","E05001771"
"DE231QD",10,433787,332614,"E92000001","E19000001","E18000004","","E06000015","E05001771"
"DE231QE",10,433732,332652,"E92000001","E19000001","E18000004","","E06000015","E05001771"
"DE231QF",10,433752,332509,"E92000001","E19000001","E18000004","","E06000015","E05001771"
"DE231QW",10,434291,333488,"E92000001","E19000001","E18000004","","E06000015","E05001780"
"DE231RA",10,434414,332999,"E92000001","E19000001","E18000004","","E06000015","E05001780"
"DE231RB",10,434275,332943,"E92000001","E19000001","E18000004","","E06000015","E05001780"
"DE231RD",10,434466,332987,"E92000001","E19000001","E18000004","","E06000015","E05001780"
"DE231RE",10,434156,332933,"E92000001","E19000001","E18000004","","E06000015","E05001780"
"DE231RF",10,434309,332992,"E92000001","E19000001","E18000004","","E06000015","E05001780"
"DE231RG",10,434181,333092,"E92000001","E19000001","E18000004","","E06000015","E05001780"
"DE231RH",10,434415,332817,"E92000001","E19000001","E18000004","","E06000015","E05001780"
"DE231RJ",10,434238,333090,"E92000001","E19000001","E18000004","","E06000015","E05001780"
"DE231RL",10,434324,333117,"E92000001","E19000001","E18000004","","E06000015","E05001780"
"DE231TL",10,433724,333486,"E92000001","E19000001","E18000004","","E06000015","E05001771"
"DE231TN",10,433760,333445,"E92000001","E19000001","E18000004","","E06000015","E05001771"
"DE231TP",10,433188,333170,"E92000001","E19000001","E18000004","","E06000015","E05001771"
"DE231TR",10,433568,333418,"E92000001","E19000001","E18000004","","E06000015","E05001771"
"DE231TS",10,433642,333426,"E92000001","E19000001","E18000004","","E06000015","E05001771"
"DE231TW",10,433723,333408,"E92000001","E19000001","E18000004","","E06000015","E05001771"
"DE231TX",10,434191,332648,"E92000001","E19000001","E18000004","","E06000015","E05001771"
"DE231WA",10,434046,333300,"E92000001","E19000001","E18000004","","E06000015","E05001771"
"DE231WB",10,433967,333345,"E92000001","E19000001","E18000004","","E06000015","E05001771"
"DE231WD",10,433605,333314,"E92000001","E19000001","E18000004","","E06000015","E05001771"
"DE231WF",10,433713,333038,"E92000001","E19000001","E18000004","","E06000015","E05001771"
"DE231WG",10,433743,333164,"E92000001","E19000001","E18000004","","E06000015","E05001771"
"DE231WH",10,433705,333149,"E92000001","E19000001","E18000004","","E06000015","E05001771"
"DE231WJ",10,433813,333095,"E92000001","E19000001","E18000004","","E06000015","E05001771"
"DE231WL",10,433818,333203,"E92000001","E19000001","E18000004","","E06000015","E05001771"
"DE231WN",10,433871,333225,"E92000001","E19000001","E18000004","","E06000015","E05001771"
"DE231WP",10,434300,332359,"E92000001","E19000001","E18000004","","E06000015","E05001771"
"DE231WQ",10,433680,333074,"E92000001","E19000001","E18000004","","E06000015","E05001771"
"DE231XA",10,434307,332397,"E92000001","E19000001","E18000004","","E06000015","E05001771"
"DE231XF",10,434248,332354,"E92000001","E19000001","E18000004","","E06000015","E05001771"
"DE231XP",10,434140,332217,"E92000001","E19000001","E18000004","","E06000015","E05001771"
"DE231XQ",10,434098,332279,"E92000001","E19000001","E18000004","","E06000015","E05001771"
"DE231XY",10,434392,332405,"E92000001","E19000001","E18000004","","E06000015","E05001771"
"DE232FP",10,432382,332075,"E92000001","E19000001","E18000004","E10000007","E07000039","E05008822"
"DE232FR",10,432932,333191,"E92000001","E19000001","E18000004","","E06000015","E05001771"
"DE232FS",10,432794,333141,"E92000001","E19000001","E18000004","","E06000015","E05001771"
"DE232FU",10,433582,331866,"E92000001","E19000001","E18000004","","E06000015","E05001771"
"DE232GG",10,432981,333073,"E92000001","E19000001","E18000004","","E06000015","E05001771"
"DE232GH",10,432974,333157,"E92000001","E19000001","E18000004","","E06000015","E05001771"
"DE232HS",10,433637,331945,"E92000001","E19000001","E18000004","","E06000015","E05001771"
"DE232JT",10,433582,331941,"E92000001","E19000001","E18000004","","E06000015","E05001771"
"DE232LG",10,433670,332274,"E92000001","E19000001","E18000004","","E06000015","E05001771"
"DE232NP",10,433739,332287,"E92000001","E19000001","E18000004","","E06000015","E05001771"
"DE232NR",10,433435,332403,"E92000001","E19000001","E18000004","","E06000015","E05001771"
"DE232NS",10,433481,332477,"E92000001","E19000001","E18000004","","E06000015","E05001771"
"DE232NT",10,433498,332408,"E92000001","E19000001","E18000004","","E06000015","E05001771"
"DE232NU",10,433555,332419,"E92000001","E19000001","E18000004","","E06000015","E05001771"
"DE232NW",10,433626,332424,"E92000001","E19000001","E18000004","","E06000015","E05001771"
"DE232NX",10,433599,332380,"E92000001","E19000001","E18000004","","E06000015","E05001771"
"DE232NY",10,433559,332267,"E92000001","E19000001","E18000004","","E06000015","E05001771"
"DE232NZ",10,433646,332176,"E92000001","E19000001","E18000004","","E06000015","E05001771"
"DE232PA",10,433456,332118,"E92000001","E19000001","E18000004","","E06000015","E05001771"
"DE232PB",10,433430,332086,"E92000001","E19000001","E18000004","","E06000015","E05001771"
"DE232PD",10,433356,332226,"E92000001","E19000001","E18000004","","E06000015","E05001771"
"DE232PE",10,433280,332309,"E92000001","E19000001","E18000004","","E06000015","E05001771"
"DE232PF",10,433450,332145,"E92000001","E19000001","E18000004","","E06000015","E05001771"
"DE232PG",10,433272,332195,"E92000001","E19000001","E18000004","","E06000015","E05001771"
"DE232PH",10,433326,332174,"E92000001","E19000001","E18000004","","E06000015","E05001771"
"DE232PJ",10,433272,332161,"E92000001","E19000001","E18000004","","E06000015","E05001771"
"DE232PL",10,433131,332316,"E92000001","E19000001","E18000004","","E06000015","E05001771"
"DE232PN",10,433175,332353,"E92000001","E19000001","E18000004","","E06000015","E05001771"
"DE232PP",10,433176,332133,"E92000001","E19000001","E18000004","","E06000015","E05001771"
"DE232PQ",10,433275,332071,"E92000001","E19000001","E18000004","","E06000015","E05001771"
"DE232QG",10,433340,332647,"E92000001","E19000001","E18000004","","E06000015","E05001771"
"DE232QH",10,433258,332527,"E92000001","E19000001","E18000004","","E06000015","E05001771"
"DE232QJ",10,433268,332371,"E92000001","E19000001","E18000004","","E06000015","E05001771"
"DE232QL",10,433410,332332,"E92000001","E19000001","E18000004","","E06000015","E05001771"
"DE232QN",10,433517,332224,"E92000001","E19000001","E18000004","","E06000015","E05001771"
"DE232QP",10,433628,332122,"E92000001","E19000001","E18000004","","E06000015","E05001771"
"DE232QQ",10,433392,332384,"E92000001","E19000001","E18000004","","E06000015","E05001771"
"DE232QR",10,433394,332501,"E92000001","E19000001","E18000004","","E06000015","E05001771"
"DE232QS",10,433416,332582,"E92000001","E19000001","E18000004","","E06000015","E05001771"
"DE232QT",10,433353,332491,"E92000001","E19000001","E18000004","","E06000015","E05001771"
"DE232QU",10,433314,332423,"E92000001","E19000001","E18000004","","E06000015","E05001771"
"DE232RY",10,432906,333053,"E92000001","E19000001","E18000004","","E06000015","E05001771"
"DE232TA",10,433046,332936,"E92000001","E19000001","E18000004","","E06000015","E05001771"
"DE232TD",10,433099,332940,"E92000001","E19000001","E18000004","","E06000015","E05001771"
"DE232TE",10,433077,332822,"E92000001","E19000001","E18000004","","E06000015","E05001771"
"DE232TF",10,433060,332763,"E92000001","E19000001","E18000004","","E06000015","E05001771"
"DE232TG",10,432980,332907,"E92000001","E19000001","E18000004","","E06000015","E05001771"
"DE232TZ",10,433124,332755,"E92000001","E19000001","E18000004","","E06000015","E05001771"
"DE232UB",10,433603,331830,"E92000001","E19000001","E18000004","","E06000015","E05001771"
"DE232UR",10,432941,332842,"E92000001","E19000001","E18000004","","E06000015","E05001771"
"DE232UT",10,432878,332964,"E92000001","E19000001","E18000004","","E06000015","E05001771"
"DE232UU",10,432940,332958,"E92000001","E19000001","E18000004","","E06000015","E05001771"
"DE232UX",10,432904,332802,"E92000001","E19000001","E18000004","","E06000015","E05001771"
"DE232UY",10,432838,332880,"E92000001","E19000001","E18000004","","E06000015","E05001771"
"DE232UZ",10,432793,332931,"E92000001","E19000001","E18000004","","E06000015","E05001771"
"DE232XE",10,433221,332065,"E92000001","E19000001","E18000004","","E06000015","E05001771"
"DE232XL",10,433015,332111,"E92000001","E19000001","E18000004","","E06000015","E05001771"
"DE232XN",10,433160,332063,"E92000001","E19000001","E18000004","","E06000015","E05001771"
"DE232YS",10,433027,332177,"E92000001","E19000001","E18000004","","E06000015","E05001771"
"DE233AA",50,432200,333509,"E92000001","E19000001","E18000004","","E06000015","E05001777"
"DE233BF",10,431801,333207,"E92000001","E19000001","E18000004","","E06000015","E05001777"
"DE233BR",10,433016,333643,"E92000001","E19000001","E18000004","","E06000015","E05001771"
"DE233BS",10,433088,333669,"E92000001","E19000001","E18000004","","E06000015","E05001771"
"DE233BW",10,432937,333468,"E92000001","E19000001","E18000004","","E06000015","E05001771"
"DE233BX",10,432974,333416,"E92000001","E19000001","E18000004","","E06000015","E05001771"
"DE233DS",10,432812,334121,"E92000001","E19000001","E18000004","","E06000015","E05001777"
"DE233DT",10,432659,334176,"E92000001","E19000001","E18000004","","E06000015","E05001777"
"DE233DU",10,432911,333982,"E92000001","E19000001","E18000004","","E06000015","E05001777"
"DE233DW",10,432798,334049,"E92000001","E19000001","E18000004","","E06000015","E05001777"
"DE233DX",10,432908,333929,"E92000001","E19000001","E18000004","","E06000015","E05001777"
"DE233EJ",10,432937,333540,"E92000001","E19000001","E18000004","","E06000015","E05001771"
"DE233EL",10,432798,333454,"E92000001","E19000001","E18000004","","E06000015","E05001771"
"DE233EN",10,432688,333409,"E92000001","E19000001","E18000004","","E06000015","E05001771"
"DE233EP",10,432719,333486,"E92000001","E19000001","E18000004","","E06000015","E05001771"
"DE233EQ",10,432737,333562,"E92000001","E19000001","E18000004","","E06000015","E05001771"
"DE233ER",10,432797,333602,"E92000001","E19000001","E18000004","","E06000015","E05001771"
"DE233ES",10,432785,333663,"E92000001","E19000001","E18000004","","E06000015","E05001771"
"DE233ET",10,432928,333743,"E92000001","E19000001","E18000004","","E06000015","E05001771"
"DE233EU",10,432876,333634,"E92000001","E19000001","E18000004","","E06000015","E05001771"
"DE233EW",10,432838,333775,"E92000001","E19000001","E18000004","","E06000015","E05001771"
"DE233EX",10,432908,333650,"E92000001","E19000001","E18000004","","E06000015","E05001771"
"DE233EY",10,432918,333829,"E92000001","E19000001","E18000004","","E06000015","E05001771"
"DE233EZ",10,432868,333789,"E92000001","E19000001","E18000004","","E06000015","E05001771"
"DE233FB",10,432837,333930,"E92000001","E19000001","E18000004","","E06000015","E05001771"
"DE233HN",10,431932,333249,"E92000001","E19000001","E18000004","","E06000015","E05001777"
"DE233HR",10,431842,333292,"E92000001","E19000001","E18000004","","E06000015","E05001777"
"DE233HT",10,431864,333306,"E92000001","E19000001","E18000004","","E06000015","E05001777"
"DE233NJ",10,432230,332744,"E92000001","E19000001","E18000004","","E06000015","E05001777"
"DE233RJ",10,432086,333193,"E92000001","E19000001","E18000004","","E06000015","E05001777"
"DE233RL",10,432108,332973,"E92000001","E19000001","E18000004","","E06000015","E05001777"
"DE233RN",10,432051,332746,"E92000001","E19000001","E18000004","","E06000015","E05001777"
"DE233RR",10,431968,333364,"E92000001","E19000001","E18000004","","E06000015","E05001777"
"DE233RW",10,431778,332697,"E92000001","E19000001","E18000004","","E06000015","E05001777"
"DE233RZ",10,432159,332800,"E92000001","E19000001","E18000004","","E06000015","E05001777"
"DE233SA",10,432412,333965,"E92000001","E19000001","E18000004","","E06000015","E05001777"
"DE233SB",10,432467,334008,"E92000001","E19000001","E18000004","","E06000015","E05001777"
"DE233SD",10,432413,333798,"E92000001","E19000001","E18000004","","E06000015","E05001777"
"DE233SE",10,432367,333910,"E92000001","E19000001","E18000004","","E06000015","E05001777"
"DE233SF",10,432310,333816,"E92000001","E19000001","E18000004","","E06000015","E05001777"
"DE233SG",10,432369,333764,"E92000001","E19000001","E18000004","","E06000015","E05001777"
"DE233SH",10,432493,334015,"E92000001","E19000001","E18000004","","E06000015","E05001777"
"DE233SJ",10,432567,334092,"E92000001","E19000001","E18000004","","E06000015","E05001777"
"DE233SL",10,432493,333647,"E92000001","E19000001","E18000004","","E06000015","E05001777"
"DE233SN",10,432510,334072,"E92000001","E19000001","E18000004","","E06000015","E05001777"
"DE233SP",10,432468,333596,"E92000001","E19000001","E18000004","","E06000015","E05001777"
"DE233SQ",10,432485,333698,"E92000001","E19000001","E18000004","","E06000015","E05001777"
"DE233SR",10,432236,333653,"E92000001","E19000001","E18000004","","E06000015","E05001777"
"DE233SS",10,432239,333561,"E92000001","E19000001","E18000004","","E06000015","E05001777"
"DE233ST",10,432430,333487,"E92000001","E19000001","E18000004","","E06000015","E05001777"
"DE233SU",10,432346,333623,"E92000001","E19000001","E18000004","","E06000015","E05001777"
"DE233SW",10,432362,333515,"E92000001","E19000001","E18000004","","E06000015","E05001777"
"DE233SX",10,432351,333695,"E92000001","E19000001","E18000004","","E06000015","E05001777"
"DE233SY",10,432323,333662,"E92000001","E19000001","E18000004","","E06000015","E05001777"
"DE233SZ",10,431765,333227,"E92000001","E19000001","E18000004","","E06000015","E05001777"
"DE233TB",10,431800,333170,"E92000001","E19000001","E18000004","","E06000015","E05001777"
"DE233TH",10,431742,332758,"E92000001","E19000001","E18000004","","E06000015","E05001777"
"DE233TJ",10,432117,332800,"E92000001","E19000001","E18000004","","E06000015","E05001777"
"DE233TQ",10,431743,332728,"E92000001","E19000001","E18000004","","E06000015","E05001777"
"DE233TT",10,431865,332732,"E92000001","E19000001","E18000004","","E06000015","E05001777"
"DE233TU",10,431935,332810,"E92000001","E19000001","E18000004","","E06000015","E05001777"
"DE233TX",10,431604,332813,"E92000001","E19000001","E18000004","","E06000015","E05001777"
"DE233TY",10,431933,332756,"E92000001","E19000001","E18000004","","E06000015","E05001777"
"DE233TZ",10,431622,332897,"E92000001","E19000001","E18000004","","E06000015","E05001777"
"DE233UA",10,432576,332740,"E92000001","E19000001","E18000004","","E06000015","E05001777"
"DE233UB",10,432635,332813,"E92000001","E19000001","E18000004","","E06000015","E05001777"
"DE233UD",10,432400,332975,"E92000001","E19000001","E18000004","","E06000015","E05001777"
"DE233UE",10,432018,332893,"E92000001","E19000001","E18000004","","E06000015","E05001777"
"DE233UF",10,431880,332776,"E92000001","E19000001","E18000004","","E06000015","E05001777"
"DE233UG",10,431932,332771,"E92000001","E19000001","E18000004","","E06000015","E05001777"
"DE233UH",10,432311,333028,"E92000001","E19000001","E18000004","","E06000015","E05001777"
"DE233UJ",10,431859,332921,"E92000001","E19000001","E18000004","","E06000015","E05001777"
"DE233UL",10,432100,333115,"E92000001","E19000001","E18000004","","E06000015","E05001777"
"DE233UN",10,431916,332887,"E92000001","E19000001","E18000004","","E06000015","E05001777"
"DE233UP",10,431786,332866,"E92000001","E19000001","E18000004","","E06000015","E05001777"
"DE233UQ",10,432570,332909,"E92000001","E19000001","E18000004","","E06000015","E05001777"
"DE233UR",10,432505,332636,"E92000001","E19000001","E18000004","","E06000015","E05001777"
"DE233US",10,431990,333193,"E92000001","E19000001","E18000004","","E06000015","E05001777"
"DE233UT",10,432555,332816,"E92000001","E19000001","E18000004","","E06000015","E05001777"
"DE233UU",10,432509,332803,"E92000001","E19000001","E18000004","","E06000015","E05001777"
"DE233UW",10,432475,332619,"E92000001","E19000001","E18000004","","E06000015","E05001777"
"DE233UX",50,432509,332803,"E92000001","E19000001","E18000004","","E06000015","E05001777"
"DE233UY",50,432509,332803,"E92000001","E19000001","E18000004","","E06000015","E05001777"
"DE233UZ",50,432475,332619,"E92000001","E19000001","E18000004","","E06000015","E05001777"
"DE233WB",50,432058,333038,"E92000001","E19000001","E18000004","","E06000015","E05001777"
"DE233WE",10,432058,333038,"E92000001","E19000001","E18000004","","E06000015","E05001777"
"DE233WF",50,432058,333038,"E92000001","E19000001","E18000004","","E06000015","E05001777"
"DE233WG",50,432058,333038,"E92000001","E19000001","E18000004","","E06000015","E05001777"
"DE233WP",10,432360,333440,"E92000001","E19000001","E18000004","","E06000015","E05001777"
"DE233WR",10,432244,333417,"E92000001","E19000001","E18000004","","E06000015","E05001777"
"DE233WS",10,432204,333281,"E92000001","E19000001","E18000004","","E06000015","E05001777"
"DE233WT",10,432106,333263,"E92000001","E19000001","E18000004","","E06000015","E05001777"
"DE233WU",10,432165,333331,"E92000001","E19000001","E18000004","","E06000015","E05001777"
"DE233WW",10,432194,333115,"E92000001","E19000001","E18000004","","E06000015","E05001777"
"DE233WX",10,431917,332968,"E92000001","E19000001","E18000004","","E06000015","E05001777"
"DE233WY",10,431809,332966,"E92000001","E19000001","E18000004","","E06000015","E05001777"
"DE233WZ",10,431817,333001,"E92000001","E19000001","E18000004","","E06000015","E05001777"
"DE233XB",10,432308,332948,"E92000001","E19000001","E18000004","","E06000015","E05001777"
"DE233XG",10,432250,333200,"E92000001","E19000001","E18000004","","E06000015","E05001777"
"DE233XH",10,432157,332914,"E92000001","E19000001","E18000004","","E06000015","E05001777"
"DE233XJ",10,432189,332958,"E92000001","E19000001","E18000004","","E06000015","E05001777"
"DE233XR",10,432198,333196,"E92000001","E19000001","E18000004","","E06000015","E05001777"
"DE233XS",10,432314,333177,"E92000001","E19000001","E18000004","","E06000015","E05001777"
"DE233XT",10,432324,333279,"E92000001","E19000001","E18000004","","E06000015","E05001777"
"DE233XU",10,431702,332826,"E92000001","E19000001","E18000004","","E06000015","E05001777"
"DE233XW",10,432240,332801,"E92000001","E19000001","E18000004","","E06000015","E05001777"
"DE233XX",10,432264,332916,"E92000001","E19000001","E18000004","","E06000015","E05001777"
"DE233XZ",10,432318,333751,"E92000001","E19000001","E18000004","","E06000015","E05001777"
"DE233YA",10,432198,332615,"E92000001","E19000001","E18000004","","E06000015","E05001777"
"DE233YB",10,432139,332657,"E92000001","E19000001","E18000004","","E06000015","E05001777"
"DE233YD",10,432212,332635,"E92000001","E19000001","E18000004","","E06000015","E05001777"
"DE233YE",10,432128,332592,"E92000001","E19000001","E18000004","","E06000015","E05001777"
"DE233YF",10,432144,332555,"E92000001","E19000001","E18000004","","E06000015","E05001777"
"DE233YG",10,432394,332591,"E92000001","E19000001","E18000004","","E06000015","E05001777"
"DE233YH",10,432392,332662,"E92000001","E19000001","E18000004","","E06000015","E05001777"
"DE233YJ",10,432321,332514,"E92000001","E19000001","E18000004","","E06000015","E05001777"
"DE233YP",10,432315,332855,"E92000001","E19000001","E18000004","","E06000015","E05001777"
"DE233YT",10,432000,332766,"E92000001","E19000001","E18000004","","E06000015","E05001777"
"DE233YU",10,432479,332706,"E92000001","E19000001","E18000004","","E06000015","E05001777"
"DE233YW",10,432466,332773,"E92000001","E19000001","E18000004","","E06000015","E05001777"
"DE233YX",10,432189,332513,"E92000001","E19000001","E18000004","","E06000015","E05001777"
"DE233YY",10,432208,332410,"E92000001","E19000001","E18000004","","E06000015","E05001777"
"DE233YZ",10,432261,332493,"E92000001","E19000001","E18000004","","E06000015","E05001777"
"DE233ZA",10,432015,333482,"E92000001","E19000001","E18000004","","E06000015","E05001777"
"DE233ZB",10,432265,332413,"E92000001","E19000001","E18000004","","E06000015","E05001777"
"DE233ZE",10,432186,333362,"E92000001","E19000001","E18000004","","E06000015","E05001777"
"DE233ZF",10,432124,333441,"E92000001","E19000001","E18000004","","E06000015","E05001777"
"DE233ZH",10,432323,333320,"E92000001","E19000001","E18000004","","E06000015","E05001777"
"DE233ZJ",10,432200,333509,"E92000001","E19000001","E18000004","","E06000015","E05001777"
"DE234AA",10,430994,333443,"E92000001","E19000001","E18000004","","E06000015","E05001777"
"DE234AB",10,431317,333502,"E92000001","E19000001","E18000004","","E06000015","E05001777"
"DE234AD",10,431226,333287,"E92000001","E19000001","E18000004","","E06000015","E05001777"
"DE234AE",10,431190,333233,"E92000001","E19000001","E18000004","","E06000015","E05001777"
"DE234AF",10,431468,333174,"E92000001","E19000001","E18000004","","E06000015","E05001777"
"DE234AG",10,431410,333156,"E92000001","E19000001","E18000004","","E06000015","E05001777"
"DE234AH",10,431294,333451,"E92000001","E19000001","E18000004","","E06000015","E05001777"
"DE234AJ",10,431491,332947,"E92000001","E19000001","E18000004","","E06000015","E05001777"
"DE234AL",10,431377,332798,"E92000001","E19000001","E18000004","","E06000015","E05001777"
"DE234AN",10,431321,332616,"E92000001","E19000001","E18000004","","E06000015","E05001777"
"DE234AP",10,430973,332307,"E92000001","E19000001","E18000004","E10000007","E07000039","E05008811"
"DE234AQ",10,431503,333038,"E92000001","E19000001","E18000004","","E06000015","E05001777"
"DE234AR",10,431435,332944,"E92000001","E19000001","E18000004","","E06000015","E05001777"
"DE234AS",10,431105,332578,"E92000001","E19000001","E18000004","","E06000015","E05001777"
"DE234AT",10,431075,332558,"E92000001","E19000001","E18000004","","E06000015","E05001777"
"DE234AU",10,431471,333510,"E92000001","E19000001","E18000004","","E06000015","E05001777"
"DE234AW",10,431359,333492,"E92000001","E19000001","E18000004","","E06000015","E05001777"
"DE234AX",10,431401,333539,"E92000001","E19000001","E18000004","","E06000015","E05001777"
"DE234AY",10,431538,333088,"E92000001","E19000001","E18000004","","E06000015","E05001777"
"DE234AZ",10,432083,333619,"E92000001","E19000001","E18000004","","E06000015","E05001777"
"DE234BA",10,432375,334074,"E92000001","E19000001","E18000004","","E06000015","E05001777"
"DE234BB",10,432223,333918,"E92000001","E19000001","E18000004","","E06000015","E05001777"
"DE234BD",10,432130,333752,"E92000001","E19000001","E18000004","","E06000015","E05001777"
"DE234BE",10,431771,333443,"E92000001","E19000001","E18000004","","E06000015","E05001777"
"DE234BG",10,431731,333284,"E92000001","E19000001","E18000004","","E06000015","E05001777"
"DE234BH",10,431622,333130,"E92000001","E19000001","E18000004","","E06000015","E05001777"
"DE234BJ",10,431476,333280,"E92000001","E19000001","E18000004","","E06000015","E05001777"
"DE234BL",10,431491,333237,"E92000001","E19000001","E18000004","","E06000015","E05001777"
"DE234BN",10,431357,333351,"E92000001","E19000001","E18000004","","E06000015","E05001777"
"DE234BP",10,431407,333415,"E92000001","E19000001","E18000004","","E06000015","E05001777"
"DE234BQ",10,431260,333364,"E92000001","E19000001","E18000004","","E06000015","E05001777"
"DE234BU",10,431667,333102,"E92000001","E19000001","E18000004","","E06000015","E05001777"
"DE234BX",10,431884,333151,"E92000001","E19000001","E18000004","","E06000015","E05001777"
"DE234BY",10,432116,333813,"E92000001","E19000001","E18000004","","E06000015","E05001777"
"DE234BZ",10,431889,333660,"E92000001","E19000001","E18000004","","E06000015","E05001777"
"DE234DJ",10,431561,333041,"E92000001","E19000001","E18000004","","E06000015","E05001777"
"DE234DL",10,431233,332598,"E92000001","E19000001","E18000004","","E06000015","E05001777"
"DE234DX",10,432314,334519,"E92000001","E19000001","E18000004","","E06000015","E05001777"
"DE234DY",10,432289,334477,"E92000001","E19000001","E18000004","","E06000015","E05001777"
"DE234DZ",10,432374,334466,"E92000001","E19000001","E18000004","","E06000015","E05001777"
"DE234EA",10,432460,334347,"E92000001","E19000001","E18000004","","E06000015","E05001777"
"DE234EB",10,432520,334376,"E92000001","E19000001","E18000004","","E06000015","E05001777"
"DE234ED",10,432195,334435,"E92000001","E19000001","E18000004","","E06000015","E05001777"
"DE234EE",10,432204,334365,"E92000001","E19000001","E18000004","","E06000015","E05001777"
"DE234EF",10,432426,334503,"E92000001","E19000001","E18000004","","E06000015","E05001777"
"DE234EG",10,431666,333321,"E92000001","E19000001","E18000004","","E06000015","E05001777"
"DE234EH",10,431652,333254,"E92000001","E19000001","E18000004","","E06000015","E05001777"
"DE234EJ",10,432653,334389,"E92000001","E19000001","E18000004","","E06000015","E05001777"
"DE234FG",10,431530,333486,"E92000001","E19000001","E18000004","","E06000015","E05001777"
"DE234HP",10,431482,333053,"E92000001","E19000001","E18000004","","E06000015","E05001777"
"DE234HQ",10,431282,333121,"E92000001","E19000001","E18000004","","E06000015","E05001777"
"DE234QX",10,431380,333032,"E92000001","E19000001","E18000004","","E06000015","E05001777"
"DE234QY",10,431256,333091,"E92000001","E19000001","E18000004","","E06000015","E05001777"
"DE234QZ",10,431321,333155,"E92000001","E19000001","E18000004","","E06000015","E05001777"
"DE234RN",10,431345,333146,"E92000001","E19000001","E18000004","","E06000015","E05001777"
"DE234RP",10,431227,333171,"E92000001","E19000001","E18000004","","E06000015","E05001777"
"DE234RQ",10,431224,333075,"E92000001","E19000001","E18000004","","E06000015","E05001777"
"DE234RS",10,431336,333609,"E92000001","E19000001","E18000004","","E06000015","E05001777"
"DE234RT",10,431230,333581,"E92000001","E19000001","E18000004","","E06000015","E05001777"
"DE234RU",10,431214,333494,"E92000001","E19000001","E18000004","","E06000015","E05001777"
"DE234RX",10,431204,333433,"E92000001","E19000001","E18000004","","E06000015","E05001777"
"DE234SN",10,431706,333003,"E92000001","E19000001","E18000004","","E06000015","E05001777"
"DE234TD",10,431265,332677,"E92000001","E19000001","E18000004","","E06000015","E05001777"
"DE234TL",10,432298,334296,"E92000001","E19000001","E18000004","","E06000015","E05001777"
"DE234UA",10,432169,333913,"E92000001","E19000001","E18000004","","E06000015","E05001777"
"DE234YL",10,432607,334271,"E92000001","E19000001","E18000004","","E06000015","E05001777"
"DE234YN",10,432472,334257,"E92000001","E19000001","E18000004","","E06000015","E05001777"
"DE234YP",10,432516,334239,"E92000001","E19000001","E18000004","","E06000015","E05001777"
"DE234YQ",10,432170,333995,"E92000001","E19000001","E18000004","","E06000015","E05001777"
"DE234YR",10,432361,334138,"E92000001","E19000001","E18000004","","E06000015","E05001777"
"DE236AA",10,434737,335221,"E92000001","E19000001","E18000004","","E06000015","E05001767"
"DE236AB",10,434731,335176,"E92000001","E19000001","E18000004","","E06000015","E05001770"
"DE236AD",10,434522,335105,"E92000001","E19000001","E18000004","","E06000015","E05001767"
"DE236AE",10,434557,335085,"E92000001","E19000001","E18000004","","E06000015","E05001770"
"DE236AF",10,434298,334957,"E92000001","E19000001","E18000004","","E06000015","E05001767"
"DE236AG",10,434286,334916,"E92000001","E19000001","E18000004","","E06000015","E05001767"
"DE236AH",10,434072,334846,"E92000001","E19000001","E18000004","","E06000015","E05001767"
"DE236AJ",10,434001,334886,"E92000001","E19000001","E18000004","","E06000015","E05001767"
"DE236AL",10,433768,334749,"E92000001","E19000001","E18000004","","E06000015","E05001767"
"DE236AN",10,433790,334686,"E92000001","E19000001","E18000004","","E06000015","E05001767"
"DE236AP",10,434147,334776,"E92000001","E19000001","E18000004","","E06000015","E05001767"
"DE236AQ",10,434106,334728,"E92000001","E19000001","E18000004","","E06000015","E05001767"
"DE236AR",10,434406,334866,"E92000001","E19000001","E18000004","","E06000015","E05001770"
"DE236AS",10,434436,334827,"E92000001","E19000001","E18000004","","E06000015","E05001770"
"DE236AT",10,434356,334635,"E92000001","E19000001","E18000004","","E06000015","E05001767"
"DE236AU",10,434392,334664,"E92000001","E19000001","E18000004","","E06000015","E05001780"
"DE236AW",10,434193,334830,"E92000001","E19000001","E18000004","","E06000015","E05001767"
"DE236AX",10,433728,334725,"E92000001","E19000001","E18000004","","E06000015","E05001767"
"DE236AY",10,434264,334898,"E92000001","E19000001","E18000004","","E06000015","E05001767"
"DE236AZ",10,433704,334375,"E92000001","E19000001","E18000004","","E06000015","E05001777"
"DE236BA",10,433563,334437,"E92000001","E19000001","E18000004","","E06000015","E05001777"
"DE236BB",10,433728,334313,"E92000001","E19000001","E18000004","","E06000015","E05001777"
"DE236BD",10,433644,334473,"E92000001","E19000001","E18000004","","E06000015","E05001777"
"DE236BE",10,433375,334469,"E92000001","E19000001","E18000004","","E06000015","E05001777"
"DE236BG",10,433409,334553,"E92000001","E19000001","E18000004","","E06000015","E05001777"
"DE236BH",10,433420,334496,"E92000001","E19000001","E18000004","","E06000015","E05001777"
"DE236BJ",10,433447,334544,"E92000001","E19000001","E18000004","","E06000015","E05001777"
"DE236BL",10,433499,334663,"E92000001","E19000001","E18000004","","E06000015","E05001777"
"DE236BN",10,433366,334755,"E92000001","E19000001","E18000004","","E06000015","E05001777"
"DE236BP",10,433419,334737,"E92000001","E19000001","E18000004","","E06000015","E05001777"
"DE236BQ",10,433391,334606,"E92000001","E19000001","E18000004","","E06000015","E05001777"
"DE236BR",10,433266,334953,"E92000001","E19000001","E18000004","","E06000015","E05001777"
"DE236BS",10,433361,334954,"E92000001","E19000001","E18000004","","E06000015","E05001767"
"DE236BT",10,433463,334745,"E92000001","E19000001","E18000004","","E06000015","E05001777"
"DE236BU",10,433524,334834,"E92000001","E19000001","E18000004","","E06000015","E05001767"
"DE236BW",10,433652,334762,"E92000001","E19000001","E18000004","","E06000015","E05001767"
"DE236BX",10,433777,334853,"E92000001","E19000001","E18000004","","E06000015","E05001767"
"DE236BY",10,433806,334808,"E92000001","E19000001","E18000004","","E06000015","E05001767"
"DE236BZ",10,433616,334931,"E92000001","E19000001","E18000004","","E06000015","E05001767"
"DE236DA",10,433567,334905,"E92000001","E19000001","E18000004","","E06000015","E05001767"
"DE236DB",10,432931,334504,"E92000001","E19000001","E18000004","","E06000015","E05001777"
"DE236DD",10,433654,334890,"E92000001","E19000001","E18000004","","E06000015","E05001767"
"DE236DE",10,433008,334820,"E92000001","E19000001","E18000004","","E06000015","E05001777"
"DE236DF",10,433351,334416,"E92000001","E19000001","E18000004","","E06000015","E05001777"
"DE236DG",10,433321,334396,"E92000001","E19000001","E18000004","","E06000015","E05001777"
"DE236DH",10,433108,334412,"E92000001","E19000001","E18000004","","E06000015","E05001777"
"DE236DJ",10,433315,334497,"E92000001","E19000001","E18000004","","E06000015","E05001777"
"DE236DL",10,433253,334516,"E92000001","E19000001","E18000004","","E06000015","E05001777"
"DE236DN",10,433218,334538,"E92000001","E19000001","E18000004","","E06000015","E05001777"
"DE236DP",10,433288,334550,"E92000001","E19000001","E18000004","","E06000015","E05001777"
"DE236DQ",10,433145,334518,"E92000001","E19000001","E18000004","","E06000015","E05001777"
"DE236DR",10,433178,334515,"E92000001","E19000001","E18000004","","E06000015","E05001777"
"DE236DS",10,433200,334684,"E92000001","E19000001","E18000004","","E06000015","E05001777"
"DE236DT",10,433120,334844,"E92000001","E19000001","E18000004","","E06000015","E05001777"
"DE236DU",10,433089,334835,"E92000001","E19000001","E18000004","","E06000015","E05001777"
"DE236DW",10,433015,334753,"E92000001","E19000001","E18000004","","E06000015","E05001777"
"DE236DX",10,433026,334725,"E92000001","E19000001","E18000004","","E06000015","E05001777"
"DE236DY",10,432873,334623,"E92000001","E19000001","E18000004","","E06000015","E05001777"
"DE236DZ",10,433055,335019,"E92000001","E19000001","E18000004","","E06000015","E05001777"
"DE236EA",10,433136,335030,"E92000001","E19000001","E18000004","","E06000015","E05001777"
"DE236EB",10,433088,335033,"E92000001","E19000001","E18000004","","E06000015","E05001777"
"DE236ED",10,433190,334827,"E92000001","E19000001","E18000004","","E06000015","E05001777"
"DE236EE",10,433258,334809,"E92000001","E19000001","E18000004","","E06000015","E05001777"
"DE236EF",10,432841,334476,"E92000001","E19000001","E18000004","","E06000015","E05001777"
"DE236EG",10,432925,334409,"E92000001","E19000001","E18000004","","E06000015","E05001777"
"DE236EH",10,432926,334178,"E92000001","E19000001","E18000004","","E06000015","E05001777"
"DE236EJ",10,432860,334282,"E92000001","E19000001","E18000004","","E06000015","E05001777"
"DE236EL",10,432846,334387,"E92000001","E19000001","E18000004","","E06000015","E05001777"
"DE236EN",10,432734,334378,"E92000001","E19000001","E18000004","","E06000015","E05001777"
"DE236EP",10,433012,334450,"E92000001","E19000001","E18000004","","E06000015","E05001777"
"DE236EQ",10,432987,334551,"E92000001","E19000001","E18000004","","E06000015","E05001777"
"DE236ER",10,433087,334526,"E92000001","E19000001","E18000004","","E06000015","E05001777"
"DE236ES",10,433045,334658,"E92000001","E19000001","E18000004","","E06000015","E05001777"
"DE236ET",10,433056,334616,"E92000001","E19000001","E18000004","","E06000015","E05001777"
"DE236EU",10,432844,334536,"E92000001","E19000001","E18000004","","E06000015","E05001777"
"DE236EW",10,432840,334575,"E92000001","E19000001","E18000004","","E06000015","E05001777"
"DE236EX",10,432681,334607,"E92000001","E19000001","E18000004","","E06000015","E05001777"
"DE236EY",10,432659,334577,"E92000001","E19000001","E18000004","","E06000015","E05001777"
"DE236EZ",10,432751,334623,"E92000001","E19000001","E18000004","","E06000015","E05001777"
"DE236FB",10,432583,334510,"E92000001","E19000001","E18000004","","E06000015","E05001777"
"DE236FD",10,432545,334607,"E92000001","E19000001","E18000004","","E06000015","E05001777"
"DE236FE",10,432516,334643,"E92000001","E19000001","E18000004","","E06000015","E05001777"
"DE236FF",10,432623,334440,"E92000001","E19000001","E18000004","","E06000015","E05001777"
"DE236FG",10,432598,334546,"E92000001","E19000001","E18000004","","E06000015","E05001777"
"DE236FH",10,433343,334447,"E92000001","E19000001","E18000004","","E06000015","E05001777"
"DE236FJ",10,433645,334507,"E92000001","E19000001","E18000004","","E06000015","E05001777"
"DE236FL",10,433633,334535,"E92000001","E19000001","E18000004","","E06000015","E05001777"
"DE236FN",10,433504,334525,"E92000001","E19000001","E18000004","","E06000015","E05001777"
"DE236FP",10,433402,334446,"E92000001","E19000001","E18000004","","E06000015","E05001777"
"DE236FQ",10,433405,334385,"E92000001","E19000001","E18000004","","E06000015","E05001777"
"DE236FR",10,433660,334525,"E92000001","E19000001","E18000004","","E06000015","E05001777"
"DE236FS",10,433367,334372,"E92000001","E19000001","E18000004","","E06000015","E05001777"
"DE236FT",10,433194,334347,"E92000001","E19000001","E18000004","","E06000015","E05001777"
"DE236FW",10,433051,334321,"E92000001","E19000001","E18000004","","E06000015","E05001777"
"DE236FX",10,433393,334324,"E92000001","E19000001","E18000004","","E06000015","E05001777"
"DE236FY",10,433385,334264,"E92000001","E19000001","E18000004","","E06000015","E05001777"
"DE236FZ",10,433182,334313,"E92000001","E19000001","E18000004","","E06000015","E05001777"
"DE236GA",10,433294,334302,"E92000001","E19000001","E18000004","","E06000015","E05001777"
"DE236GD",10,433168,334228,"E92000001","E19000001","E18000004","","E06000015","E05001777"
"DE236GE",10,433236,334223,"E92000001","E19000001","E18000004","","E06000015","E05001777"
"DE236GF",10,433217,334198,"E92000001","E19000001","E18000004","","E06000015","E05001777"
"DE236GG",10,433090,334245,"E92000001","E19000001","E18000004","","E06000015","E05001777"
"DE236GH",10,433033,333986,"E92000001","E19000001","E18000004","","E06000015","E05001777"
"DE236GJ",10,433060,334041,"E92000001","E19000001","E18000004","","E06000015","E05001777"
"DE236GL",10,433009,333817,"E92000001","E19000001","E18000004","","E06000015","E05001771"
"DE236GN",10,433046,333826,"E92000001","E19000001","E18000004","","E06000015","E05001771"
"DE236GP",10,433296,334109,"E92000001","E19000001","E18000004","","E06000015","E05001777"
"DE236GQ",10,433341,333988,"E92000001","E19000001","E18000004","","E06000015","E05001777"
"DE236GR",10,433523,333962,"E92000001","E19000001","E18000004","","E06000015","E05001771"
"DE236GS",10,433370,334135,"E92000001","E19000001","E18000004","","E06000015","E05001777"
"DE236GT",10,433232,333934,"E92000001","E19000001","E18000004","","E06000015","E05001777"
"DE236GU",10,433251,334015,"E92000001","E19000001","E18000004","","E06000015","E05001777"
"DE236GW",10,433509,334108,"E92000001","E19000001","E18000004","","E06000015","E05001777"
"DE236GX",10,433465,334106,"E92000001","E19000001","E18000004","","E06000015","E05001777"
"DE236GY",10,432926,334112,"E92000001","E19000001","E18000004","","E06000015","E05001777"
"DE236GZ",10,432963,334062,"E92000001","E19000001","E18000004","","E06000015","E05001777"
"DE236HA",10,434164,334662,"E92000001","E19000001","E18000004","","E06000015","E05001767"
"DE236HB",10,434218,334660,"E92000001","E19000001","E18000004","","E06000015","E05001767"
"DE236HD",10,433956,334517,"E92000001","E19000001","E18000004","","E06000015","E05001767"
"DE236HE",10,433976,334467,"E92000001","E19000001","E18000004","","E06000015","E05001767"
"DE236HF",10,434041,334369,"E92000001","E19000001","E18000004","","E06000015","E05001767"
"DE236HG",10,434034,334282,"E92000001","E19000001","E18000004","","E06000015","E05001767"
"DE236HH",10,433986,334270,"E92000001","E19000001","E18000004","","E06000015","E05001767"
"DE236HJ",10,433948,334149,"E92000001","E19000001","E18000004","","E06000015","E05001771"
"DE236HL",10,433952,334221,"E92000001","E19000001","E18000004","","E06000015","E05001767"
"DE236HN",10,433786,334317,"E92000001","E19000001","E18000004","","E06000015","E05001777"
"DE236HP",10,433776,334444,"E92000001","E19000001","E18000004","","E06000015","E05001767"
"DE236HQ",10,433760,334210,"E92000001","E19000001","E18000004","","E06000015","E05001777"
"DE236HR",10,433690,334074,"E92000001","E19000001","E18000004","","E06000015","E05001771"
"DE236HS",10,433667,334109,"E92000001","E19000001","E18000004","","E06000015","E05001777"
"DE236HT",10,433720,334037,"E92000001","E19000001","E18000004","","E06000015","E05001771"
"DE236HU",10,433773,334048,"E92000001","E19000001","E18000004","","E06000015","E05001771"
"DE236HW",10,433562,334197,"E92000001","E19000001","E18000004","","E06000015","E05001777"
"DE236HX",10,433545,334161,"E92000001","E19000001","E18000004","","E06000015","E05001777"
"DE236HY",10,433652,334167,"E92000001","E19000001","E18000004","","E06000015","E05001777"
"DE236HZ",10,433711,334228,"E92000001","E19000001","E18000004","","E06000015","E05001777"
"DE236JA",10,433622,334286,"E92000001","E19000001","E18000004","","E06000015","E05001777"
"DE236JB",10,433076,333996,"E92000001","E19000001","E18000004","","E06000015","E05001777"
"DE236JD",10,433212,333839,"E92000001","E19000001","E18000004","","E06000015","E05001777"
"DE236JE",10,433149,333865,"E92000001","E19000001","E18000004","","E06000015","E05001777"
"DE236JF",10,434273,333678,"E92000001","E19000001","E18000004","","E06000015","E05001771"
"DE236JG",10,434106,333766,"E92000001","E19000001","E18000004","","E06000015","E05001771"
"DE236JH",10,434095,333737,"E92000001","E19000001","E18000004","","E06000015","E05001771"
"DE236JJ",10,433910,333781,"E92000001","E19000001","E18000004","","E06000015","E05001771"
"DE236JL",10,433799,333876,"E92000001","E19000001","E18000004","","E06000015","E05001771"
"DE236JN",10,433996,333881,"E92000001","E19000001","E18000004","","E06000015","E05001771"
"DE236JP",10,434020,334015,"E92000001","E19000001","E18000004","","E06000015","E05001771"
"DE236JQ",10,434139,333840,"E92000001","E19000001","E18000004","","E06000015","E05001771"
"DE236JR",10,434159,333873,"E92000001","E19000001","E18000004","","E06000015","E05001771"
"DE236JS",10,433924,333642,"E92000001","E19000001","E18000004","","E06000015","E05001771"
"DE236JT",10,433800,333680,"E92000001","E19000001","E18000004","","E06000015","E05001771"
"DE236JU",10,433834,333744,"E92000001","E19000001","E18000004","","E06000015","E05001771"
"DE236JW",10,433904,333983,"E92000001","E19000001","E18000004","","E06000015","E05001771"
"DE236JX",10,433871,333979,"E92000001","E19000001","E18000004","","E06000015","E05001771"
"DE236JY",10,433969,333937,"E92000001","E19000001","E18000004","","E06000015","E05001771"
"DE236JZ",10,433936,333954,"E92000001","E19000001","E18000004","","E06000015","E05001771"
"DE236LA",10,433844,334055,"E92000001","E19000001","E18000004","","E06000015","E05001771"
"DE236LB",10,433807,334047,"E92000001","E19000001","E18000004","","E06000015","E05001771"
"DE236LD",10,433576,333889,"E92000001","E19000001","E18000004","","E06000015","E05001771"
"DE236LE",10,433583,333852,"E92000001","E19000001","E18000004","","E06000015","E05001771"
"DE236LF",10,433647,333985,"E92000001","E19000001","E18000004","","E06000015","E05001771"
"DE236LG",10,434163,334710,"E92000001","E19000001","E18000004","","E06000015","E05001767"
"DE236LH",10,433697,334591,"E92000001","E19000001","E18000004","","E06000015","E05001767"
"DE236LL",10,434792,334426,"E92000001","E19000001","E18000004","","E06000015","E05001780"
"DE236LN",10,434791,334400,"E92000001","E19000001","E18000004","","E06000015","E05001780"
"DE236LP",10,433162,334093,"E92000001","E19000001","E18000004","","E06000015","E05001777"
"DE236LQ",10,434663,334414,"E92000001","E19000001","E18000004","","E06000015","E05001780"
"DE236LR",10,434643,334387,"E92000001","E19000001","E18000004","","E06000015","E05001780"
"DE236LS",10,434518,334374,"E92000001","E19000001","E18000004","","E06000015","E05001780"
"DE236LT",10,434410,334394,"E92000001","E19000001","E18000004","","E06000015","E05001767"
"DE236LU",10,434255,334365,"E92000001","E19000001","E18000004","","E06000015","E05001767"
"DE236LW",10,434698,334484,"E92000001","E19000001","E18000004","","E06000015","E05001780"
"DE236LX",10,434703,334311,"E92000001","E19000001","E18000004","","E06000015","E05001780"
"DE236LY",10,434711,334136,"E92000001","E19000001","E18000004","","E06000015","E05001780"
"DE236LZ",10,434765,334506,"E92000001","E19000001","E18000004","","E06000015","E05001780"
"DE236NA",10,434837,334509,"E92000001","E19000001","E18000004","","E06000015","E05001780"
"DE236NB",10,434774,334478,"E92000001","E19000001","E18000004","","E06000015","E05001780"
"DE236ND",10,434661,334469,"E92000001","E19000001","E18000004","","E06000015","E05001780"
"DE236NE",10,434642,334312,"E92000001","E19000001","E18000004","","E06000015","E05001780"
"DE236NF",10,434665,334307,"E92000001","E19000001","E18000004","","E06000015","E05001780"
"DE236NG",10,434604,334464,"E92000001","E19000001","E18000004","","E06000015","E05001780"
"DE236NH",10,434583,334313,"E92000001","E19000001","E18000004","","E06000015","E05001780"
"DE236NJ",10,434607,334310,"E92000001","E19000001","E18000004","","E06000015","E05001780"
"DE236NL",10,434517,334462,"E92000001","E19000001","E18000004","","E06000015","E05001780"
"DE236NN",10,434523,334306,"E92000001","E19000001","E18000004","","E06000015","E05001780"
"DE236NP",10,434483,334455,"E92000001","E19000001","E18000004","","E06000015","E05001780"
"DE236NQ",10,434459,334307,"E92000001","E19000001","E18000004","","E06000015","E05001767"
"DE236NR",10,434380,334449,"E92000001","E19000001","E18000004","","E06000015","E05001767"
"DE236NS",10,434414,334327,"E92000001","E19000001","E18000004","","E06000015","E05001767"
"DE236NT",10,433060,334077,"E92000001","E19000001","E18000004","","E06000015","E05001777"
"DE236NX",10,433844,334600,"E92000001","E19000001","E18000004","","E06000015","E05001767"
"DE236NY",10,433859,334462,"E92000001","E19000001","E18000004","","E06000015","E05001767"
"DE236NZ",10,433954,334600,"E92000001","E19000001","E18000004","","E06000015","E05001767"
"DE236PA",10,433939,334656,"E92000001","E19000001","E18000004","","E06000015","E05001767"
"DE236PB",10,434064,334619,"E92000001","E19000001","E18000004","","E06000015","E05001767"
"DE236PD",10,434104,334517,"E92000001","E19000001","E18000004","","E06000015","E05001767"
"DE236PE",10,434244,334425,"E92000001","E19000001","E18000004","","E06000015","E05001767"
"DE236PF",10,434052,334460,"E92000001","E19000001","E18000004","","E06000015","E05001767"
"DE236PG",10,434140,334506,"E92000001","E19000001","E18000004","","E06000015","E05001767"
"DE236PH",10,434143,334355,"E92000001","E19000001","E18000004","","E06000015","E05001767"
"DE236PJ",10,434243,334581,"E92000001","E19000001","E18000004","","E06000015","E05001767"
"DE236PL",10,434255,334556,"E92000001","E19000001","E18000004","","E06000015","E05001767"
"DE236PN",10,434233,334610,"E92000001","E19000001","E18000004","","E06000015","E05001767"
"DE236PP",10,434294,334639,"E92000001","E19000001","E18000004","","E06000015","E05001767"
"DE236PQ",10,434275,334246,"E92000001","E19000001","E18000004","","E06000015","E05001767"
"DE236PR",10,434337,334452,"E92000001","E19000001","E18000004","","E06000015","E05001767"
"DE236PS",10,434343,334313,"E92000001","E19000001","E18000004","","E06000015","E05001767"
"DE236PT",10,434250,334307,"E92000001","E19000001","E18000004","","E06000015","E05001767"
"DE236PY",10,435141,334653,"E92000001","E19000001","E18000004","","E06000015","E05001780"
"DE236PZ",10,435165,334683,"E92000001","E19000001","E18000004","","E06000015","E05001770"
"DE236QA",10,435194,334497,"E92000001","E19000001","E18000004","","E06000015","E05001780"
"DE236QB",10,435226,334495,"E92000001","E19000001","E18000004","","E06000015","E05001770"
"DE236QD",10,435229,334406,"E92000001","E19000001","E18000004","","E06000015","E05001780"
"DE236QE",10,435235,334379,"E92000001","E19000001","E18000004","","E06000015","E05001780"
"DE236QF",10,435266,334401,"E92000001","E19000001","E18000004","","E06000015","E05001770"
"DE236QG",10,435104,334648,"E92000001","E19000001","E18000004","","E06000015","E05001780"
"DE236QJ",10,435076,334616,"E92000001","E19000001","E18000004","","E06000015","E05001780"
"DE236QL",10,435112,334560,"E92000001","E19000001","E18000004","","E06000015","E05001780"
"DE236QP",10,435108,334502,"E92000001","E19000001","E18000004","","E06000015","E05001780"
"DE236QQ",10,434986,334453,"E92000001","E19000001","E18000004","","E06000015","E05001780"
"DE236QR",10,434969,334655,"E92000001","E19000001","E18000004","","E06000015","E05001780"
"DE236QS",10,435015,334599,"E92000001","E19000001","E18000004","","E06000015","E05001780"
"DE236QT",10,435047,334660,"E92000001","E19000001","E18000004","","E06000015","E05001780"
"DE236QU",10,435002,334648,"E92000001","E19000001","E18000004","","E06000015","E05001780"
"DE236QW",10,434876,334538,"E92000001","E19000001","E18000004","","E06000015","E05001780"
"DE236QX",10,434881,334615,"E92000001","E19000001","E18000004","","E06000015","E05001780"
"DE236QY",10,434769,334591,"E92000001","E19000001","E18000004","","E06000015","E05001780"
"DE236QZ",10,434782,334565,"E92000001","E19000001","E18000004","","E06000015","E05001780"
"DE236RA",10,434613,334558,"E92000001","E19000001","E18000004","","E06000015","E05001780"
"DE236RB",10,434656,334532,"E92000001","E19000001","E18000004","","E06000015","E05001780"
"DE236RD",10,434468,334540,"E92000001","E19000001","E18000004","","E06000015","E05001780"
"DE236RE",10,434451,334507,"E92000001","E19000001","E18000004","","E06000015","E05001767"
"DE236RF",10,434288,334518,"E92000001","E19000001","E18000004","","E06000015","E05001767"
"DE236RG",10,434235,334483,"E92000001","E19000001","E18000004","","E06000015","E05001767"
"DE236RH",10,435262,335002,"E92000001","E19000001","E18000004","","E06000015","E05001770"
"DE236RN",10,434467,334802,"E92000001","E19000001","E18000004","","E06000015","E05001770"
"DE236RP",10,434605,334818,"E92000001","E19000001","E18000004","","E06000015","E05001780"
"DE236RQ",10,434709,334862,"E92000001","E19000001","E18000004","","E06000015","E05001770"
"DE236RR",10,434793,334946,"E92000001","E19000001","E18000004","","E06000015","E05001770"
"DE236RS",10,434839,335009,"E92000001","E19000001","E18000004","","E06000015","E05001770"
"DE236RT",10,434551,334773,"E92000001","E19000001","E18000004","","E06000015","E05001780"
"DE236RU",10,434590,334707,"E92000001","E19000001","E18000004","","E06000015","E05001780"
"DE236RW",10,434624,334708,"E92000001","E19000001","E18000004","","E06000015","E05001780"
"DE236RX",10,434648,334728,"E92000001","E19000001","E18000004","","E06000015","E05001780"
"DE236RY",10,434891,335096,"E92000001","E19000001","E18000004","","E06000015","E05001770"
"DE236RZ",10,434909,335078,"E92000001","E19000001","E18000004","","E06000015","E05001770"
"DE236SA",10,434933,335216,"E92000001","E19000001","E18000004","","E06000015","E05001770"
"DE236SB",10,435049,335300,"E92000001","E19000001","E18000004","","E06000015","E05001770"
"DE236SD",10,434923,335096,"E92000001","E19000001","E18000004","","E06000015","E05001770"
"DE236SE",10,434996,335068,"E92000001","E19000001","E18000004","","E06000015","E05001770"
"DE236SF",10,434998,335164,"E92000001","E19000001","E18000004","","E06000015","E05001770"
"DE236SG",10,435128,335299,"E92000001","E19000001","E18000004","","E06000015","E05001770"
"DE236SH",10,435041,335244,"E92000001","E19000001","E18000004","","E06000015","E05001770"
"DE236SJ",10,435072,335228,"E92000001","E19000001","E18000004","","E06000015","E05001770"
"DE236SL",10,435076,335161,"E92000001","E19000001","E18000004","","E06000015","E05001770"
"DE236SN",10,435205,335113,"E92000001","E19000001","E18000004","","E06000015","E05001770"
"DE236SP",10,435068,335088,"E92000001","E19000001","E18000004","","E06000015","E05001770"
"DE236SQ",10,435094,335115,"E92000001","E19000001","E18000004","","E06000015","E05001770"
"DE236SR",10,435053,335113,"E92000001","E19000001","E18000004","","E06000015","E05001770"
"DE236SS",10,435178,335219,"E92000001","E19000001","E18000004","","E06000015","E05001770"
"DE236ST",10,435173,335195,"E92000001","E19000001","E18000004","","E06000015","E05001770"
"DE236SU",10,435195,335163,"E92000001","E19000001","E18000004","","E06000015","E05001770"
"DE236SW",10,435216,335142,"E92000001","E19000001","E18000004","","E06000015","E05001770"
"DE236SX",10,435123,335124,"E92000001","E19000001","E18000004","","E06000015","E05001770"
"DE236TB",10,434836,335135,"E92000001","E19000001","E18000004","","E06000015","E05001770"
"DE236TD",10,434663,335089,"E92000001","E19000001","E18000004","","E06000015","E05001770"
"DE236TE",10,434774,335016,"E92000001","E19000001","E18000004","","E06000015","E05001770"
"DE236TF",10,434810,335025,"E92000001","E19000001","E18000004","","E06000015","E05001770"
"DE236TG",10,434712,335001,"E92000001","E19000001","E18000004","","E06000015","E05001770"
"DE236TH",10,434686,334975,"E92000001","E19000001","E18000004","","E06000015","E05001770"
"DE236TJ",10,434622,334948,"E92000001","E19000001","E18000004","","E06000015","E05001770"
"DE236TL",10,434682,334725,"E92000001","E19000001","E18000004","","E06000015","E05001780"
"DE236TN",10,434707,334734,"E92000001","E19000001","E18000004","","E06000015","E05001770"
"DE236TP",10,434512,334903,"E92000001","E19000001","E18000004","","E06000015","E05001770"
"DE236TQ",10,434531,334935,"E92000001","E19000001","E18000004","","E06000015","E05001770"
"DE236TR",10,434741,334724,"E92000001","E19000001","E18000004","","E06000015","E05001770"
"DE236TS",10,434761,334752,"E92000001","E19000001","E18000004","","E06000015","E05001770"
"DE236TT",10,434793,334771,"E92000001","E19000001","E18000004","","E06000015","E05001770"
"DE236TU",10,434817,334800,"E92000001","E19000001","E18000004","","E06000015","E05001770"
"DE236TW",10,434815,334892,"E92000001","E19000001","E18000004","","E06000015","E05001770"
"DE236TX",10,434898,334904,"E92000001","E19000001","E18000004","","E06000015","E05001770"
"DE236UA",10,434862,334800,"E92000001","E19000001","E18000004","","E06000015","E05001770"
"DE236UB",10,434908,334800,"E92000001","E19000001","E18000004","","E06000015","E05001770"
"DE236UD",10,434945,334848,"E92000001","E19000001","E18000004","","E06000015","E05001770"
"DE236UE",10,434930,334819,"E92000001","E19000001","E18000004","","E06000015","E05001770"
"DE236UF",10,434984,334836,"E92000001","E19000001","E18000004","","E06000015","E05001770"
"DE236UG",10,435009,334832,"E92000001","E19000001","E18000004","","E06000015","E05001770"
"DE236UH",10,435031,334901,"E92000001","E19000001","E18000004","","E06000015","E05001770"
"DE236UJ",10,435069,334817,"E92000001","E19000001","E18000004","","E06000015","E05001770"
"DE236UL",10,435045,334817,"E92000001","E19000001","E18000004","","E06000015","E05001770"
"DE236UQ",10,435174,335348,"E92000001","E19000001","E18000004","","E06000015","E05001770"
"DE236UR",10,435298,335271,"E92000001","E19000001","E18000004","","E06000015","E05001770"
"DE236US",10,435300,335142,"E92000001","E19000001","E18000004","","E06000015","E05001770"
"DE236UT",10,435249,334958,"E92000001","E19000001","E18000004","","E06000015","E05001770"
"DE236UU",10,435195,334831,"E92000001","E19000001","E18000004","","E06000015","E05001770"
"DE236UX",10,435273,335180,"E92000001","E19000001","E18000004","","E06000015","E05001770"
"DE236WA",10,435259,335076,"E92000001","E19000001","E18000004","","E06000015","E05001770"
"DE236WD",10,435204,334932,"E92000001","E19000001","E18000004","","E06000015","E05001770"
"DE236WE",10,435160,334829,"E92000001","E19000001","E18000004","","E06000015","E05001770"
"DE236WF",10,435138,334802,"E92000001","E19000001","E18000004","","E06000015","E05001770"
"DE236WG",10,435157,334882,"E92000001","E19000001","E18000004","","E06000015","E05001770"
"DE236WH",10,435172,334994,"E92000001","E19000001","E18000004","","E06000015","E05001770"
"DE236WL",10,435228,335046,"E92000001","E19000001","E18000004","","E06000015","E05001770"
"DE236WN",10,435072,335033,"E92000001","E19000001","E18000004","","E06000015","E05001770"
"DE236WP",10,434973,335001,"E92000001","E19000001","E18000004","","E06000015","E05001770"
"DE236WQ",10,435001,335010,"E92000001","E19000001","E18000004","","E06000015","E05001770"
"DE236WR",10,434926,335005,"E92000001","E19000001","E18000004","","E06000015","E05001770"
"DE236WS",10,435011,334978,"E92000001","E19000001","E18000004","","E06000015","E05001770"
"DE236WT",10,435073,334999,"E92000001","E19000001","E18000004","","E06000015","E05001770"
"DE236WU",10,435081,334966,"E92000001","E19000001","E18000004","","E06000015","E05001770"
"DE236WW",10,435121,334865,"E92000001","E19000001","E18000004","","E06000015","E05001770"
"DE236WX",10,435098,334850,"E92000001","E19000001","E18000004","","E06000015","E05001770"
"DE236WY",10,435050,334727,"E92000001","E19000001","E18000004","","E06000015","E05001770"
"DE236WZ",10,434903,334666,"E92000001","E19000001","E18000004","","E06000015","E05001780"
"DE236XA",10,434773,334629,"E92000001","E19000001","E18000004","","E06000015","E05001780"
"DE236XB",10,434642,334599,"E92000001","E19000001","E18000004","","E06000015","E05001780"
"DE236XE",10,434937,334617,"E92000001","E19000001","E18000004","","E06000015","E05001780"
"DE236XF",10,433493,333621,"E92000001","E19000001","E18000004","","E06000015","E05001771"
"DE236XG",10,433531,333645,"E92000001","E19000001","E18000004","","E06000015","E05001771"
"DE236XL",10,433416,333775,"E92000001","E19000001","E18000004","","E06000015","E05001771"
"DE236XP",10,433430,333835,"E92000001","E19000001","E18000004","","E06000015","E05001771"
"DE236XR",10,433367,333827,"E92000001","E19000001","E18000004","","E06000015","E05001771"
"DE236XS",10,433477,333751,"E92000001","E19000001","E18000004","","E06000015","E05001771"
"DE236XT",10,433456,333679,"E92000001","E19000001","E18000004","","E06000015","E05001771"
"DE236XW",10,433446,333798,"E92000001","E19000001","E18000004","","E06000015","E05001771"
"DE236XX",10,433543,334331,"E92000001","E19000001","E18000004","","E06000015","E05001777"
"DE236YH",10,435996,335424,"E92000001","E19000001","E18000004","","E06000015","E05001770"
"DE236YY",10,435272,335197,"E92000001","E19000001","E18000004","","E06000015","E05001770"
"DE236ZT",10,435996,335424,"E92000001","E19000001","E18000004","","E06000015","E05001770"
"DE238AA",10,434632,333481,"E92000001","E19000001","E18000004","","E06000015","E05001780"
"DE238AB",10,434590,333277,"E92000001","E19000001","E18000004","","E06000015","E05001780"
"DE238AD",10,434531,333096,"E92000001","E19000001","E18000004","","E06000015","E05001780"
"DE238AE",10,434510,332939,"E92000001","E19000001","E18000004","","E06000015","E05001780"
"DE238AF",10,434489,332787,"E92000001","E19000001","E18000004","","E06000015","E05001780"
"DE238AG",10,435323,333417,"E92000001","E19000001","E18000004","","E06000015","E05001780"
"DE238AH",10,434641,333232,"E92000001","E19000001","E18000004","","E06000015","E05001780"
"DE238AJ",10,434788,333221,"E92000001","E19000001","E18000004","","E06000015","E05001780"
"DE238AL",10,434689,333335,"E92000001","E19000001","E18000004","","E06000015","E05001780"
"DE238AN",10,434734,333152,"E92000001","E19000001","E18000004","","E06000015","E05001780"
"DE238AP",10,434694,333051,"E92000001","E19000001","E18000004","","E06000015","E05001780"
"DE238AQ",10,434719,332906,"E92000001","E19000001","E18000004","","E06000015","E05001780"
"DE238AR",10,434706,333097,"E92000001","E19000001","E18000004","","E06000015","E05001780"
"DE238AS",10,434889,333168,"E92000001","E19000001","E18000004","","E06000015","E05001780"
"DE238AT",10,434888,333005,"E92000001","E19000001","E18000004","","E06000015","E05001780"
"DE238AU",10,434798,333143,"E92000001","E19000001","E18000004","","E06000015","E05001780"
"DE238AW",10,434635,333196,"E92000001","E19000001","E18000004","","E06000015","E05001780"
"DE238AX",10,434594,333127,"E92000001","E19000001","E18000004","","E06000015","E05001780"
"DE238AY",10,434822,333114,"E92000001","E19000001","E18000004","","E06000015","E05001780"
"DE238AZ",10,434784,332984,"E92000001","E19000001","E18000004","","E06000015","E05001780"
"DE238BA",10,434628,333042,"E92000001","E19000001","E18000004","","E06000015","E05001780"
"DE238BB",10,434616,332948,"E92000001","E19000001","E18000004","","E06000015","E05001780"
"DE238BD",10,434839,332862,"E92000001","E19000001","E18000004","","E06000015","E05001780"
"DE238BE",10,434638,332822,"E92000001","E19000001","E18000004","","E06000015","E05001780"
"DE238BF",10,434635,334207,"E92000001","E19000001","E18000004","","E06000015","E05001780"
"DE238BG",10,434799,332941,"E92000001","E19000001","E18000004","","E06000015","E05001780"
"DE238BH",10,435912,334833,"E92000001","E19000001","E18000004","","E06000015","E05001770"
"DE238BJ",10,435108,333614,"E92000001","E19000001","E18000004","","E06000015","E05001780"
"DE238BL",10,434436,333090,"E92000001","E19000001","E18000004","","E06000015","E05001780"
"DE238BN",10,434866,334393,"E92000001","E19000001","E18000004","","E06000015","E05001780"
"DE238BP",10,434905,334386,"E92000001","E19000001","E18000004","","E06000015","E05001780"
"DE238BQ",10,434785,334162,"E92000001","E19000001","E18000004","","E06000015","E05001780"
"DE238BS",10,434810,334140,"E92000001","E19000001","E18000004","","E06000015","E05001780"
"DE238BT",10,434688,334063,"E92000001","E19000001","E18000004","","E06000015","E05001780"
"DE238BU",10,434673,334136,"E92000001","E19000001","E18000004","","E06000015","E05001780"
"DE238BW",10,434637,334097,"E92000001","E19000001","E18000004","","E06000015","E05001780"
"DE238BX",10,434575,334042,"E92000001","E19000001","E18000004","","E06000015","E05001780"
"DE238BY",10,434572,334113,"E92000001","E19000001","E18000004","","E06000015","E05001780"
"DE238BZ",10,434637,334021,"E92000001","E19000001","E18000004","","E06000015","E05001780"
"DE238DA",10,434411,333919,"E92000001","E19000001","E18000004","","E06000015","E05001780"
"DE238DB",10,434359,333822,"E92000001","E19000001","E18000004","","E06000015","E05001780"
"DE238DD",10,434469,333627,"E92000001","E19000001","E18000004","","E06000015","E05001780"
"DE238DE",10,434612,333639,"E92000001","E19000001","E18000004","","E06000015","E05001780"
"DE238DF",10,434809,333598,"E92000001","E19000001","E18000004","","E06000015","E05001780"
"DE238DG",10,434413,333451,"E92000001","E19000001","E18000004","","E06000015","E05001780"
"DE238DH",10,434459,333486,"E92000001","E19000001","E18000004","","E06000015","E05001780"
"DE238DJ",10,434486,333424,"E92000001","E19000001","E18000004","","E06000015","E05001780"
"DE238DL",10,434584,333455,"E92000001","E19000001","E18000004","","E06000015","E05001780"
"DE238DN",10,434671,333503,"E92000001","E19000001","E18000004","","E06000015","E05001780"
"DE238DP",10,434869,333604,"E92000001","E19000001","E18000004","","E06000015","E05001780"
"DE238DQ",10,434771,333636,"E92000001","E19000001","E18000004","","E06000015","E05001780"
"DE238DR",10,434619,333695,"E92000001","E19000001","E18000004","","E06000015","E05001780"
"DE238DS",10,434564,333691,"E92000001","E19000001","E18000004","","E06000015","E05001780"
"DE238DT",10,434580,333738,"E92000001","E19000001","E18000004","","E06000015","E05001780"
"DE238DU",10,434526,333778,"E92000001","E19000001","E18000004","","E06000015","E05001780"
"DE238DX",10,434661,333355,"E92000001","E19000001","E18000004","","E06000015","E05001780"
"DE238EA",10,435427,335361,"E92000001","E19000001","E18000004","","E06000015","E05001770"
"DE238EB",10,435421,335397,"E92000001","E19000001","E18000004","","E06000015","E05001770"
"DE238ED",10,435471,335293,"E92000001","E19000001","E18000004","","E06000015","E05001770"
"DE238EE",10,435391,335254,"E92000001","E19000001","E18000004","","E06000015","E05001770"
"DE238EG",10,435522,335322,"E92000001","E19000001","E18000004","","E06000015","E05001770"
"DE238EH",10,435930,334706,"E92000001","E19000001","E18000004","","E06000015","E05001770"
"DE238EJ",10,435877,334640,"E92000001","E19000001","E18000004","","E06000015","E05001770"
"DE238EL",10,435401,335232,"E92000001","E19000001","E18000004","","E06000015","E05001770"
"DE238EN",10,435953,334737,"E92000001","E19000001","E18000004","","E06000015","E05001770"
"DE238EP",10,435380,335152,"E92000001","E19000001","E18000004","","E06000015","E05001770"
"DE238EQ",10,435366,335092,"E92000001","E19000001","E18000004","","E06000015","E05001770"
"DE238ER",10,435327,335060,"E92000001","E19000001","E18000004","","E06000015","E05001770"
"DE238ES",10,435400,335040,"E92000001","E19000001","E18000004","","E06000015","E05001770"
"DE238ET",10,435314,334971,"E92000001","E19000001","E18000004","","E06000015","E05001770"
"DE238EW",10,435339,334960,"E92000001","E19000001","E18000004","","E06000015","E05001770"
"DE238EX",10,435443,334938,"E92000001","E19000001","E18000004","","E06000015","E05001770"
"DE238EY",10,435391,334722,"E92000001","E19000001","E18000004","","E06000015","E05001770"
"DE238EZ",10,435402,334819,"E92000001","E19000001","E18000004","","E06000015","E05001770"
"DE238FB",10,435301,334769,"E92000001","E19000001","E18000004","","E06000015","E05001770"
"DE238FD",10,435319,334753,"E92000001","E19000001","E18000004","","E06000015","E05001770"
"DE238FE",10,435397,334947,"E92000001","E19000001","E18000004","","E06000015","E05001770"
"DE238FF",10,435380,334961,"E92000001","E19000001","E18000004","","E06000015","E05001770"
"DE238FG",10,435788,334946,"E92000001","E19000001","E18000004","","E06000015","E05001770"
"DE238FJ",10,435638,335294,"E92000001","E19000001","E18000004","","E06000015","E05001770"
"DE238FL",10,435660,335200,"E92000001","E19000001","E18000004","","E06000015","E05001770"
"DE238FN",10,435595,335123,"E92000001","E19000001","E18000004","","E06000015","E05001770"
"DE238FP",10,435650,335136,"E92000001","E19000001","E18000004","","E06000015","E05001770"
"DE238FQ",10,435785,334979,"E92000001","E19000001","E18000004","","E06000015","E05001770"
"DE238FR",10,435722,334822,"E92000001","E19000001","E18000004","","E06000015","E05001770"
"DE238FS",10,435828,334877,"E92000001","E19000001","E18000004","","E06000015","E05001770"
"DE238FT",10,435790,334870,"E92000001","E19000001","E18000004","","E06000015","E05001770"
"DE238FW",10,435749,334764,"E92000001","E19000001","E18000004","","E06000015","E05001770"
"DE238FX",10,435698,334742,"E92000001","E19000001","E18000004","","E06000015","E05001770"
"DE238FY",10,435667,334718,"E92000001","E19000001","E18000004","","E06000015","E05001770"
"DE238FZ",10,435495,334808,"E92000001","E19000001","E18000004","","E06000015","E05001770"
"DE238GA",10,435380,334855,"E92000001","E19000001","E18000004","","E06000015","E05001770"
"DE238GB",10,435325,334901,"E92000001","E19000001","E18000004","","E06000015","E05001770"
"DE238GD",10,435578,334642,"E92000001","E19000001","E18000004","","E06000015","E05001770"
"DE238GE",10,435599,334619,"E92000001","E19000001","E18000004","","E06000015","E05001770"
"DE238GF",10,435508,334668,"E92000001","E19000001","E18000004","","E06000015","E05001770"
"DE238GG",10,435548,334672,"E92000001","E19000001","E18000004","","E06000015","E05001770"
"DE238GH",10,435234,334816,"E92000001","E19000001","E18000004","","E06000015","E05001770"
"DE238GJ",10,435254,334803,"E92000001","E19000001","E18000004","","E06000015","E05001770"
"DE238GL",10,435214,334731,"E92000001","E19000001","E18000004","","E06000015","E05001770"
"DE238GN",10,435206,334646,"E92000001","E19000001","E18000004","","E06000015","E05001770"
"DE238GP",10,435228,334665,"E92000001","E19000001","E18000004","","E06000015","E05001770"
"DE238GU",10,435468,334702,"E92000001","E19000001","E18000004","","E06000015","E05001770"
"DE238GW",10,435447,334712,"E92000001","E19000001","E18000004","","E06000015","E05001770"
"DE238GX",10,435784,334817,"E92000001","E19000001","E18000004","","E06000015","E05001770"
"DE238HA",10,435886,334872,"E92000001","E19000001","E18000004","","E06000015","E05001770"
"DE238HD",10,435864,334795,"E92000001","E19000001","E18000004","","E06000015","E05001770"
"DE238HE",10,435632,334600,"E92000001","E19000001","E18000004","","E06000015","E05001770"
"DE238HF",10,435662,334589,"E92000001","E19000001","E18000004","","E06000015","E05001770"
"DE238HG",10,435490,334537,"E92000001","E19000001","E18000004","","E06000015","E05001770"
"DE238HH",10,435684,334451,"E92000001","E19000001","E18000004","","E06000015","E05001770"
"DE238HJ",10,435757,334374,"E92000001","E19000001","E18000004","","E06000015","E05001770"
"DE238HL",10,435683,334563,"E92000001","E19000001","E18000004","","E06000015","E05001770"
"DE238HN",10,435718,334555,"E92000001","E19000001","E18000004","","E06000015","E05001770"
"DE238HP",10,435515,334389,"E92000001","E19000001","E18000004","","E06000015","E05001770"
"DE238HQ",10,435544,334376,"E92000001","E19000001","E18000004","","E06000015","E05001770"
"DE238HR",10,435718,334497,"E92000001","E19000001","E18000004","","E06000015","E05001770"
"DE238HS",10,435765,334560,"E92000001","E19000001","E18000004","","E06000015","E05001770"
"DE238HT",10,435784,334523,"E92000001","E19000001","E18000004","","E06000015","E05001770"
"DE238HU",10,435798,334491,"E92000001","E19000001","E18000004","","E06000015","E05001770"
"DE238HW",10,435357,334788,"E92000001","E19000001","E18000004","","E06000015","E05001770"
"DE238HX",10,435661,334345,"E92000001","E19000001","E18000004","","E06000015","E05001770"
"DE238HY",10,435671,334317,"E92000001","E19000001","E18000004","","E06000015","E05001770"
"DE238HZ",10,435558,334288,"E92000001","E19000001","E18000004","","E06000015","E05001770"
"DE238JA",10,435652,334203,"E92000001","E19000001","E18000004","","E06000015","E05001770"
"DE238JB",10,435694,334098,"E92000001","E19000001","E18000004","","E06000015","E05001770"
"DE238JD",10,435734,334019,"E92000001","E19000001","E18000004","","E06000015","E05001770"
"DE238JE",10,435703,334294,"E92000001","E19000001","E18000004","","E06000015","E05001770"
"DE238JF",10,435724,334274,"E92000001","E19000001","E18000004","","E06000015","E05001770"
"DE238JG",10,435601,334382,"E92000001","E19000001","E18000004","","E06000015","E05001770"
"DE238JH",10,435625,334370,"E92000001","E19000001","E18000004","","E06000015","E05001770"
"DE238JJ",10,435911,334766,"E92000001","E19000001","E18000004","","E06000015","E05001770"
"DE238JL",10,436061,335082,"E92000001","E19000001","E18000004","","E06000015","E05001770"
"DE238JQ",10,436038,335000,"E92000001","E19000001","E18000004","","E06000015","E05001770"
"DE238JS",10,435983,334997,"E92000001","E19000001","E18000004","","E06000015","E05001770"
"DE238JU",10,435654,335272,"E92000001","E19000001","E18000004","","E06000015","E05001770"
"DE238JW",10,435749,335075,"E92000001","E19000001","E18000004","","E06000015","E05001770"
"DE238JX",10,435872,334979,"E92000001","E19000001","E18000004","","E06000015","E05001770"
"DE238JZ",10,435721,335154,"E92000001","E19000001","E18000004","","E06000015","E05001770"
"DE238LB",10,436031,334773,"E92000001","E19000001","E18000004","","E06000015","E05001770"
"DE238LD",10,436092,334758,"E92000001","E19000001","E18000004","","E06000015","E05001770"
"DE238LG",10,436070,334928,"E92000001","E19000001","E18000004","","E06000015","E05001770"
"DE238LH",10,435891,334742,"E92000001","E19000001","E18000004","","E06000015","E05001770"
"DE238LJ",10,435867,334683,"E92000001","E19000001","E18000004","","E06000015","E05001770"
"DE238LL",10,436128,334835,"E92000001","E19000001","E18000004","","E06000015","E05001770"
"DE238LN",10,436125,334802,"E92000001","E19000001","E18000004","","E06000015","E05001770"
"DE238LS",10,435831,334625,"E92000001","E19000001","E18000004","","E06000015","E05001770"
"DE238LT",10,435880,334587,"E92000001","E19000001","E18000004","","E06000015","E05001770"
"DE238LU",10,435753,334690,"E92000001","E19000001","E18000004","","E06000015","E05001770"
"DE238LW",10,435969,334432,"E92000001","E19000001","E18000004","","E06000015","E05001770"
"DE238LX",10,435998,334450,"E92000001","E19000001","E18000004","","E06000015","E05001770"
"DE238LZ",10,435750,334233,"E92000001","E19000001","E18000004","","E06000015","E05001770"
"DE238NA",10,435717,334164,"E92000001","E19000001","E18000004","","E06000015","E05001770"
"DE238NB",10,435808,334308,"E92000001","E19000001","E18000004","","E06000015","E05001770"
"DE238ND",10,435774,334184,"E92000001","E19000001","E18000004","","E06000015","E05001770"
"DE238NE",10,435870,334238,"E92000001","E19000001","E18000004","","E06000015","E05001770"
"DE238NG",10,435832,334271,"E92000001","E19000001","E18000004","","E06000015","E05001770"
"DE238NL",10,435966,334638,"E92000001","E19000001","E18000004","","E06000015","E05001770"
"DE238NN",10,435460,334425,"E92000001","E19000001","E18000004","","E06000015","E05001770"
"DE238NP",10,435474,334406,"E92000001","E19000001","E18000004","","E06000015","E05001770"
"DE238NQ",10,435385,334320,"E92000001","E19000001","E18000004","","E06000015","E05001770"
"DE238NR",10,435499,334256,"E92000001","E19000001","E18000004","","E06000015","E05001770"
"DE238NS",10,435555,334157,"E92000001","E19000001","E18000004","","E06000015","E05001770"
"DE238NT",10,435611,334032,"E92000001","E19000001","E18000004","","E06000015","E05001770"
"DE238NW",10,435663,333954,"E92000001","E19000001","E18000004","","E06000015","E05001770"
"DE238NX",10,435770,334101,"E92000001","E19000001","E18000004","","E06000015","E05001770"
"DE238NY",10,435746,334109,"E92000001","E19000001","E18000004","","E06000015","E05001770"
"DE238NZ",10,435667,334016,"E92000001","E19000001","E18000004","","E06000015","E05001770"
"DE238PA",10,435663,334044,"E92000001","E19000001","E18000004","","E06000015","E05001770"
"DE238PB",10,435469,333931,"E92000001","E19000001","E18000004","","E06000015","E05001780"
"DE238PE",10,435289,333873,"E92000001","E19000001","E18000004","","E06000015","E05001780"
"DE238PF",10,435387,333882,"E92000001","E19000001","E18000004","","E06000015","E05001780"
"DE238PG",10,435297,333909,"E92000001","E19000001","E18000004","","E06000015","E05001780"
"DE238PH",10,435440,333777,"E92000001","E19000001","E18000004","","E06000015","E05001780"
"DE238PJ",10,435409,333775,"E92000001","E19000001","E18000004","","E06000015","E05001780"
"DE238PL",10,435287,334010,"E92000001","E19000001","E18000004","","E06000015","E05001780"
"DE238PN",10,435473,334072,"E92000001","E19000001","E18000004","","E06000015","E05001770"
"DE238PP",10,435629,334113,"E92000001","E19000001","E18000004","","E06000015","E05001770"
"DE238PQ",10,435575,334219,"E92000001","E19000001","E18000004","","E06000015","E05001770"
"DE238PR",10,435435,334145,"E92000001","E19000001","E18000004","","E06000015","E05001770"
"DE238PS",10,435269,334100,"E92000001","E19000001","E18000004","","E06000015","E05001780"
"DE238PT",10,435383,334581,"E92000001","E19000001","E18000004","","E06000015","E05001770"
"DE238PU",10,435490,334515,"E92000001","E19000001","E18000004","","E06000015","E05001770"
"DE238PX",10,435365,334442,"E92000001","E19000001","E18000004","","E06000015","E05001770"
"DE238PY",10,435412,334451,"E92000001","E19000001","E18000004","","E06000015","E05001770"
"DE238PZ",10,435282,334264,"E92000001","E19000001","E18000004","","E06000015","E05001780"
"DE238QA",10,435312,334269,"E92000001","E19000001","E18000004","","E06000015","E05001770"
"DE238QB",10,435348,334043,"E92000001","E19000001","E18000004","","E06000015","E05001780"
"DE238QD",10,435363,334086,"E92000001","E19000001","E18000004","","E06000015","E05001770"
"DE238QE",10,435188,334284,"E92000001","E19000001","E18000004","","E06000015","E05001780"
"DE238QF",10,435165,334307,"E92000001","E19000001","E18000004","","E06000015","E05001780"
"DE238QG",10,435241,334244,"E92000001","E19000001","E18000004","","E06000015","E05001780"
"DE238QH",10,435177,334223,"E92000001","E19000001","E18000004","","E06000015","E05001780"
"DE238QJ",10,435108,334220,"E92000001","E19000001","E18000004","","E06000015","E05001780"
"DE238QL",10,435128,334371,"E92000001","E19000001","E18000004","","E06000015","E05001780"
"DE238QN",10,435147,334347,"E92000001","E19000001","E18000004","","E06000015","E05001780"
"DE238QP",10,434962,334311,"E92000001","E19000001","E18000004","","E06000015","E05001780"
"DE238QQ",10,434953,334279,"E92000001","E19000001","E18000004","","E06000015","E05001780"
"DE238QR",10,434751,334244,"E92000001","E19000001","E18000004","","E06000015","E05001780"
"DE238QS",10,434790,334284,"E92000001","E19000001","E18000004","","E06000015","E05001780"
"DE238QT",10,434778,334360,"E92000001","E19000001","E18000004","","E06000015","E05001780"
"DE238QU",10,434974,334383,"E92000001","E19000001","E18000004","","E06000015","E05001780"
"DE238QW",10,434965,334352,"E92000001","E19000001","E18000004","","E06000015","E05001780"
"DE238QX",10,435157,334451,"E92000001","E19000001","E18000004","","E06000015","E05001780"
"DE238QY",10,435121,334406,"E92000001","E19000001","E18000004","","E06000015","E05001780"
"DE238QZ",10,435300,334488,"E92000001","E19000001","E18000004","","E06000015","E05001770"
"DE238RA",10,435330,334455,"E92000001","E19000001","E18000004","","E06000015","E05001770"
"DE238RF",10,435384,334232,"E92000001","E19000001","E18000004","","E06000015","E05001770"
"DE238RG",10,435260,334163,"E92000001","E19000001","E18000004","","E06000015","E05001780"
"DE238RH",10,435225,334062,"E92000001","E19000001","E18000004","","E06000015","E05001780"
"DE238RJ",10,435212,333850,"E92000001","E19000001","E18000004","","E06000015","E05001780"
"DE238RL",10,435188,333708,"E92000001","E19000001","E18000004","","E06000015","E05001780"
"DE238RN",10,435305,333782,"E92000001","E19000001","E18000004","","E06000015","E05001780"
"DE238RP",10,435524,333837,"E92000001","E19000001","E18000004","","E06000015","E05001780"
"DE238RQ",10,435544,333786,"E92000001","E19000001","E18000004","","E06000015","E05001780"
"DE238RR",10,435300,333726,"E92000001","E19000001","E18000004","","E06000015","E05001780"
"DE238RS",10,435057,333970,"E92000001","E19000001","E18000004","","E06000015","E05001780"
"DE238RT",10,435045,333938,"E92000001","E19000001","E18000004","","E06000015","E05001780"
"DE238RU",10,434826,333923,"E92000001","E19000001","E18000004","","E06000015","E05001780"
"DE238RW",10,435037,334043,"E92000001","E19000001","E18000004","","E06000015","E05001780"
"DE238RX",10,435056,334017,"E92000001","E19000001","E18000004","","E06000015","E05001780"
"DE238RY",10,434998,334111,"E92000001","E19000001","E18000004","","E06000015","E05001780"
"DE238RZ",10,435125,334085,"E92000001","E19000001","E18000004","","E06000015","E05001780"
"DE238SA",10,435041,334095,"E92000001","E19000001","E18000004","","E06000015","E05001780"
"DE238SB",10,434853,334062,"E92000001","E19000001","E18000004","","E06000015","E05001780"
"DE238SF",10,434843,334023,"E92000001","E19000001","E18000004","","E06000015","E05001780"
"DE238SG",10,435027,334207,"E92000001","E19000001","E18000004","","E06000015","E05001780"
"DE238SH",10,435037,334180,"E92000001","E19000001","E18000004","","E06000015","E05001780"
"DE238SJ",10,434900,334160,"E92000001","E19000001","E18000004","","E06000015","E05001780"
"DE238SL",10,434890,334130,"E92000001","E19000001","E18000004","","E06000015","E05001780"
"DE238SN",10,435018,334268,"E92000001","E19000001","E18000004","","E06000015","E05001780"
"DE238SP",10,435019,334239,"E92000001","E19000001","E18000004","","E06000015","E05001780"
"DE238SQ",10,434913,334229,"E92000001","E19000001","E18000004","","E06000015","E05001780"
"DE238SR",10,434895,334196,"E92000001","E19000001","E18000004","","E06000015","E05001780"
"DE238SU",10,435342,334237,"E92000001","E19000001","E18000004","","E06000015","E05001770"
"DE238SW",10,435234,334185,"E92000001","E19000001","E18000004","","E06000015","E05001780"
"DE238SX",10,435183,334052,"E92000001","E19000001","E18000004","","E06000015","E05001780"
"DE238SY",10,435178,333840,"E92000001","E19000001","E18000004","","E06000015","E05001780"
"DE238SZ",10,435033,333673,"E92000001","E19000001","E18000004","","E06000015","E05001780"
"DE238TA",10,435048,333646,"E92000001","E19000001","E18000004","","E06000015","E05001780"
"DE238TD",10,434963,333732,"E92000001","E19000001","E18000004","","E06000015","E05001780"
"DE238TE",10,435040,333832,"E92000001","E19000001","E18000004","","E06000015","E05001780"
"DE238TF",10,435040,333806,"E92000001","E19000001","E18000004","","E06000015","E05001780"
"DE238TG",10,434838,333797,"E92000001","E19000001","E18000004","","E06000015","E05001780"
"DE238TH",10,435079,333749,"E92000001","E19000001","E18000004","","E06000015","E05001780"
"DE238TJ",10,435109,333892,"E92000001","E19000001","E18000004","","E06000015","E05001780"
"DE238TN",10,435039,333865,"E92000001","E19000001","E18000004","","E06000015","E05001780"
"DE238TP",10,434929,333987,"E92000001","E19000001","E18000004","","E06000015","E05001780"
"DE238TQ",10,434912,333880,"E92000001","E19000001","E18000004","","E06000015","E05001780"
"DE238TR",10,434862,333956,"E92000001","E19000001","E18000004","","E06000015","E05001780"
"DE238TS",10,434869,333779,"E92000001","E19000001","E18000004","","E06000015","E05001780"
"DE238TT",10,434816,333885,"E92000001","E19000001","E18000004","","E06000015","E05001780"
"DE238TU",10,434664,333880,"E92000001","E19000001","E18000004","","E06000015","E05001780"
"DE238TW",10,434608,333803,"E92000001","E19000001","E18000004","","E06000015","E05001780"
"DE238TX",10,434652,333830,"E92000001","E19000001","E18000004","","E06000015","E05001780"
"DE238TY",10,434822,333673,"E92000001","E19000001","E18000004","","E06000015","E05001780"
"DE238TZ",10,434820,333735,"E92000001","E19000001","E18000004","","E06000015","E05001780"
"DE238UA",10,434728,333858,"E92000001","E19000001","E18000004","","E06000015","E05001780"
"DE238UB",10,434757,333909,"E92000001","E19000001","E18000004","","E06000015","E05001780"
"DE238UD",10,434724,333664,"E92000001","E19000001","E18000004","","E06000015","E05001780"
"DE238UE",10,434701,333708,"E92000001","E19000001","E18000004","","E06000015","E05001780"
"DE238UJ",10,435141,333586,"E92000001","E19000001","E18000004","","E06000015","E05001780"
"DE238UL",10,435164,333539,"E92000001","E19000001","E18000004","","E06000015","E05001780"
"DE238UN",10,435302,333631,"E92000001","E19000001","E18000004","","E06000015","E05001780"
"DE238UP",10,435312,333654,"E92000001","E19000001","E18000004","","E06000015","E05001780"
"DE238UQ",10,435593,333654,"E92000001","E19000001","E18000004","","E06000015","E05001780"
"DE238UR",10,435540,333685,"E92000001","E19000001","E18000004","","E06000015","E05001780"
"DE238US",10,435390,333576,"E92000001","E19000001","E18000004","","E06000015","E05001780"
"DE238UT",10,435257,333573,"E92000001","E19000001","E18000004","","E06000015","E05001780"
"DE238UU",10,435355,333550,"E92000001","E19000001","E18000004","","E06000015","E05001780"
"DE238UW",10,435261,333537,"E92000001","E19000001","E18000004","","E06000015","E05001780"
"DE238UX",10,435222,333534,"E92000001","E19000001","E18000004","","E06000015","E05001780"
"DE238UY",10,435076,333546,"E92000001","E19000001","E18000004","","E06000015","E05001780"
"DE238UZ",10,435047,333497,"E92000001","E19000001","E18000004","","E06000015","E05001780"
"DE238WA",10,435096,333337,"E92000001","E19000001","E18000004","","E06000015","E05001780"
"DE238WB",10,435013,333435,"E92000001","E19000001","E18000004","","E06000015","E05001780"
"DE238WD",10,434949,333473,"E92000001","E19000001","E18000004","","E06000015","E05001780"
"DE238WE",10,434945,333299,"E92000001","E19000001","E18000004","","E06000015","E05001780"
"DE238WF",10,435018,333396,"E92000001","E19000001","E18000004","","E06000015","E05001780"
"DE238WG",10,434999,333336,"E92000001","E19000001","E18000004","","E06000015","E05001780"
"DE238WH",10,435013,333218,"E92000001","E19000001","E18000004","","E06000015","E05001780"
"DE238WJ",10,435123,333323,"E92000001","E19000001","E18000004","","E06000015","E05001780"
"DE238WL",10,435414,333505,"E92000001","E19000001","E18000004","","E06000015","E05001780"
"DE238WN",10,435452,333526,"E92000001","E19000001","E18000004","","E06000015","E05001780"
"DE238WP",10,435485,333552,"E92000001","E19000001","E18000004","","E06000015","E05001780"
"DE238XA",10,436004,334302,"E92000001","E19000001","E18000004","","E06000015","E05001770"
"DE238XL",10,435503,335362,"E92000001","E19000001","E18000004","","E06000015","E05001770"
"DE238YB",10,435968,334552,"E92000001","E19000001","E18000004","","E06000015","E05001770"
"DE238YH",10,435885,334065,"E92000001","E19000001","E18000004","","E06000015","E05001770"
"DE238YJ",10,435800,334055,"E92000001","E19000001","E18000004","","E06000015","E05001770"
"DE238YL",10,435779,333942,"E92000001","E19000001","E18000004","","E06000015","E05001770"
"DE238ZX",10,435996,335424,"E92000001","E19000001","E18000004","","E06000015","E05001770"
"DE240AA",10,437491,332757,"E92000001","E19000001","E18000004","","E06000015","E05001772"
"DE240AB",10,437531,332779,"E92000001","E19000001","E18000004","","E06000015","E05001772"
"DE240AD",10,437440,332758,"E92000001","E19000001","E18000004","","E06000015","E05001772"
"DE240AE",10,437637,332810,"E92000001","E19000001","E18000004","","E06000015","E05001772"
"DE240AG",10,437634,332842,"E92000001","E19000001","E18000004","","E06000015","E05001772"
"DE240AH",10,437640,332729,"E92000001","E19000001","E18000004","","E06000015","E05001772"
"DE240AJ",10,437640,332761,"E92000001","E19000001","E18000004","","E06000015","E05001772"
"DE240AL",10,437548,332676,"E92000001","E19000001","E18000004","","E06000015","E05001772"
"DE240AN",10,437568,332620,"E92000001","E19000001","E18000004","","E06000015","E05001772"
"DE240AP",10,437849,332626,"E92000001","E19000001","E18000004","","E06000015","E05001772"
"DE240AQ",10,437807,332596,"E92000001","E19000001","E18000004","","E06000015","E05001772"
"DE240AR",10,437641,332494,"E92000001","E19000001","E18000004","","E06000015","E05001772"
"DE240AS",10,437672,332478,"E92000001","E19000001","E18000004","","E06000015","E05001772"
"DE240AT",10,437725,332418,"E92000001","E19000001","E18000004","","E06000015","E05001772"
"DE240AU",10,437747,332505,"E92000001","E19000001","E18000004","","E06000015","E05001772"
"DE240AW",10,437782,332512,"E92000001","E19000001","E18000004","","E06000015","E05001772"
"DE240AX",10,438137,332517,"E92000001","E19000001","E18000004","","E06000015","E05001772"
"DE240AY",10,438058,332571,"E92000001","E19000001","E18000004","","E06000015","E05001772"
"DE240AZ",10,438111,332539,"E92000001","E19000001","E18000004","","E06000015","E05001772"
"DE240BA",10,437884,332450,"E92000001","E19000001","E18000004","","E06000015","E05001772"
"DE240BB",10,437727,332309,"E92000001","E19000001","E18000004","","E06000015","E05001772"
"DE240BD",10,437605,332150,"E92000001","E19000001","E18000004","","E06000015","E05001772"
"DE240BE",10,437832,332502,"E92000001","E19000001","E18000004","","E06000015","E05001772"
"DE240BG",10,437625,332268,"E92000001","E19000001","E18000004","","E06000015","E05001772"
"DE240BH",10,437651,332236,"E92000001","E19000001","E18000004","","E06000015","E05001772"
"DE240BJ",10,437819,332274,"E92000001","E19000001","E18000004","","E06000015","E05001772"
"DE240BN",10,437716,332059,"E92000001","E19000001","E18000004","","E06000015","E05001772"
"DE240BP",10,437802,331970,"E92000001","E19000001","E18000004","","E06000015","E05001772"
"DE240BR",10,437961,331782,"E92000001","E19000001","E18000004","","E06000015","E05001772"
"DE240BS",10,437999,332119,"E92000001","E19000001","E18000004","","E06000015","E05001772"
"DE240BT",10,438082,332236,"E92000001","E19000001","E18000004","","E06000015","E05001772"
"DE240BU",10,437844,332187,"E92000001","E19000001","E18000004","","E06000015","E05001772"
"DE240BW",10,437789,332078,"E92000001","E19000001","E18000004","","E06000015","E05001772"
"DE240BX",10,437578,332004,"E92000001","E19000001","E18000004","","E06000015","E05001772"
"DE240BY",10,437687,331930,"E92000001","E19000001","E18000004","","E06000015","E05001772"
"DE240BZ",10,437873,332099,"E92000001","E19000001","E18000004","","E06000015","E05001772"
"DE240DA",10,438062,332317,"E92000001","E19000001","E18000004","","E06000015","E05001772"
"DE240DB",10,438236,332362,"E92000001","E19000001","E18000004","","E06000015","E05001772"
"DE240DD",10,438314,332480,"E92000001","E19000001","E18000004","","E06000015","E05001772"
"DE240DE",10,438465,332520,"E92000001","E19000001","E18000004","","E06000015","E05001772"
"DE240DF",10,438744,332565,"E92000001","E19000001","E18000004","","E06000015","E05001772"
"DE240DG",10,438169,332404,"E92000001","E19000001","E18000004","","E06000015","E05001772"
"DE240DH",10,438238,332480,"E92000001","E19000001","E18000004","","E06000015","E05001772"
"DE240DJ",10,438392,332440,"E92000001","E19000001","E18000004","","E06000015","E05001772"
"DE240DL",10,438522,332503,"E92000001","E19000001","E18000004","","E06000015","E05001772"
"DE240DN",10,438459,332479,"E92000001","E19000001","E18000004","","E06000015","E05001772"
"DE240DP",10,438490,332427,"E92000001","E19000001","E18000004","","E06000015","E05001772"
"DE240DQ",10,438498,332396,"E92000001","E19000001","E18000004","","E06000015","E05001772"
"DE240DR",10,439355,333191,"E92000001","E19000001","E18000004","","E06000015","E05001769"
"DE240DU",10,438609,333543,"E92000001","E19000001","E18000004","","E06000015","E05001769"
"DE240DW",10,438563,333571,"E92000001","E19000001","E18000004","","E06000015","E05001769"
"DE240DX",10,438686,333397,"E92000001","E19000001","E18000004","","E06000015","E05001769"
"DE240DY",10,438659,333408,"E92000001","E19000001","E18000004","","E06000015","E05001769"
"DE240DZ",10,438757,333567,"E92000001","E19000001","E18000004","","E06000015","E05001769"
"DE240EA",10,438715,333547,"E92000001","E19000001","E18000004","","E06000015","E05001769"
"DE240EB",10,438638,333511,"E92000001","E19000001","E18000004","","E06000015","E05001769"
"DE240ED",10,438465,333205,"E92000001","E19000001","E18000004","","E06000015","E05001772"
"DE240EE",10,438264,333110,"E92000001","E19000001","E18000004","","E06000015","E05001772"
"DE240EF",10,438266,333173,"E92000001","E19000001","E18000004","","E06000015","E05001769"
"DE240EG",10,437962,332998,"E92000001","E19000001","E18000004","","E06000015","E05001772"
"DE240EH",10,437940,333052,"E92000001","E19000001","E18000004","","E06000015","E05001769"
"DE240EJ",10,437639,332894,"E92000001","E19000001","E18000004","","E06000015","E05001772"
"DE240EL",10,437636,332955,"E92000001","E19000001","E18000004","","E06000015","E05001769"
"DE240EN",10,438314,333078,"E92000001","E19000001","E18000004","","E06000015","E05001772"
"DE240EP",10,438186,333020,"E92000001","E19000001","E18000004","","E06000015","E05001772"
"DE240EQ",10,438273,333013,"E92000001","E19000001","E18000004","","E06000015","E05001772"
"DE240ER",10,437767,332811,"E92000001","E19000001","E18000004","","E06000015","E05001772"
"DE240ES",10,437802,332810,"E92000001","E19000001","E18000004","","E06000015","E05001772"
"DE240ET",10,437735,333015,"E92000001","E19000001","E18000004","","E06000015","E05001769"
"DE240EU",10,438131,333147,"E92000001","E19000001","E18000004","","E06000015","E05001769"
"DE240EW",10,438659,332055,"E92000001","E19000001","E18000004","","E06000015","E05001772"
"DE240EX",10,437460,332848,"E92000001","E19000001","E18000004","","E06000015","E05001772"
"DE240EY",10,438467,332905,"E92000001","E19000001","E18000004","","E06000015","E05001772"
"DE240FB",10,438366,332999,"E92000001","E19000001","E18000004","","E06000015","E05001772"
"DE240FD",10,438512,333085,"E92000001","E19000001","E18000004","","E06000015","E05001772"
"DE240FE",10,438312,332804,"E92000001","E19000001","E18000004","","E06000015","E05001772"
"DE240FF",10,438339,332768,"E92000001","E19000001","E18000004","","E06000015","E05001772"
"DE240FG",10,438135,332631,"E92000001","E19000001","E18000004","","E06000015","E05001772"
"DE240FH",10,438189,332626,"E92000001","E19000001","E18000004","","E06000015","E05001772"
"DE240FJ",10,438230,332910,"E92000001","E19000001","E18000004","","E06000015","E05001772"
"DE240FL",10,438256,332885,"E92000001","E19000001","E18000004","","E06000015","E05001772"
"DE240FN",10,437946,332874,"E92000001","E19000001","E18000004","","E06000015","E05001772"
"DE240FP",10,438138,332782,"E92000001","E19000001","E18000004","","E06000015","E05001772"
"DE240FQ",10,438230,332812,"E92000001","E19000001","E18000004","","E06000015","E05001772"
"DE240FR",10,438429,332806,"E92000001","E19000001","E18000004","","E06000015","E05001772"
"DE240FS",10,438263,332617,"E92000001","E19000001","E18000004","","E06000015","E05001772"
"DE240FT",10,438244,332566,"E92000001","E19000001","E18000004","","E06000015","E05001772"
"DE240FW",10,438033,332740,"E92000001","E19000001","E18000004","","E06000015","E05001772"
"DE240FX",10,437999,332617,"E92000001","E19000001","E18000004","","E06000015","E05001772"
"DE240FY",10,438074,332672,"E92000001","E19000001","E18000004","","E06000015","E05001772"
"DE240FZ",10,437879,332671,"E92000001","E19000001","E18000004","","E06000015","E05001772"
"DE240GA",10,437974,332757,"E92000001","E19000001","E18000004","","E06000015","E05001772"
"DE240GB",10,437888,332793,"E92000001","E19000001","E18000004","","E06000015","E05001772"
"DE240GD",10,438116,332707,"E92000001","E19000001","E18000004","","E06000015","E05001772"
"DE240GE",10,438464,333070,"E92000001","E19000001","E18000004","","E06000015","E05001772"
"DE240GF",10,438233,332774,"E92000001","E19000001","E18000004","","E06000015","E05001772"
"DE240GG",10,438626,333077,"E92000001","E19000001","E18000004","","E06000015","E05001772"
"DE240GH",10,438641,333033,"E92000001","E19000001","E18000004","","E06000015","E05001772"
"DE240GJ",10,438597,332921,"E92000001","E19000001","E18000004","","E06000015","E05001772"
"DE240GL",10,438599,332954,"E92000001","E19000001","E18000004","","E06000015","E05001772"
"DE240GN",10,438592,332873,"E92000001","E19000001","E18000004","","E06000015","E05001772"
"DE240GP",10,438741,332848,"E92000001","E19000001","E18000004","","E06000015","E05001772"
"DE240GQ",10,438653,332657,"E92000001","E19000001","E18000004","","E06000015","E05001772"
"DE240GR",10,438583,332433,"E92000001","E19000001","E18000004","","E06000015","E05001772"
"DE240GS",10,438611,332484,"E92000001","E19000001","E18000004","","E06000015","E05001772"
"DE240GT",10,438618,332248,"E92000001","E19000001","E18000004","","E06000015","E05001772"
"DE240GU",10,438644,332314,"E92000001","E19000001","E18000004","","E06000015","E05001772"
"DE240GW",10,438653,332078,"E92000001","E19000001","E18000004","","E06000015","E05001772"
"DE240GX",10,438569,332754,"E92000001","E19000001","E18000004","","E06000015","E05001772"
"DE240GY",10,438528,332623,"E92000001","E19000001","E18000004","","E06000015","E05001772"
"DE240GZ",10,438485,332691,"E92000001","E19000001","E18000004","","E06000015","E05001772"
"DE240HA",10,438382,332662,"E92000001","E19000001","E18000004","","E06000015","E05001772"
"DE240HB",10,438508,332341,"E92000001","E19000001","E18000004","","E06000015","E05001772"
"DE240HD",10,438390,332344,"E92000001","E19000001","E18000004","","E06000015","E05001772"
"DE240HE",10,438430,332251,"E92000001","E19000001","E18000004","","E06000015","E05001772"
"DE240HF",10,438533,332222,"E92000001","E19000001","E18000004","","E06000015","E05001772"
"DE240HG",10,438920,332156,"E92000001","E19000001","E18000004","","E06000015","E05001772"
"DE240HH",10,438999,332161,"E92000001","E19000001","E18000004","","E06000015","E05001772"
"DE240HJ",10,438972,332095,"E92000001","E19000001","E18000004","","E06000015","E05001772"
"DE240HL",10,438097,332429,"E92000001","E19000001","E18000004","","E06000015","E05001772"
"DE240HN",10,438206,332251,"E92000001","E19000001","E18000004","","E06000015","E05001772"
"DE240HP",10,438358,332161,"E92000001","E19000001","E18000004","","E06000015","E05001772"
"DE240HQ",10,438533,332118,"E92000001","E19000001","E18000004","","E06000015","E05001772"
"DE240HR",10,438323,332264,"E92000001","E19000001","E18000004","","E06000015","E05001772"
"DE240HS",10,438302,332331,"E92000001","E19000001","E18000004","","E06000015","E05001772"
"DE240HT",10,438345,332229,"E92000001","E19000001","E18000004","","E06000015","E05001772"
"DE240HU",10,438586,332047,"E92000001","E19000001","E18000004","","E06000015","E05001772"
"DE240HW",10,438509,332010,"E92000001","E19000001","E18000004","","E06000015","E05001772"
"DE240HX",10,438398,332080,"E92000001","E19000001","E18000004","","E06000015","E05001772"
"DE240HY",10,438384,332003,"E92000001","E19000001","E18000004","","E06000015","E05001772"
"DE240HZ",10,438420,331940,"E92000001","E19000001","E18000004","","E06000015","E05001772"
"DE240JA",10,438487,331925,"E92000001","E19000001","E18000004","","E06000015","E05001772"
"DE240JB",10,438548,332064,"E92000001","E19000001","E18000004","","E06000015","E05001772"
"DE240JD",10,438819,332183,"E92000001","E19000001","E18000004","","E06000015","E05001772"
"DE240JE",10,438790,332123,"E92000001","E19000001","E18000004","","E06000015","E05001772"
"DE240JF",10,438319,332659,"E92000001","E19000001","E18000004","","E06000015","E05001772"
"DE240JG",10,438612,333369,"E92000001","E19000001","E18000004","","E06000015","E05001769"
"DE240JH",10,438528,333375,"E92000001","E19000001","E18000004","","E06000015","E05001769"
"DE240JJ",10,438637,333207,"E92000001","E19000001","E18000004","","E06000015","E05001772"
"DE240JL",10,438740,333030,"E92000001","E19000001","E18000004","","E06000015","E05001772"
"DE240JN",10,438717,332968,"E92000001","E19000001","E18000004","","E06000015","E05001772"
"DE240JP",10,438795,333059,"E92000001","E19000001","E18000004","","E06000015","E05001769"
"DE240JQ",10,438962,332811,"E92000001","E19000001","E18000004","","E06000015","E05001772"
"DE240JR",10,439033,332817,"E92000001","E19000001","E18000004","","E06000015","E05001769"
"DE240JS",10,439152,332651,"E92000001","E19000001","E18000004","","E06000015","E05001772"
"DE240JT",10,439200,332692,"E92000001","E19000001","E18000004","","E06000015","E05001769"
"DE240JU",10,439070,332894,"E92000001","E19000001","E18000004","","E06000015","E05001769"
"DE240JW",10,438822,332805,"E92000001","E19000001","E18000004","","E06000015","E05001772"
"DE240JX",10,438830,332654,"E92000001","E19000001","E18000004","","E06000015","E05001772"
"DE240JY",10,438802,332502,"E92000001","E19000001","E18000004","","E06000015","E05001772"
"DE240JZ",10,438785,332332,"E92000001","E19000001","E18000004","","E06000015","E05001772"
"DE240LA",10,438767,332747,"E92000001","E19000001","E18000004","","E06000015","E05001772"
"DE240LB",10,438726,332672,"E92000001","E19000001","E18000004","","E06000015","E05001772"
"DE240LD",10,438716,332501,"E92000001","E19000001","E18000004","","E06000015","E05001772"
"DE240LE",10,438677,332335,"E92000001","E19000001","E18000004","","E06000015","E05001772"
"DE240LF",10,438730,332427,"E92000001","E19000001","E18000004","","E06000015","E05001772"
"DE240LG",10,438730,332241,"E92000001","E19000001","E18000004","","E06000015","E05001772"
"DE240LH",10,439056,332658,"E92000001","E19000001","E18000004","","E06000015","E05001772"
"DE240LJ",10,438684,332985,"E92000001","E19000001","E18000004","","E06000015","E05001772"
"DE240LN",10,439197,332926,"E92000001","E19000001","E18000004","","E06000015","E05001769"
"DE240LP",10,439231,332926,"E92000001","E19000001","E18000004","","E06000015","E05001769"
"DE240LQ",10,439165,332515,"E92000001","E19000001","E18000004","","E06000015","E05001772"
"DE240LR",10,439126,332343,"E92000001","E19000001","E18000004","","E06000015","E05001772"
"DE240LS",10,439076,332560,"E92000001","E19000001","E18000004","","E06000015","E05001772"
"DE240LT",10,439090,332455,"E92000001","E19000001","E18000004","","E06000015","E05001772"
"DE240LU",10,439128,332388,"E92000001","E19000001","E18000004","","E06000015","E05001772"
"DE240LW",10,439005,332374,"E92000001","E19000001","E18000004","","E06000015","E05001772"
"DE240LX",10,438935,332557,"E92000001","E19000001","E18000004","","E06000015","E05001772"
"DE240LY",10,439207,332253,"E92000001","E19000001","E18000004","","E06000015","E05001772"
"DE240LZ",10,439241,332115,"E92000001","E19000001","E18000004","","E06000015","E05001772"
"DE240NB",10,439070,332167,"E92000001","E19000001","E18000004","","E06000015","E05001772"
"DE240ND",10,439146,332175,"E92000001","E19000001","E18000004","","E06000015","E05001772"
"DE240NE",10,439228,332142,"E92000001","E19000001","E18000004","","E06000015","E05001772"
"DE240NF",10,439146,332246,"E92000001","E19000001","E18000004","","E06000015","E05001772"
"DE240NG",10,439001,332254,"E92000001","E19000001","E18000004","","E06000015","E05001772"
"DE240NH",10,438883,332325,"E92000001","E19000001","E18000004","","E06000015","E05001772"
"DE240NJ",10,438895,332469,"E92000001","E19000001","E18000004","","E06000015","E05001772"
"DE240NL",10,438867,332543,"E92000001","E19000001","E18000004","","E06000015","E05001772"
"DE240NN",10,438973,332344,"E92000001","E19000001","E18000004","","E06000015","E05001772"
"DE240NP",10,438915,332410,"E92000001","E19000001","E18000004","","E06000015","E05001772"
"DE240NQ",10,438927,332676,"E92000001","E19000001","E18000004","","E06000015","E05001772"
"DE240NR",10,438994,332685,"E92000001","E19000001","E18000004","","E06000015","E05001772"
"DE240NS",10,438945,332788,"E92000001","E19000001","E18000004","","E06000015","E05001772"
"DE240NX",10,438852,333661,"E92000001","E19000001","E18000004","","E06000015","E05001769"
"DE240NY",10,438750,333696,"E92000001","E19000001","E18000004","","E06000015","E05001769"
"DE240NZ",10,438821,333632,"E92000001","E19000001","E18000004","","E06000015","E05001769"
"DE240PA",10,438963,333579,"E92000001","E19000001","E18000004","","E06000015","E05001769"
"DE240PB",10,439043,333496,"E92000001","E19000001","E18000004","","E06000015","E05001769"
"DE240PD",10,439100,333409,"E92000001","E19000001","E18000004","","E06000015","E05001769"
"DE240PE",10,438974,333447,"E92000001","E19000001","E18000004","","E06000015","E05001769"
"DE240PF",10,438994,333407,"E92000001","E19000001","E18000004","","E06000015","E05001769"
"DE240PG",10,438822,333527,"E92000001","E19000001","E18000004","","E06000015","E05001769"
"DE240PH",10,438772,333318,"E92000001","E19000001","E18000004","","E06000015","E05001769"
"DE240PJ",10,438803,333378,"E92000001","E19000001","E18000004","","E06000015","E05001769"
"DE240PL",10,438949,333368,"E92000001","E19000001","E18000004","","E06000015","E05001769"
"DE240PN",10,439074,333314,"E92000001","E19000001","E18000004","","E06000015","E05001769"
"DE240PP",10,438871,333288,"E92000001","E19000001","E18000004","","E06000015","E05001769"
"DE240PQ",10,438886,333491,"E92000001","E19000001","E18000004","","E06000015","E05001769"
"DE240PR",10,439177,333288,"E92000001","E19000001","E18000004","","E06000015","E05001769"
"DE240PS",10,439517,332982,"E92000001","E19000001","E18000004","","E06000015","E05001769"
"DE240PT",10,439295,333133,"E92000001","E19000001","E18000004","","E06000015","E05001769"
"DE240PU",10,439082,333170,"E92000001","E19000001","E18000004","","E06000015","E05001769"
"DE240PW",10,438941,333197,"E92000001","E19000001","E18000004","","E06000015","E05001769"
"DE240PX",10,438760,333212,"E92000001","E19000001","E18000004","","E06000015","E05001769"
"DE240PY",10,439114,333205,"E92000001","E19000001","E18000004","","E06000015","E05001769"
"DE240PZ",10,439180,333025,"E92000001","E19000001","E18000004","","E06000015","E05001769"
"DE240QA",10,438986,333248,"E92000001","E19000001","E18000004","","E06000015","E05001769"
"DE240QB",10,439092,333279,"E92000001","E19000001","E18000004","","E06000015","E05001769"
"DE240QD",10,439330,333218,"E92000001","E19000001","E18000004","","E06000015","E05001769"
"DE240QE",10,439271,333231,"E92000001","E19000001","E18000004","","E06000015","E05001769"
"DE240QF",10,439253,333269,"E92000001","E19000001","E18000004","","E06000015","E05001769"
"DE240QG",10,439349,333270,"E92000001","E19000001","E18000004","","E06000015","E05001769"
"DE240QQ",10,438798,333291,"E92000001","E19000001","E18000004","","E06000015","E05001769"
"DE240QR",10,439223,333265,"E92000001","E19000001","E18000004","","E06000015","E05001769"
"DE240QS",10,439560,333074,"E92000001","E19000001","E18000004","","E06000015","E05001769"
"DE240QT",10,439399,333268,"E92000001","E19000001","E18000004","","E06000015","E05001769"
"DE240QU",10,439472,333324,"E92000001","E19000001","E18000004","","E06000015","E05001769"
"DE240QW",10,439916,333112,"E92000001","E19000001","E18000004","","E06000015","E05001769"
"DE240QX",10,439545,333166,"E92000001","E19000001","E18000004","","E06000015","E05001769"
"DE240QY",10,439437,333340,"E92000001","E19000001","E18000004","","E06000015","E05001769"
"DE240QZ",10,439421,333406,"E92000001","E19000001","E18000004","","E06000015","E05001769"
"DE240RA",10,439372,333100,"E92000001","E19000001","E18000004","","E06000015","E05001769"
"DE240RB",10,439384,332837,"E92000001","E19000001","E18000004","","E06000015","E05001769"
"DE240RD",10,439358,333056,"E92000001","E19000001","E18000004","","E06000015","E05001769"
"DE240RE",10,439325,332996,"E92000001","E19000001","E18000004","","E06000015","E05001769"
"DE240RF",10,439365,332918,"E92000001","E19000001","E18000004","","E06000015","E05001769"
"DE240RG",10,439404,332922,"E92000001","E19000001","E18000004","","E06000015","E05001769"
"DE240RH",10,439475,333040,"E92000001","E19000001","E18000004","","E06000015","E05001769"
"DE240RJ",10,439475,332922,"E92000001","E19000001","E18000004","","E06000015","E05001769"
"DE240RL",10,439490,332825,"E92000001","E19000001","E18000004","","E06000015","E05001769"
"DE240RN",10,439524,332920,"E92000001","E19000001","E18000004","","E06000015","E05001769"
"DE240RP",10,439585,332908,"E92000001","E19000001","E18000004","","E06000015","E05001769"
"DE240RQ",10,439437,332987,"E92000001","E19000001","E18000004","","E06000015","E05001769"
"DE240RR",10,439591,332848,"E92000001","E19000001","E18000004","","E06000015","E05001769"
"DE240RS",10,439590,332972,"E92000001","E19000001","E18000004","","E06000015","E05001769"
"DE240RT",10,439433,333049,"E92000001","E19000001","E18000004","","E06000015","E05001769"
"DE240RU",10,439492,332772,"E92000001","E19000001","E18000004","","E06000015","E05001769"
"DE240RW",10,439566,332864,"E92000001","E19000001","E18000004","","E06000015","E05001769"
"DE240RX",10,439440,332757,"E92000001","E19000001","E18000004","","E06000015","E05001769"
"DE240RY",10,439330,332831,"E92000001","E19000001","E18000004","","E06000015","E05001769"
"DE240RZ",10,439671,332591,"E92000001","E19000001","E18000004","","E06000015","E05001769"
"DE240SA",10,439815,332769,"E92000001","E19000001","E18000004","","E06000015","E05001769"
"DE240SB",10,439772,332825,"E92000001","E19000001","E18000004","","E06000015","E05001769"
"DE240SD",10,439672,332919,"E92000001","E19000001","E18000004","","E06000015","E05001769"
"DE240SE",10,438657,332015,"E92000001","E19000001","E18000004","","E06000015","E05001772"
"DE240SF",10,439604,332612,"E92000001","E19000001","E18000004","","E06000015","E05001769"
"DE240SG",10,439659,332766,"E92000001","E19000001","E18000004","","E06000015","E05001769"
"DE240SH",10,439693,332703,"E92000001","E19000001","E18000004","","E06000015","E05001769"
"DE240SJ",10,439664,332672,"E92000001","E19000001","E18000004","","E06000015","E05001769"
"DE240SL",10,439450,332620,"E92000001","E19000001","E18000004","","E06000015","E05001769"
"DE240SN",10,439378,332690,"E92000001","E19000001","E18000004","","E06000015","E05001769"
"DE240SP",10,439317,332668,"E92000001","E19000001","E18000004","","E06000015","E05001769"
"DE240SQ",10,439428,332612,"E92000001","E19000001","E18000004","","E06000015","E05001769"
"DE240SR",10,439562,332611,"E92000001","E19000001","E18000004","","E06000015","E05001769"
"DE240SS",10,439752,332926,"E92000001","E19000001","E18000004","","E06000015","E05001769"
"DE240ST",10,439761,332656,"E92000001","E19000001","E18000004","","E06000015","E05001769"
"DE240SW",10,439311,332757,"E92000001","E19000001","E18000004","","E06000015","E05001769"
"DE240SX",10,439607,332772,"E92000001","E19000001","E18000004","","E06000015","E05001769"
"DE240SY",10,439328,333285,"E92000001","E19000001","E18000004","","E06000015","E05001769"
"DE240TA",10,438142,332188,"E92000001","E19000001","E18000004","","E06000015","E05001772"
"DE240TB",10,438127,332147,"E92000001","E19000001","E18000004","","E06000015","E05001772"
"DE240TD",10,438188,332123,"E92000001","E19000001","E18000004","","E06000015","E05001772"
"DE240TE",10,438194,332085,"E92000001","E19000001","E18000004","","E06000015","E05001772"
"DE240TF",10,438296,332084,"E92000001","E19000001","E18000004","","E06000015","E05001772"
"DE240TG",10,439713,332447,"E92000001","E19000001","E18000004","","E06000015","E05001769"
"DE240TH",10,439618,332429,"E92000001","E19000001","E18000004","","E06000015","E05001769"
"DE240TJ",10,439800,332356,"E92000001","E19000001","E18000004","","E06000015","E05001769"
"DE240TL",10,439734,332520,"E92000001","E19000001","E18000004","","E06000015","E05001769"
"DE240TN",10,439863,332642,"E92000001","E19000001","E18000004","","E06000015","E05001769"
"DE240TP",10,439666,332388,"E92000001","E19000001","E18000004","","E06000015","E05001769"
"DE240TQ",10,439577,332485,"E92000001","E19000001","E18000004","","E06000015","E05001769"
"DE240TR",10,438940,333673,"E92000001","E19000001","E18000004","","E06000015","E05001769"
"DE240TS",10,438947,333646,"E92000001","E19000001","E18000004","","E06000015","E05001769"
"DE240TW",10,439793,332677,"E92000001","E19000001","E18000004","","E06000015","E05001769"
"DE240TZ",10,439715,332219,"E92000001","E19000001","E18000004","","E06000015","E05001772"
"DE240UA",10,439466,332255,"E92000001","E19000001","E18000004","","E06000015","E05001772"
"DE240UB",10,439491,332187,"E92000001","E19000001","E18000004","","E06000015","E05001772"
"DE240UD",10,439543,332368,"E92000001","E19000001","E18000004","","E06000015","E05001772"
"DE240UE",10,439430,332121,"E92000001","E19000001","E18000004","","E06000015","E05001772"
"DE240UF",10,439445,332417,"E92000001","E19000001","E18000004","","E06000015","E05001772"
"DE240UG",10,439529,332151,"E92000001","E19000001","E18000004","","E06000015","E05001772"
"DE240UH",10,439306,332268,"E92000001","E19000001","E18000004","","E06000015","E05001772"
"DE240UJ",10,439291,332229,"E92000001","E19000001","E18000004","","E06000015","E05001772"
"DE240UL",10,439403,332254,"E92000001","E19000001","E18000004","","E06000015","E05001772"
"DE240UN",10,439318,332344,"E92000001","E19000001","E18000004","","E06000015","E05001772"
"DE240UP",10,439537,332085,"E92000001","E19000001","E18000004","","E06000015","E05001772"
"DE240UQ",10,439431,332198,"E92000001","E19000001","E18000004","","E06000015","E05001772"
"DE240UR",10,439297,332433,"E92000001","E19000001","E18000004","","E06000015","E05001772"
"DE240US",10,439326,332499,"E92000001","E19000001","E18000004","","E06000015","E05001772"
"DE240UT",10,439329,332423,"E92000001","E19000001","E18000004","","E06000015","E05001772"
"DE240UU",10,439331,332544,"E92000001","E19000001","E18000004","","E06000015","E05001772"
"DE240UW",10,439627,332236,"E92000001","E19000001","E18000004","","E06000015","E05001772"
"DE240UX",10,439427,332452,"E92000001","E19000001","E18000004","","E06000015","E05001772"
"DE240UY",10,439368,332123,"E92000001","E19000001","E18000004","","E06000015","E05001772"
"DE240UZ",10,439558,332132,"E92000001","E19000001","E18000004","","E06000015","E05001772"
"DE240XD",10,439650,332108,"E92000001","E19000001","E18000004","","E06000015","E05001772"
"DE240XE",10,439591,332042,"E92000001","E19000001","E18000004","","E06000015","E05001772"
"DE240XF",10,439662,332063,"E92000001","E19000001","E18000004","","E06000015","E05001772"
"DE240XZ",10,439227,333528,"E92000001","E19000001","E18000004","","E06000015","E05001769"
"DE240YA",10,439298,333476,"E92000001","E19000001","E18000004","","E06000015","E05001769"
"DE240YB",10,439228,333437,"E92000001","E19000001","E18000004","","E06000015","E05001769"
"DE240YD",10,439173,333493,"E92000001","E19000001","E18000004","","E06000015","E05001769"
"DE240YE",10,439129,333465,"E92000001","E19000001","E18000004","","E06000015","E05001769"
"DE240YS",10,435996,335424,"E92000001","E19000001","E18000004","","E06000015","E05001770"
"DE240YZ",10,439298,333568,"E92000001","E19000001","E18000004","","E06000015","E05001769"
"DE241AA",10,437385,334668,"E92000001","E19000001","E18000004","","E06000015","E05001769"
"DE241AB",10,437364,334526,"E92000001","E19000001","E18000004","","E06000015","E05001769"
"DE241AD",10,437346,334460,"E92000001","E19000001","E18000004","","E06000015","E05001769"
"DE241AE",10,437457,334575,"E92000001","E19000001","E18000004","","E06000015","E05001769"
"DE241AF",10,437342,334396,"E92000001","E19000001","E18000004","","E06000015","E05001769"
"DE241AG",10,437536,334545,"E92000001","E19000001","E18000004","","E06000015","E05001769"
"DE241AH",10,437396,334631,"E92000001","E19000001","E18000004","","E06000015","E05001769"
"DE241AJ",10,437382,334610,"E92000001","E19000001","E18000004","","E06000015","E05001769"
"DE241AL",10,437521,334449,"E92000001","E19000001","E18000004","","E06000015","E05001769"
"DE241AN",10,437417,334481,"E92000001","E19000001","E18000004","","E06000015","E05001769"
"DE241AP",10,437272,334620,"E92000001","E19000001","E18000004","","E06000015","E05001769"
"DE241AQ",10,437334,334721,"E92000001","E19000001","E18000004","","E06000015","E05001769"
"DE241AR",10,437454,334727,"E92000001","E19000001","E18000004","","E06000015","E05001769"
"DE241AS",10,437563,334617,"E92000001","E19000001","E18000004","","E06000015","E05001769"
"DE241AT",10,437302,334739,"E92000001","E19000001","E18000004","","E06000015","E05001769"
"DE243AA",10,434076,330949,"E92000001","E19000001","E18000004","E10000007","E07000039","E05008820"
"DE243AB",10,434028,330905,"E92000001","E19000001","E18000004","E10000007","E07000039","E05008820"
"DE243AD",10,434009,330968,"E92000001","E19000001","E18000004","E10000007","E07000039","E05008820"
"DE243AE",10,433966,330952,"E92000001","E19000001","E18000004","E10000007","E07000039","E05008820"
"DE243AF",10,433968,330895,"E92000001","E19000001","E18000004","E10000007","E07000039","E05008820"
"DE243AG",10,433972,330719,"E92000001","E19000001","E18000004","E10000007","E07000039","E05008820"
"DE243AH",10,433909,330833,"E92000001","E19000001","E18000004","E10000007","E07000039","E05008820"
"DE243AJ",10,433931,330803,"E92000001","E19000001","E18000004","E10000007","E07000039","E05008820"
"DE243AL",10,433919,330756,"E92000001","E19000001","E18000004","E10000007","E07000039","E05008820"
"DE243AN",10,433883,330735,"E92000001","E19000001","E18000004","E10000007","E07000039","E05008820"
"DE243AP",10,433892,330575,"E92000001","E19000001","E18000004","E10000007","E07000039","E05008820"
"DE243AQ",10,433883,330667,"E92000001","E19000001","E18000004","E10000007","E07000039","E05008820"
"DE243AR",10,434308,330988,"E92000001","E19000001","E18000004","","E06000015","E05001782"
"DE243AS",10,433463,330684,"E92000001","E19000001","E18000004","E10000007","E07000039","E05008820"
"DE243AT",10,433220,330785,"E92000001","E19000001","E18000004","E10000007","E07000039","E05008820"
"DE243AU",10,433261,330853,"E92000001","E19000001","E18000004","E10000007","E07000039","E05008820"
"DE243AW",10,433325,330812,"E92000001","E19000001","E18000004","E10000007","E07000039","E05008820"
"DE243AX",10,433308,330909,"E92000001","E19000001","E18000004","E10000007","E07000039","E05008820"
"DE243AY",10,433372,330844,"E92000001","E19000001","E18000004","E10000007","E07000039","E05008820"
"DE243AZ",10,433448,330747,"E92000001","E19000001","E18000004","E10000007","E07000039","E05008820"
"DE243BA",10,433675,330672,"E92000001","E19000001","E18000004","E10000007","E07000039","E05008820"
"DE243BB",10,433822,330576,"E92000001","E19000001","E18000004","E10000007","E07000039","E05008820"
"DE243BD",10,433778,330591,"E92000001","E19000001","E18000004","E10000007","E07000039","E05008820"
"DE243BE",10,433781,330657,"E92000001","E19000001","E18000004","E10000007","E07000039","E05008820"
"DE243BG",10,433659,330624,"E92000001","E19000001","E18000004","E10000007","E07000039","E05008820"
"DE243BH",10,433719,330842,"E92000001","E19000001","E18000004","E10000007","E07000039","E05008820"
"DE243BJ",10,433758,330702,"E92000001","E19000001","E18000004","E10000007","E07000039","E05008820"
"DE243BL",10,433824,330832,"E92000001","E19000001","E18000004","E10000007","E07000039","E05008820"
"DE243BN",10,433685,330769,"E92000001","E19000001","E18000004","E10000007","E07000039","E05008820"
"DE243BP",10,433521,330788,"E92000001","E19000001","E18000004","E10000007","E07000039","E05008820"
"DE243BQ",10,433628,330648,"E92000001","E19000001","E18000004","E10000007","E07000039","E05008820"
"DE243BR",10,433214,331186,"E92000001","E19000001","E18000004","E10000007","E07000039","E05008820"
"DE243BS",10,433557,330656,"E92000001","E19000001","E18000004","E10000007","E07000039","E05008820"
"DE243BT",10,433180,331001,"E92000001","E19000001","E18000004","E10000007","E07000039","E05008820"
"DE243BU",10,433264,330733,"E92000001","E19000001","E18000004","E10000007","E07000039","E05008820"
"DE243BW",10,433585,330826,"E92000001","E19000001","E18000004","E10000007","E07000039","E05008820"
"DE243BX",10,433400,330833,"E92000001","E19000001","E18000004","E10000007","E07000039","E05008820"
"DE243BY",10,433429,330691,"E92000001","E19000001","E18000004","E10000007","E07000039","E05008820"
"DE243BZ",10,434145,330914,"E92000001","E19000001","E18000004","","E06000015","E05001782"
"DE243DA",10,434009,330722,"E92000001","E19000001","E18000004","E10000007","E07000039","E05008820"
"DE243DB",10,434305,330881,"E92000001","E19000001","E18000004","","E06000015","E05001782"
"DE243DD",10,434333,330809,"E92000001","E19000001","E18000004","","E06000015","E05001782"
"DE243DE",10,434381,330877,"E92000001","E19000001","E18000004","","E06000015","E05001782"
"DE243DF",10,434256,330832,"E92000001","E19000001","E18000004","","E06000015","E05001782"
"DE243DG",10,434187,330851,"E92000001","E19000001","E18000004","","E06000015","E05001782"
"DE243DH",10,434283,331222,"E92000001","E19000001","E18000004","","E06000015","E05001782"
"DE243DJ",10,434112,330771,"E92000001","E19000001","E18000004","E10000007","E07000039","E05008820"
"DE243DL",10,434090,330856,"E92000001","E19000001","E18000004","E10000007","E07000039","E05008820"
"DE243DN",10,434060,330786,"E92000001","E19000001","E18000004","E10000007","E07000039","E05008820"
"DE243DP",10,434149,330536,"E92000001","E19000001","E18000004","","E06000015","E05001782"
"DE243DQ",10,434106,330991,"E92000001","E19000001","E18000004","","E06000015","E05001782"
"DE243DR",10,434173,330593,"E92000001","E19000001","E18000004","","E06000015","E05001782"
"DE243DS",10,434162,331191,"E92000001","E19000001","E18000004","","E06000015","E05001782"
"DE243DT",10,434220,330659,"E92000001","E19000001","E18000004","","E06000015","E05001782"
"DE243DU",10,434278,330567,"E92000001","E19000001","E18000004","","E06000015","E05001782"
"DE243DW",10,434167,330792,"E92000001","E19000001","E18000004","E10000007","E07000039","E05008820"
"DE243DX",10,434457,330705,"E92000001","E19000001","E18000004","","E06000015","E05001782"
"DE243DY",10,434453,330711,"E92000001","E19000001","E18000004","","E06000015","E05001782"
"DE243DZ",10,434251,330499,"E92000001","E19000001","E18000004","","E06000015","E05001782"
"DE243EA",10,434388,330651,"E92000001","E19000001","E18000004","","E06000015","E05001782"
"DE243EB",10,434480,330553,"E92000001","E19000001","E18000004","","E06000015","E05001782"
"DE243ED",10,434370,330526,"E92000001","E19000001","E18000004","","E06000015","E05001782"
"DE243EE",10,434471,330582,"E92000001","E19000001","E18000004","","E06000015","E05001782"
"DE243EF",10,434383,330624,"E92000001","E19000001","E18000004","","E06000015","E05001782"
"DE243EG",10,433054,331031,"E92000001","E19000001","E18000004","E10000007","E07000039","E05008820"
"DE243EH",10,434025,330651,"E92000001","E19000001","E18000004","E10000007","E07000039","E05008820"
"DE243EJ",10,433084,330915,"E92000001","E19000001","E18000004","E10000007","E07000039","E05008820"
"DE243EL",10,433360,331013,"E92000001","E19000001","E18000004","E10000007","E07000039","E05008820"
"DE243EN",10,434097,330570,"E92000001","E19000001","E18000004","E10000007","E07000039","E05008820"
"DE243EP",10,434072,331000,"E92000001","E19000001","E18000004","","E06000015","E05001782"
"DE243EQ",10,434112,330693,"E92000001","E19000001","E18000004","E10000007","E07000039","E05008820"
"DE243ER",10,433314,331120,"E92000001","E19000001","E18000004","E10000007","E07000039","E05008820"
"DE243ES",10,433741,330929,"E92000001","E19000001","E18000004","E10000007","E07000039","E05008820"
"DE243ET",10,433674,330833,"E92000001","E19000001","E18000004","E10000007","E07000039","E05008820"
"DE243EU",10,433341,331199,"E92000001","E19000001","E18000004","E10000007","E07000039","E05008820"
"DE243EW",10,434017,331061,"E92000001","E19000001","E18000004","","E06000015","E05001782"
"DE243EX",10,433178,330875,"E92000001","E19000001","E18000004","E10000007","E07000039","E05008820"
"DE243EY",10,433248,331005,"E92000001","E19000001","E18000004","E10000007","E07000039","E05008820"
"DE243EZ",10,433197,330971,"E92000001","E19000001","E18000004","E10000007","E07000039","E05008820"
"DE243FB",10,433129,330909,"E92000001","E19000001","E18000004","E10000007","E07000039","E05008820"
"DE243FD",50,433218,331061,"E92000001","E19000001","E18000004","E10000007","E07000039","E05008820"
"DE243FE",10,433312,331221,"E92000001","E19000001","E18000004","E10000007","E07000039","E05008820"
"DE243FF",10,433081,331018,"E92000001","E19000001","E18000004","E10000007","E07000039","E05008820"
"DE243FG",10,433076,331046,"E92000001","E19000001","E18000004","E10000007","E07000039","E05008820"
"DE243FH",10,433242,331233,"E92000001","E19000001","E18000004","E10000007","E07000039","E05008820"
"DE243FJ",10,433315,331272,"E92000001","E19000001","E18000004","E10000007","E07000039","E05008820"
"DE243FL",10,433139,331024,"E92000001","E19000001","E18000004","E10000007","E07000039","E05008820"
"DE243FN",10,433200,331150,"E92000001","E19000001","E18000004","E10000007","E07000039","E05008820"
"DE243FP",10,433240,331200,"E92000001","E19000001","E18000004","E10000007","E07000039","E05008820"
"DE243FQ",10,433007,331053,"E92000001","E19000001","E18000004","E10000007","E07000039","E05008820"
"DE243FR",10,433173,331246,"E92000001","E19000001","E18000004","E10000007","E07000039","E05008820"
"DE243FS",50,433100,331173,"E92000001","E19000001","E18000004","E10000007","E07000039","E05008820"
"DE243FT",10,433027,331100,"E92000001","E19000001","E18000004","E10000007","E07000039","E05008820"
"DE243FU",50,433091,331114,"E92000001","E19000001","E18000004","E10000007","E07000039","E05008820"
"DE243FW",10,433073,331138,"E92000001","E19000001","E18000004","E10000007","E07000039","E05008820"
"DE243FX",10,433155,331127,"E92000001","E19000001","E18000004","E10000007","E07000039","E05008820"
"DE243FY",50,433155,331127,"E92000001","E19000001","E18000004","E10000007","E07000039","E05008820"
"DE243FZ",50,433155,331127,"E92000001","E19000001","E18000004","E10000007","E07000039","E05008820"
"DE243GA",50,434157,331230,"E92000001","E19000001","E18000004","","E06000015","E05001782"
"DE243GB",50,433155,331127,"E92000001","E19000001","E18000004","E10000007","E07000039","E05008820"
"DE243GD",50,433155,331127,"E92000001","E19000001","E18000004","E10000007","E07000039","E05008820"
"DE243GE",50,434157,331230,"E92000001","E19000001","E18000004","","E06000015","E05001782"
"DE243GF",50,434157,331230,"E92000001","E19000001","E18000004","","E06000015","E05001782"
"DE243GG",50,434157,331230,"E92000001","E19000001","E18000004","","E06000015","E05001782"
"DE243HA",10,433650,331348,"E92000001","E19000001","E18000004","E10000007","E07000039","E05008820"
"DE243HB",10,433570,331363,"E92000001","E19000001","E18000004","E10000007","E07000039","E05008820"
"DE243HD",10,433674,331325,"E92000001","E19000001","E18000004","E10000007","E07000039","E05008820"
"DE243HE",10,433705,331323,"E92000001","E19000001","E18000004","E10000007","E07000039","E05008820"
"DE243HF",10,434524,330599,"E92000001","E19000001","E18000004","","E06000015","E05001782"
"DE243HG",10,434565,330596,"E92000001","E19000001","E18000004","","E06000015","E05001782"
"DE243HH",10,434642,330602,"E92000001","E19000001","E18000004","","E06000015","E05001782"
"DE243HJ",10,434648,330534,"E92000001","E19000001","E18000004","","E06000015","E05001782"
"DE243HL",10,434711,330556,"E92000001","E19000001","E18000004","","E06000015","E05001782"
"DE243HN",10,434768,330593,"E92000001","E19000001","E18000004","","E06000015","E05001782"
"DE243HP",10,434646,330654,"E92000001","E19000001","E18000004","","E06000015","E05001782"
"DE243HQ",10,434578,330645,"E92000001","E19000001","E18000004","","E06000015","E05001782"
"DE243HR",10,434213,330772,"E92000001","E19000001","E18000004","","E06000015","E05001782"
"DE243HS",10,433726,331455,"E92000001","E19000001","E18000004","E10000007","E07000039","E05008820"
"DE243HT",10,433633,331474,"E92000001","E19000001","E18000004","E10000007","E07000039","E05008820"
"DE243HU",10,433561,331444,"E92000001","E19000001","E18000004","E10000007","E07000039","E05008820"
"DE243HW",10,434745,330671,"E92000001","E19000001","E18000004","","E06000015","E05001782"
"DE243HX",10,433733,331517,"E92000001","E19000001","E18000004","E10000007","E07000039","E05008820"
"DE243JA",10,434022,331332,"E92000001","E19000001","E18000004","","E06000015","E05001782"
"DE243JB",10,433525,330908,"E92000001","E19000001","E18000004","E10000007","E07000039","E05008820"
"DE243JD",10,433648,330915,"E92000001","E19000001","E18000004","E10000007","E07000039","E05008820"
"DE243JE",10,433535,330977,"E92000001","E19000001","E18000004","E10000007","E07000039","E05008820"
"DE243JF",10,433493,330897,"E92000001","E19000001","E18000004","E10000007","E07000039","E05008820"
"DE243JG",10,433410,331036,"E92000001","E19000001","E18000004","E10000007","E07000039","E05008820"
"DE243JH",10,433602,331264,"E92000001","E19000001","E18000004","E10000007","E07000039","E05008820"
"DE243JJ",10,433506,331251,"E92000001","E19000001","E18000004","E10000007","E07000039","E05008820"
"DE243JL",10,433565,331170,"E92000001","E19000001","E18000004","E10000007","E07000039","E05008820"
"DE243JN",10,433607,331221,"E92000001","E19000001","E18000004","E10000007","E07000039","E05008820"
"DE243JP",10,434596,330739,"E92000001","E19000001","E18000004","","E06000015","E05001782"
"DE243JQ",10,433484,331189,"E92000001","E19000001","E18000004","E10000007","E07000039","E05008820"
"DE243JR",10,434570,330767,"E92000001","E19000001","E18000004","","E06000015","E05001782"
"DE243JS",10,433483,331024,"E92000001","E19000001","E18000004","E10000007","E07000039","E05008820"
"DE243JT",10,433840,331267,"E92000001","E19000001","E18000004","","E06000015","E05001782"
"DE243JU",10,433893,331228,"E92000001","E19000001","E18000004","","E06000015","E05001782"
"DE243JW",10,433546,331114,"E92000001","E19000001","E18000004","E10000007","E07000039","E05008820"
"DE243JX",10,434052,331405,"E92000001","E19000001","E18000004","","E06000015","E05001782"
"DE243JY",10,434499,330790,"E92000001","E19000001","E18000004","","E06000015","E05001782"
"DE243JZ",10,433903,331300,"E92000001","E19000001","E18000004","","E06000015","E05001782"
"DE243LA",10,434606,330807,"E92000001","E19000001","E18000004","","E06000015","E05001782"
"DE243LB",10,434697,330796,"E92000001","E19000001","E18000004","","E06000015","E05001782"
"DE243LD",10,434540,330840,"E92000001","E19000001","E18000004","","E06000015","E05001782"
"DE243LE",10,433837,331114,"E92000001","E19000001","E18000004","E10000007","E07000039","E05008820"
"DE243LF",10,433763,331155,"E92000001","E19000001","E18000004","E10000007","E07000039","E05008820"
"DE243LG",10,433698,331056,"E92000001","E19000001","E18000004","E10000007","E07000039","E05008820"
"DE243LH",10,433634,331140,"E92000001","E19000001","E18000004","E10000007","E07000039","E05008820"
"DE243LJ",10,434105,330629,"E92000001","E19000001","E18000004","E10000007","E07000039","E05008820"
"DE243LL",10,433969,331250,"E92000001","E19000001","E18000004","","E06000015","E05001782"
"DE243LN",10,433624,331075,"E92000001","E19000001","E18000004","E10000007","E07000039","E05008820"
"DE243LP",10,433812,331273,"E92000001","E19000001","E18000004","","E06000015","E05001782"
"DE243LQ",10,433674,331236,"E92000001","E19000001","E18000004","E10000007","E07000039","E05008820"
"DE243LR",10,433930,331114,"E92000001","E19000001","E18000004","E10000007","E07000039","E05008820"
"DE243LS",10,433827,331075,"E92000001","E19000001","E18000004","E10000007","E07000039","E05008820"
"DE243LT",10,433874,331035,"E92000001","E19000001","E18000004","E10000007","E07000039","E05008820"
"DE243LU",10,433817,331149,"E92000001","E19000001","E18000004","E10000007","E07000039","E05008820"
"DE243LW",10,433809,331363,"E92000001","E19000001","E18000004","","E06000015","E05001782"
"DE243LY",10,433448,331190,"E92000001","E19000001","E18000004","E10000007","E07000039","E05008820"
"DE243LZ",10,433402,331175,"E92000001","E19000001","E18000004","E10000007","E07000039","E05008820"
"DE243ND",10,434157,331230,"E92000001","E19000001","E18000004","","E06000015","E05001782"
"DE245AA",10,439635,331925,"E92000001","E19000001","E18000004","E10000007","E07000039","E05008809"
"DE245AB",10,439589,331907,"E92000001","E19000001","E18000004","E10000007","E07000039","E05008809"
"DE245AD",10,439481,331806,"E92000001","E19000001","E18000004","E10000007","E07000039","E05008809"
"DE245AE",10,439481,331869,"E92000001","E19000001","E18000004","E10000007","E07000039","E05008809"
"DE245AF",10,439269,331840,"E92000001","E19000001","E18000004","E10000007","E07000039","E05008809"
"DE245AG",10,439302,332026,"E92000001","E19000001","E18000004","E10000007","E07000039","E05008809"
"DE245AH",10,439268,331874,"E92000001","E19000001","E18000004","E10000007","E07000039","E05008809"
"DE245AJ",10,439615,331852,"E92000001","E19000001","E18000004","E10000007","E07000039","E05008809"
"DE245AL",10,439353,331947,"E92000001","E19000001","E18000004","E10000007","E07000039","E05008809"
"DE245AN",10,439733,331936,"E92000001","E19000001","E18000004","E10000007","E07000039","E05008809"
"DE245AP",10,439632,331981,"E92000001","E19000001","E18000004","E10000007","E07000039","E05008809"
"DE245AQ",10,439635,331760,"E92000001","E19000001","E18000004","E10000007","E07000039","E05008809"
"DE245AR",10,439701,331587,"E92000001","E19000001","E18000004","E10000007","E07000039","E05008809"
"DE245AS",10,439665,331606,"E92000001","E19000001","E18000004","E10000007","E07000039","E05008809"
"DE245AT",10,439705,331615,"E92000001","E19000001","E18000004","E10000007","E07000039","E05008809"
"DE245AU",10,439754,331650,"E92000001","E19000001","E18000004","E10000007","E07000039","E05008809"
"DE245AW",50,439683,331959,"E92000001","E19000001","E18000004","E10000007","E07000039","E05008809"
"DE245AX",10,439755,331614,"E92000001","E19000001","E18000004","E10000007","E07000039","E05008809"
"DE245AY",10,439668,331679,"E92000001","E19000001","E18000004","E10000007","E07000039","E05008809"
"DE245AZ",10,439697,331684,"E92000001","E19000001","E18000004","E10000007","E07000039","E05008809"
"DE245BA",50,439697,331679,"E92000001","E19000001","E18000004","E10000007","E07000039","E05008809"
"DE245BB",50,439697,331679,"E92000001","E19000001","E18000004","E10000007","E07000039","E05008809"
"DE245BD",50,439697,331679,"E92000001","E19000001","E18000004","E10000007","E07000039","E05008809"
"DE245BE",50,439697,331684,"E92000001","E19000001","E18000004","E10000007","E07000039","E05008809"
"DE245BG",50,439697,331684,"E92000001","E19000001","E18000004","E10000007","E07000039","E05008809"
"DE245BH",50,439697,331684,"E92000001","E19000001","E18000004","E10000007","E07000039","E05008809"
"DE245BJ",50,439697,331679,"E92000001","E19000001","E18000004","E10000007","E07000039","E05008809"
"DE245BL",50,439697,331679,"E92000001","E19000001","E18000004","E10000007","E07000039","E05008809"
"DE245BN",50,439697,331679,"E92000001","E19000001","E18000004","E10000007","E07000039","E05008809"
"DE245BQ",50,439697,331679,"E92000001","E19000001","E18000004","E10000007","E07000039","E05008809"
"DE248AA",10,436294,334720,"E92000001","E19000001","E18000004","","E06000015","E05001769"
"DE248AB",10,436435,333502,"E92000001","E19000001","E18000004","","E06000015","E05001782"
"DE248AD",10,436358,334631,"E92000001","E19000001","E18000004","","E06000015","E05001769"
"DE248AE",10,436260,334302,"E92000001","E19000001","E18000004","","E06000015","E05001782"
"DE248AF",10,436318,334137,"E92000001","E19000001","E18000004","","E06000015","E05001782"
"DE248AG",10,436372,334025,"E92000001","E19000001","E18000004","","E06000015","E05001782"
"DE248AH",10,436448,333885,"E92000001","E19000001","E18000004","","E06000015","E05001782"
"DE248AJ",10,437344,334921,"E92000001","E19000001","E18000004","","E06000015","E05001769"
"DE248AL",10,436129,334103,"E92000001","E19000001","E18000004","","E06000015","E05001782"
"DE248AN",10,437268,335085,"E92000001","E19000001","E18000004","","E06000015","E05001769"
"DE248AQ",10,436265,334835,"E92000001","E19000001","E18000004","","E06000015","E05001769"
"DE248AR",10,436508,333779,"E92000001","E19000001","E18000004","","E06000015","E05001782"
"DE248AS",10,436469,333769,"E92000001","E19000001","E18000004","","E06000015","E05001782"
"DE248AT",10,436397,333898,"E92000001","E19000001","E18000004","","E06000015","E05001782"
"DE248AU",10,436311,334001,"E92000001","E19000001","E18000004","","E06000015","E05001782"
"DE248AW",10,436437,333823,"E92000001","E19000001","E18000004","","E06000015","E05001782"
"DE248AX",10,436289,333870,"E92000001","E19000001","E18000004","","E06000015","E05001782"
"DE248AY",10,436314,333856,"E92000001","E19000001","E18000004","","E06000015","E05001782"
"DE248AZ",10,436241,333965,"E92000001","E19000001","E18000004","","E06000015","E05001782"
"DE248BA",10,436257,333881,"E92000001","E19000001","E18000004","","E06000015","E05001782"
"DE248BB",10,436177,333859,"E92000001","E19000001","E18000004","","E06000015","E05001782"
"DE248BD",10,436309,333755,"E92000001","E19000001","E18000004","","E06000015","E05001782"
"DE248BE",10,436415,333699,"E92000001","E19000001","E18000004","","E06000015","E05001782"
"DE248BF",10,436400,333565,"E92000001","E19000001","E18000004","","E06000015","E05001782"
"DE248BG",10,436463,333615,"E92000001","E19000001","E18000004","","E06000015","E05001782"
"DE248BH",10,436301,333369,"E92000001","E19000001","E18000004","","E06000015","E05001782"
"DE248BL",10,436483,333557,"E92000001","E19000001","E18000004","","E06000015","E05001782"
"DE248BN",10,436558,333434,"E92000001","E19000001","E18000004","","E06000015","E05001782"
"DE248BP",10,436566,333302,"E92000001","E19000001","E18000004","","E06000015","E05001782"
"DE248BS",10,436807,334917,"E92000001","E19000001","E18000004","","E06000015","E05001769"
"DE248BT",10,435793,333359,"E92000001","E19000001","E18000004","","E06000015","E05001782"
"DE248BU",10,436588,333360,"E92000001","E19000001","E18000004","","E06000015","E05001782"
"DE248BW",10,437423,335565,"E92000001","E19000001","E18000004","","E06000015","E05001769"
"DE248BX",10,436967,334888,"E92000001","E19000001","E18000004","","E06000015","E05001769"
"DE248BY",10,436922,334920,"E92000001","E19000001","E18000004","","E06000015","E05001769"
"DE248DA",10,436072,333303,"E92000001","E19000001","E18000004","","E06000015","E05001782"
"DE248DB",10,436424,333162,"E92000001","E19000001","E18000004","","E06000015","E05001782"
"DE248DD",10,436676,332877,"E92000001","E19000001","E18000004","","E06000015","E05001782"
"DE248DE",10,436822,332881,"E92000001","E19000001","E18000004","","E06000015","E05001782"
"DE248DF",10,436763,333018,"E92000001","E19000001","E18000004","","E06000015","E05001782"
"DE248DG",10,436779,332900,"E92000001","E19000001","E18000004","","E06000015","E05001782"
"DE248DH",10,436662,333072,"E92000001","E19000001","E18000004","","E06000015","E05001782"
"DE248DJ",10,436686,333014,"E92000001","E19000001","E18000004","","E06000015","E05001782"
"DE248DL",10,436719,332962,"E92000001","E19000001","E18000004","","E06000015","E05001782"
"DE248DN",10,436663,332941,"E92000001","E19000001","E18000004","","E06000015","E05001782"
"DE248DP",10,436569,333051,"E92000001","E19000001","E18000004","","E06000015","E05001782"
"DE248DQ",10,436466,333161,"E92000001","E19000001","E18000004","","E06000015","E05001782"
"DE248DR",10,436351,333258,"E92000001","E19000001","E18000004","","E06000015","E05001782"
"DE248DS",10,436143,333324,"E92000001","E19000001","E18000004","","E06000015","E05001782"
"DE248DT",10,435926,333365,"E92000001","E19000001","E18000004","","E06000015","E05001782"
"DE248DU",10,435872,333495,"E92000001","E19000001","E18000004","","E06000015","E05001782"
"DE248DW",10,435993,333751,"E92000001","E19000001","E18000004","","E06000015","E05001782"
"DE248DX",10,435421,332870,"E92000001","E19000001","E18000004","","E06000015","E05001782"
"DE248DY",10,436002,333720,"E92000001","E19000001","E18000004","","E06000015","E05001782"
"DE248DZ",10,436715,335207,"E92000001","E19000001","E18000004","","E06000015","E05001769"
"DE248EB",10,435459,333245,"E92000001","E19000001","E18000004","","E06000015","E05001782"
"DE248ED",10,436083,333963,"E92000001","E19000001","E18000004","","E06000015","E05001782"
"DE248EE",10,435977,333849,"E92000001","E19000001","E18000004","","E06000015","E05001782"
"DE248EF",10,435892,333697,"E92000001","E19000001","E18000004","","E06000015","E05001782"
"DE248EG",10,435786,333491,"E92000001","E19000001","E18000004","","E06000015","E05001782"
"DE248EH",10,436978,334201,"E92000001","E19000001","E18000004","","E06000015","E05001769"
"DE248EJ",10,435722,333124,"E92000001","E19000001","E18000004","","E06000015","E05001782"
"DE248EL",10,435708,332873,"E92000001","E19000001","E18000004","","E06000015","E05001782"
"DE248EN",10,435661,332891,"E92000001","E19000001","E18000004","","E06000015","E05001782"
"DE248EP",10,436041,333983,"E92000001","E19000001","E18000004","","E06000015","E05001782"
"DE248ER",10,435673,333104,"E92000001","E19000001","E18000004","","E06000015","E05001782"
"DE248ES",10,435797,333137,"E92000001","E19000001","E18000004","","E06000015","E05001782"
"DE248ET",10,435844,333256,"E92000001","E19000001","E18000004","","E06000015","E05001782"
"DE248EU",10,435795,333002,"E92000001","E19000001","E18000004","","E06000015","E05001782"
"DE248EW",10,435750,332962,"E92000001","E19000001","E18000004","","E06000015","E05001782"
"DE248EX",10,435807,333306,"E92000001","E19000001","E18000004","","E06000015","E05001782"
"DE248EY",10,436052,333252,"E92000001","E19000001","E18000004","","E06000015","E05001782"
"DE248EZ",10,436413,333099,"E92000001","E19000001","E18000004","","E06000015","E05001782"
"DE248FB",10,436686,332806,"E92000001","E19000001","E18000004","","E06000015","E05001782"
"DE248FD",10,438012,334136,"E92000001","E19000001","E18000004","","E06000015","E05001769"
"DE248FE",10,438073,334112,"E92000001","E19000001","E18000004","","E06000015","E05001769"
"DE248FF",10,438168,334137,"E92000001","E19000001","E18000004","","E06000015","E05001769"
"DE248FG",10,436618,333233,"E92000001","E19000001","E18000004","","E06000015","E05001782"
"DE248FH",10,436382,333355,"E92000001","E19000001","E18000004","","E06000015","E05001782"
"DE248FJ",10,436207,333467,"E92000001","E19000001","E18000004","","E06000015","E05001782"
"DE248FL",10,435953,333553,"E92000001","E19000001","E18000004","","E06000015","E05001782"
"DE248FN",10,436645,333102,"E92000001","E19000001","E18000004","","E06000015","E05001782"
"DE248FP",10,436577,333158,"E92000001","E19000001","E18000004","","E06000015","E05001782"
"DE248FQ",10,436559,333185,"E92000001","E19000001","E18000004","","E06000015","E05001782"
"DE248FR",10,436499,333267,"E92000001","E19000001","E18000004","","E06000015","E05001782"
"DE248FS",10,436514,333214,"E92000001","E19000001","E18000004","","E06000015","E05001782"
"DE248FT",10,436452,333352,"E92000001","E19000001","E18000004","","E06000015","E05001782"
"DE248FU",10,438104,334049,"E92000001","E19000001","E18000004","","E06000015","E05001769"
"DE248FW",10,436069,333434,"E92000001","E19000001","E18000004","","E06000015","E05001782"
"DE248FX",10,436243,333407,"E92000001","E19000001","E18000004","","E06000015","E05001782"
"DE248FY",10,436067,333410,"E92000001","E19000001","E18000004","","E06000015","E05001782"
"DE248FZ",10,436239,334017,"E92000001","E19000001","E18000004","","E06000015","E05001782"
"DE248GA",10,436241,333971,"E92000001","E19000001","E18000004","","E06000015","E05001782"
"DE248GB",10,436060,333706,"E92000001","E19000001","E18000004","","E06000015","E05001782"
"DE248GD",10,436090,333698,"E92000001","E19000001","E18000004","","E06000015","E05001782"
"DE248GE",10,435940,333480,"E92000001","E19000001","E18000004","","E06000015","E05001782"
"DE248GF",10,435979,333479,"E92000001","E19000001","E18000004","","E06000015","E05001782"
"DE248GG",10,436233,334088,"E92000001","E19000001","E18000004","","E06000015","E05001782"
"DE248GH",10,435986,333953,"E92000001","E19000001","E18000004","","E06000015","E05001782"
"DE248GJ",10,435881,333832,"E92000001","E19000001","E18000004","","E06000015","E05001782"
"DE248GL",10,436197,333418,"E92000001","E19000001","E18000004","","E06000015","E05001782"
"DE248GN",10,436872,333658,"E92000001","E19000001","E18000004","","E06000015","E05001769"
"DE248GP",10,436034,333764,"E92000001","E19000001","E18000004","","E06000015","E05001782"
"DE248GQ",10,436556,333619,"E92000001","E19000001","E18000004","","E06000015","E05001782"
"DE248GR",10,435707,333218,"E92000001","E19000001","E18000004","","E06000015","E05001782"
"DE248GS",10,436588,333441,"E92000001","E19000001","E18000004","","E06000015","E05001782"
"DE248GT",10,436655,333262,"E92000001","E19000001","E18000004","","E06000015","E05001782"
"DE248GU",10,436807,333006,"E92000001","E19000001","E18000004","","E06000015","E05001782"
"DE248GW",10,436944,333538,"E92000001","E19000001","E18000004","","E06000015","E05001769"
"DE248GX",10,436834,335013,"E92000001","E19000001","E18000004","","E06000015","E05001769"
"DE248GY",10,438147,333986,"E92000001","E19000001","E18000004","","E06000015","E05001769"
"DE248GZ",10,436809,333389,"E92000001","E19000001","E18000004","","E06000015","E05001769"
"DE248HB",10,438212,333999,"E92000001","E19000001","E18000004","","E06000015","E05001769"
"DE248HD",10,438238,334054,"E92000001","E19000001","E18000004","","E06000015","E05001769"
"DE248HG",10,437329,335653,"E92000001","E19000001","E18000004","","E06000015","E05001769"
"DE248HH",10,436871,335640,"E92000001","E19000001","E18000004","","E06000015","E05001769"
"DE248HJ",10,436831,333533,"E92000001","E19000001","E18000004","","E06000015","E05001769"
"DE248HL",10,437131,333394,"E92000001","E19000001","E18000004","","E06000015","E05001769"
"DE248HP",10,437080,335618,"E92000001","E19000001","E18000004","","E06000015","E05001769"
"DE248HQ",10,437718,333266,"E92000001","E19000001","E18000004","","E06000015","E05001769"
"DE248HR",10,436628,335104,"E92000001","E19000001","E18000004","","E06000015","E05001769"
"DE248HS",10,436329,335359,"E92000001","E19000001","E18000004","","E06000015","E05001769"
"DE248HT",10,437234,333712,"E92000001","E19000001","E18000004","","E06000015","E05001769"
"DE248HU",10,437166,333563,"E92000001","E19000001","E18000004","","E06000015","E05001769"
"DE248HY",10,436827,335624,"E92000001","E19000001","E18000004","","E06000015","E05001769"
"DE248HZ",10,437169,335673,"E92000001","E19000001","E18000004","","E06000015","E05001769"
"DE248JB",10,437316,335179,"E92000001","E19000001","E18000004","","E06000015","E05001769"
"DE248JD",10,436955,333291,"E92000001","E19000001","E18000004","","E06000015","E05001769"
"DE248JE",10,436560,335507,"E92000001","E19000001","E18000004","","E06000015","E05001769"
"DE248JG",10,437058,335387,"E92000001","E19000001","E18000004","","E06000015","E05001769"
"DE248JH",10,436972,335302,"E92000001","E19000001","E18000004","","E06000015","E05001769"
"DE248JJ",10,436855,333138,"E92000001","E19000001","E18000004","","E06000015","E05001769"
"DE248JN",10,436970,335587,"E92000001","E19000001","E18000004","","E06000015","E05001769"
"DE248JP",10,437039,333397,"E92000001","E19000001","E18000004","","E06000015","E05001769"
"DE248JQ",10,437274,332909,"E92000001","E19000001","E18000004","","E06000015","E05001769"
"DE248JR",10,437306,332774,"E92000001","E19000001","E18000004","","E06000015","E05001772"
"DE248JS",10,437257,332747,"E92000001","E19000001","E18000004","","E06000015","E05001772"
"DE248JT",10,437182,332745,"E92000001","E19000001","E18000004","","E06000015","E05001772"
"DE248JU",10,437164,332937,"E92000001","E19000001","E18000004","","E06000015","E05001769"
"DE248JW",10,437293,332842,"E92000001","E19000001","E18000004","","E06000015","E05001772"
"DE248JX",10,437048,332816,"E92000001","E19000001","E18000004","","E06000015","E05001772"
"DE248JY",10,436739,335174,"E92000001","E19000001","E18000004","","E06000015","E05001769"
"DE248JZ",10,437134,332878,"E92000001","E19000001","E18000004","","E06000015","E05001769"
"DE248LA",10,437128,332943,"E92000001","E19000001","E18000004","","E06000015","E05001769"
"DE248LB",10,437044,332911,"E92000001","E19000001","E18000004","","E06000015","E05001769"
"DE248LD",10,437041,332973,"E92000001","E19000001","E18000004","","E06000015","E05001769"
"DE248LE",10,436956,332959,"E92000001","E19000001","E18000004","","E06000015","E05001769"
"DE248LF",10,436947,333104,"E92000001","E19000001","E18000004","","E06000015","E05001769"
"DE248LG",10,436999,333243,"E92000001","E19000001","E18000004","","E06000015","E05001769"
"DE248LH",10,437084,333216,"E92000001","E19000001","E18000004","","E06000015","E05001769"
"DE248LJ",10,437220,333228,"E92000001","E19000001","E18000004","","E06000015","E05001769"
"DE248LL",10,437131,333171,"E92000001","E19000001","E18000004","","E06000015","E05001769"
"DE248LN",10,437304,333202,"E92000001","E19000001","E18000004","","E06000015","E05001769"
"DE248LP",10,437066,333138,"E92000001","E19000001","E18000004","","E06000015","E05001769"
"DE248LQ",10,437227,333146,"E92000001","E19000001","E18000004","","E06000015","E05001769"
"DE248LR",10,437339,333097,"E92000001","E19000001","E18000004","","E06000015","E05001769"
"DE248LS",10,437267,333049,"E92000001","E19000001","E18000004","","E06000015","E05001769"
"DE248LT",10,437059,333020,"E92000001","E19000001","E18000004","","E06000015","E05001769"
"DE248LU",10,437282,333020,"E92000001","E19000001","E18000004","","E06000015","E05001769"
"DE248LW",10,437197,333058,"E92000001","E19000001","E18000004","","E06000015","E05001769"
"DE248LX",10,437062,333083,"E92000001","E19000001","E18000004","","E06000015","E05001769"
"DE248LZ",10,437151,335529,"E92000001","E19000001","E18000004","","E06000015","E05001769"
"DE248NA",10,438024,333361,"E92000001","E19000001","E18000004","","E06000015","E05001769"
"DE248NB",10,436872,334066,"E92000001","E19000001","E18000004","","E06000015","E05001769"
"DE248ND",10,437019,334083,"E92000001","E19000001","E18000004","","E06000015","E05001769"
"DE248NE",10,436649,333422,"E92000001","E19000001","E18000004","","E06000015","E05001782"
"DE248NF",10,436733,333232,"E92000001","E19000001","E18000004","","E06000015","E05001782"
"DE248NG",10,436916,332924,"E92000001","E19000001","E18000004","","E06000015","E05001769"
"DE248NH",10,437499,333032,"E92000001","E19000001","E18000004","","E06000015","E05001769"
"DE248NL",10,437483,333170,"E92000001","E19000001","E18000004","","E06000015","E05001769"
"DE248NN",10,437666,333444,"E92000001","E19000001","E18000004","","E06000015","E05001769"
"DE248NP",10,437535,333110,"E92000001","E19000001","E18000004","","E06000015","E05001769"
"DE248NQ",10,437597,333178,"E92000001","E19000001","E18000004","","E06000015","E05001769"
"DE248NR",10,437586,333151,"E92000001","E19000001","E18000004","","E06000015","E05001769"
"DE248NS",10,437824,333227,"E92000001","E19000001","E18000004","","E06000015","E05001769"
"DE248NT",10,437814,333272,"E92000001","E19000001","E18000004","","E06000015","E05001769"
"DE248NU",10,437744,333484,"E92000001","E19000001","E18000004","","E06000015","E05001769"
"DE248NW",10,437043,333983,"E92000001","E19000001","E18000004","","E06000015","E05001769"
"DE248NX",10,438048,333974,"E92000001","E19000001","E18000004","","E06000015","E05001769"
"DE248NY",10,438230,333230,"E92000001","E19000001","E18000004","","E06000015","E05001769"
"DE248NZ",10,438016,333325,"E92000001","E19000001","E18000004","","E06000015","E05001769"
"DE248PA",10,437932,333230,"E92000001","E19000001","E18000004","","E06000015","E05001769"
"DE248PB",10,437890,333320,"E92000001","E19000001","E18000004","","E06000015","E05001769"
"DE248PD",10,437988,333281,"E92000001","E19000001","E18000004","","E06000015","E05001769"
"DE248PE",10,438068,333263,"E92000001","E19000001","E18000004","","E06000015","E05001769"
"DE248PF",10,437988,333140,"E92000001","E19000001","E18000004","","E06000015","E05001769"
"DE248PG",10,437810,333118,"E92000001","E19000001","E18000004","","E06000015","E05001769"
"DE248PH",10,437597,333050,"E92000001","E19000001","E18000004","","E06000015","E05001769"
"DE248PJ",10,437888,333175,"E92000001","E19000001","E18000004","","E06000015","E05001769"
"DE248PL",10,437960,333101,"E92000001","E19000001","E18000004","","E06000015","E05001769"
"DE248PN",10,437890,333079,"E92000001","E19000001","E18000004","","E06000015","E05001769"
"DE248PP",10,437819,333065,"E92000001","E19000001","E18000004","","E06000015","E05001769"
"DE248PQ",10,437676,333019,"E92000001","E19000001","E18000004","","E06000015","E05001769"
"DE248PR",10,437568,332979,"E92000001","E19000001","E18000004","","E06000015","E05001769"
"DE248PS",10,437963,333253,"E92000001","E19000001","E18000004","","E06000015","E05001769"
"DE248PT",10,438135,333219,"E92000001","E19000001","E18000004","","E06000015","E05001769"
"DE248PU",10,436463,335352,"E92000001","E19000001","E18000004","","E06000015","E05001769"
"DE248PW",10,437658,334125,"E92000001","E19000001","E18000004","","E06000015","E05001769"
"DE248PX",10,437761,334085,"E92000001","E19000001","E18000004","","E06000015","E05001769"
"DE248PY",10,437713,334066,"E92000001","E19000001","E18000004","","E06000015","E05001769"
"DE248PZ",10,437967,333923,"E92000001","E19000001","E18000004","","E06000015","E05001769"
"DE248QA",10,437911,333913,"E92000001","E19000001","E18000004","","E06000015","E05001769"
"DE248QB",10,436806,333771,"E92000001","E19000001","E18000004","","E06000015","E05001769"
"DE248QD",10,438074,333809,"E92000001","E19000001","E18000004","","E06000015","E05001769"
"DE248QE",10,438080,333742,"E92000001","E19000001","E18000004","","E06000015","E05001769"
"DE248QF",10,438163,333699,"E92000001","E19000001","E18000004","","E06000015","E05001769"
"DE248QG",10,438182,333621,"E92000001","E19000001","E18000004","","E06000015","E05001769"
"DE248QH",10,438318,333555,"E92000001","E19000001","E18000004","","E06000015","E05001769"
"DE248QJ",10,438278,333572,"E92000001","E19000001","E18000004","","E06000015","E05001769"
"DE248QL",10,438264,333525,"E92000001","E19000001","E18000004","","E06000015","E05001769"
"DE248QN",10,438450,333501,"E92000001","E19000001","E18000004","","E06000015","E05001769"
"DE248QP",10,438442,333452,"E92000001","E19000001","E18000004","","E06000015","E05001769"
"DE248QQ",10,437985,334054,"E92000001","E19000001","E18000004","","E06000015","E05001769"
"DE248QR",10,436787,335277,"E92000001","E19000001","E18000004","","E06000015","E05001769"
"DE248QS",10,438163,333826,"E92000001","E19000001","E18000004","","E06000015","E05001769"
"DE248QT",10,438090,333882,"E92000001","E19000001","E18000004","","E06000015","E05001769"
"DE248QU",10,438243,333748,"E92000001","E19000001","E18000004","","E06000015","E05001769"
"DE248QW",10,438222,333773,"E92000001","E19000001","E18000004","","E06000015","E05001769"
"DE248QX",10,438322,333694,"E92000001","E19000001","E18000004","","E06000015","E05001769"
"DE248QY",10,438295,333715,"E92000001","E19000001","E18000004","","E06000015","E05001769"
"DE248QZ",10,438386,333676,"E92000001","E19000001","E18000004","","E06000015","E05001769"
"DE248RA",10,438410,333639,"E92000001","E19000001","E18000004","","E06000015","E05001769"
"DE248RB",10,438512,333625,"E92000001","E19000001","E18000004","","E06000015","E05001769"
"DE248RD",10,438482,333612,"E92000001","E19000001","E18000004","","E06000015","E05001769"
"DE248RE",10,437184,333577,"E92000001","E19000001","E18000004","","E06000015","E05001769"
"DE248RF",10,436804,335178,"E92000001","E19000001","E18000004","","E06000015","E05001769"
"DE248RG",10,438283,333925,"E92000001","E19000001","E18000004","","E06000015","E05001769"
"DE248RH",10,437733,333954,"E92000001","E19000001","E18000004","","E06000015","E05001769"
"DE248RJ",10,437759,333952,"E92000001","E19000001","E18000004","","E06000015","E05001769"
"DE248RL",10,437781,333906,"E92000001","E19000001","E18000004","","E06000015","E05001769"
"DE248RN",10,437790,333852,"E92000001","E19000001","E18000004","","E06000015","E05001769"
"DE248RP",10,437851,333858,"E92000001","E19000001","E18000004","","E06000015","E05001769"
"DE248RQ",10,437852,333818,"E92000001","E19000001","E18000004","","E06000015","E05001769"
"DE248RR",10,437938,333739,"E92000001","E19000001","E18000004","","E06000015","E05001769"
"DE248RS",10,437934,333559,"E92000001","E19000001","E18000004","","E06000015","E05001769"
"DE248RT",10,437978,333740,"E92000001","E19000001","E18000004","","E06000015","E05001769"
"DE248RU",10,437997,333715,"E92000001","E19000001","E18000004","","E06000015","E05001769"
"DE248RW",10,438031,333697,"E92000001","E19000001","E18000004","","E06000015","E05001769"
"DE248RX",10,438093,333659,"E92000001","E19000001","E18000004","","E06000015","E05001769"
"DE248RY",10,438147,333503,"E92000001","E19000001","E18000004","","E06000015","E05001769"
"DE248RZ",10,438204,333484,"E92000001","E19000001","E18000004","","E06000015","E05001769"
"DE248SA",10,438368,333256,"E92000001","E19000001","E18000004","","E06000015","E05001769"
"DE248SB",10,438437,333296,"E92000001","E19000001","E18000004","","E06000015","E05001769"
"DE248SD",10,438324,333354,"E92000001","E19000001","E18000004","","E06000015","E05001769"
"DE248SE",10,438303,333328,"E92000001","E19000001","E18000004","","E06000015","E05001769"
"DE248SF",10,438041,333462,"E92000001","E19000001","E18000004","","E06000015","E05001769"
"DE248SG",10,438040,333430,"E92000001","E19000001","E18000004","","E06000015","E05001769"
"DE248SH",10,437763,333584,"E92000001","E19000001","E18000004","","E06000015","E05001769"
"DE248SJ",10,437767,333547,"E92000001","E19000001","E18000004","","E06000015","E05001769"
"DE248SL",10,437587,333655,"E92000001","E19000001","E18000004","","E06000015","E05001769"
"DE248SN",10,437543,333640,"E92000001","E19000001","E18000004","","E06000015","E05001769"
"DE248SP",10,437030,333802,"E92000001","E19000001","E18000004","","E06000015","E05001769"
"DE248SQ",10,436644,335466,"E92000001","E19000001","E18000004","","E06000015","E05001769"
"DE248SR",10,437059,333727,"E92000001","E19000001","E18000004","","E06000015","E05001769"
"DE248SS",10,437807,333633,"E92000001","E19000001","E18000004","","E06000015","E05001769"
"DE248ST",10,436920,333970,"E92000001","E19000001","E18000004","","E06000015","E05001769"
"DE248SU",10,438222,333469,"E92000001","E19000001","E18000004","","E06000015","E05001769"
"DE248SW",10,437123,333910,"E92000001","E19000001","E18000004","","E06000015","E05001769"
"DE248SX",10,437377,333850,"E92000001","E19000001","E18000004","","E06000015","E05001769"
"DE248SY",10,437605,333996,"E92000001","E19000001","E18000004","","E06000015","E05001769"
"DE248SZ",10,437635,333982,"E92000001","E19000001","E18000004","","E06000015","E05001769"
"DE248TA",10,437634,333814,"E92000001","E19000001","E18000004","","E06000015","E05001769"
"DE248TB",10,437669,333821,"E92000001","E19000001","E18000004","","E06000015","E05001769"
"DE248TD",10,437799,333663,"E92000001","E19000001","E18000004","","E06000015","E05001769"
"DE248TE",10,437784,333704,"E92000001","E19000001","E18000004","","E06000015","E05001769"
"DE248TF",10,438094,333568,"E92000001","E19000001","E18000004","","E06000015","E05001769"
"DE248TG",10,438100,333598,"E92000001","E19000001","E18000004","","E06000015","E05001769"
"DE248TH",10,437514,334032,"E92000001","E19000001","E18000004","","E06000015","E05001769"
"DE248TJ",10,437517,334009,"E92000001","E19000001","E18000004","","E06000015","E05001769"
"DE248TL",10,437424,333923,"E92000001","E19000001","E18000004","","E06000015","E05001769"
"DE248TN",10,437539,333951,"E92000001","E19000001","E18000004","","E06000015","E05001769"
"DE248TP",10,437542,333922,"E92000001","E19000001","E18000004","","E06000015","E05001769"
"DE248TQ",10,437683,334003,"E92000001","E19000001","E18000004","","E06000015","E05001769"
"DE248TR",10,437699,333974,"E92000001","E19000001","E18000004","","E06000015","E05001769"
"DE248TS",10,437547,333857,"E92000001","E19000001","E18000004","","E06000015","E05001769"
"DE248TT",10,437547,333831,"E92000001","E19000001","E18000004","","E06000015","E05001769"
"DE248TU",10,437441,333828,"E92000001","E19000001","E18000004","","E06000015","E05001769"
"DE248TW",10,437449,333796,"E92000001","E19000001","E18000004","","E06000015","E05001769"
"DE248TX",10,437428,333742,"E92000001","E19000001","E18000004","","E06000015","E05001769"
"DE248TY",10,437489,333766,"E92000001","E19000001","E18000004","","E06000015","E05001769"
"DE248TZ",10,437561,333794,"E92000001","E19000001","E18000004","","E06000015","E05001769"
"DE248UA",10,437590,333706,"E92000001","E19000001","E18000004","","E06000015","E05001769"
"DE248UB",10,437657,333689,"E92000001","E19000001","E18000004","","E06000015","E05001769"
"DE248UD",10,438308,333442,"E92000001","E19000001","E18000004","","E06000015","E05001769"
"DE248UE",10,438391,333400,"E92000001","E19000001","E18000004","","E06000015","E05001769"
"DE248UF",10,438484,333347,"E92000001","E19000001","E18000004","","E06000015","E05001769"
"DE248UH",10,438490,333732,"E92000001","E19000001","E18000004","","E06000015","E05001769"
"DE248UJ",10,436702,333857,"E92000001","E19000001","E18000004","","E06000015","E05001769"
"DE248UL",10,437443,333582,"E92000001","E19000001","E18000004","","E06000015","E05001769"
"DE248UN",10,437366,333723,"E92000001","E19000001","E18000004","","E06000015","E05001769"
"DE248UP",10,436713,334802,"E92000001","E19000001","E18000004","","E06000015","E05001769"
"DE248UQ",10,436937,334533,"E92000001","E19000001","E18000004","","E06000015","E05001769"
"DE248UR",10,436939,334488,"E92000001","E19000001","E18000004","","E06000015","E05001769"
"DE248US",10,437104,334429,"E92000001","E19000001","E18000004","","E06000015","E05001769"
"DE248UT",10,437044,334388,"E92000001","E19000001","E18000004","","E06000015","E05001769"
"DE248UU",10,437269,334314,"E92000001","E19000001","E18000004","","E06000015","E05001769"
"DE248UW",10,437361,334197,"E92000001","E19000001","E18000004","","E06000015","E05001769"
"DE248UX",10,437191,334229,"E92000001","E19000001","E18000004","","E06000015","E05001769"
"DE248UY",10,437466,334203,"E92000001","E19000001","E18000004","","E06000015","E05001769"
"DE248UZ",10,437434,334267,"E92000001","E19000001","E18000004","","E06000015","E05001769"
"DE248WA",10,437540,334070,"E92000001","E19000001","E18000004","","E06000015","E05001769"
"DE248WB",10,437358,333992,"E92000001","E19000001","E18000004","","E06000015","E05001769"
"DE248WD",10,436866,334479,"E92000001","E19000001","E18000004","","E06000015","E05001769"
"DE248WE",10,436854,334665,"E92000001","E19000001","E18000004","","E06000015","E05001769"
"DE248WF",10,436905,334688,"E92000001","E19000001","E18000004","","E06000015","E05001769"
"DE248WG",10,436927,334693,"E92000001","E19000001","E18000004","","E06000015","E05001769"
"DE248WJ",10,436903,334634,"E92000001","E19000001","E18000004","","E06000015","E05001769"
"DE248WL",10,436947,334610,"E92000001","E19000001","E18000004","","E06000015","E05001769"
"DE248WN",10,437004,334592,"E92000001","E19000001","E18000004","","E06000015","E05001769"
"DE248WP",10,436914,334576,"E92000001","E19000001","E18000004","","E06000015","E05001769"
"DE248WQ",10,437028,334530,"E92000001","E19000001","E18000004","","E06000015","E05001769"
"DE248WR",10,437038,334556,"E92000001","E19000001","E18000004","","E06000015","E05001769"
"DE248WS",10,437056,334541,"E92000001","E19000001","E18000004","","E06000015","E05001769"
"DE248WT",10,437108,334482,"E92000001","E19000001","E18000004","","E06000015","E05001769"
"DE248WU",10,437137,334456,"E92000001","E19000001","E18000004","","E06000015","E05001769"
"DE248WW",10,437203,334408,"E92000001","E19000001","E18000004","","E06000015","E05001769"
"DE248WX",10,437256,334379,"E92000001","E19000001","E18000004","","E06000015","E05001769"
"DE248WY",10,436691,334510,"E92000001","E19000001","E18000004","","E06000015","E05001769"
"DE248WZ",10,436751,334588,"E92000001","E19000001","E18000004","","E06000015","E05001769"
"DE248XB",10,437190,332909,"E92000001","E19000001","E18000004","","E06000015","E05001769"
"DE248XD",10,436938,334402,"E92000001","E19000001","E18000004","","E06000015","E05001769"
"DE248XE",10,437645,333290,"E92000001","E19000001","E18000004","","E06000015","E05001769"
"DE248XF",10,437666,333363,"E92000001","E19000001","E18000004","","E06000015","E05001769"
"DE248XG",10,437760,333305,"E92000001","E19000001","E18000004","","E06000015","E05001769"
"DE248XH",10,437645,333235,"E92000001","E19000001","E18000004","","E06000015","E05001769"
"DE248XL",10,437215,335390,"E92000001","E19000001","E18000004","","E06000015","E05001769"
"DE248XN",10,436918,334396,"E92000001","E19000001","E18000004","","E06000015","E05001769"
"DE248XQ",10,437688,333186,"E92000001","E19000001","E18000004","","E06000015","E05001769"
"DE248XR",10,436911,334413,"E92000001","E19000001","E18000004","","E06000015","E05001769"
"DE248XS",10,436941,334439,"E92000001","E19000001","E18000004","","E06000015","E05001769"
"DE248XW",10,436514,333619,"E92000001","E19000001","E18000004","","E06000015","E05001782"
"DE248XZ",10,438320,333613,"E92000001","E19000001","E18000004","","E06000015","E05001769"
"DE248YA",10,437568,333479,"E92000001","E19000001","E18000004","","E06000015","E05001769"
"DE248YE",10,437511,333540,"E92000001","E19000001","E18000004","","E06000015","E05001769"
"DE248YH",10,437373,333593,"E92000001","E19000001","E18000004","","E06000015","E05001769"
"DE248YL",10,437385,333528,"E92000001","E19000001","E18000004","","E06000015","E05001769"
"DE248YR",10,437284,332978,"E92000001","E19000001","E18000004","","E06000015","E05001769"
"DE248YS",10,437421,333485,"E92000001","E19000001","E18000004","","E06000015","E05001769"
"DE248ZA",10,436151,334060,"E92000001","E19000001","E18000004","","E06000015","E05001782"
"DE248ZD",10,435996,335424,"E92000001","E19000001","E18000004","","E06000015","E05001770"
"DE248ZF",10,435648,332714,"E92000001","E19000001","E18000004","","E06000015","E05001782"
"DE248ZP",10,436216,333979,"E92000001","E19000001","E18000004","","E06000015","E05001782"
"DE248ZS",10,436524,335365,"E92000001","E19000001","E18000004","","E06000015","E05001769"
"DE249AA",10,436908,332748,"E92000001","E19000001","E18000004","","E06000015","E05001772"
"DE249AB",10,436968,332615,"E92000001","E19000001","E18000004","","E06000015","E05001772"
"DE249AD",10,437072,332485,"E92000001","E19000001","E18000004","","E06000015","E05001772"
"DE249AE",10,437016,332467,"E92000001","E19000001","E18000004","","E06000015","E05001772"
"DE249AF",10,437142,332203,"E92000001","E19000001","E18000004","","E06000015","E05001772"
"DE249AG",10,437066,332214,"E92000001","E19000001","E18000004","","E06000015","E05001772"
"DE249AH",10,437002,332454,"E92000001","E19000001","E18000004","","E06000015","E05001772"
"DE249AJ",10,436842,332160,"E92000001","E19000001","E18000004","","E06000015","E05001772"
"DE249AL",10,436987,332179,"E92000001","E19000001","E18000004","","E06000015","E05001772"
"DE249AN",10,436928,332201,"E92000001","E19000001","E18000004","","E06000015","E05001772"
"DE249AP",10,436961,332314,"E92000001","E19000001","E18000004","","E06000015","E05001772"
"DE249AQ",10,436785,332230,"E92000001","E19000001","E18000004","","E06000015","E05001772"
"DE249AR",10,436869,332320,"E92000001","E19000001","E18000004","","E06000015","E05001772"
"DE249AS",10,436778,332312,"E92000001","E19000001","E18000004","","E06000015","E05001772"
"DE249AT",10,436708,332265,"E92000001","E19000001","E18000004","","E06000015","E05001772"
"DE249AU",10,436699,332381,"E92000001","E19000001","E18000004","","E06000015","E05001772"
"DE249AW",10,436767,332634,"E92000001","E19000001","E18000004","","E06000015","E05001772"
"DE249AX",10,436803,332625,"E92000001","E19000001","E18000004","","E06000015","E05001772"
"DE249AY",10,436901,332549,"E92000001","E19000001","E18000004","","E06000015","E05001772"
"DE249AZ",10,436767,332488,"E92000001","E19000001","E18000004","","E06000015","E05001772"
"DE249BA",10,436855,332559,"E92000001","E19000001","E18000004","","E06000015","E05001772"
"DE249BB",10,436806,332456,"E92000001","E19000001","E18000004","","E06000015","E05001772"
"DE249BD",10,435567,332496,"E92000001","E19000001","E18000004","","E06000015","E05001782"
"DE249BE",10,436753,332396,"E92000001","E19000001","E18000004","","E06000015","E05001772"
"DE249BG",10,436923,332485,"E92000001","E19000001","E18000004","","E06000015","E05001772"
"DE249BH",10,436880,332617,"E92000001","E19000001","E18000004","","E06000015","E05001772"
"DE249BJ",10,436899,332670,"E92000001","E19000001","E18000004","","E06000015","E05001772"
"DE249BL",10,437125,332423,"E92000001","E19000001","E18000004","","E06000015","E05001772"
"DE249BN",10,437349,332682,"E92000001","E19000001","E18000004","","E06000015","E05001772"
"DE249BP",10,437381,332751,"E92000001","E19000001","E18000004","","E06000015","E05001772"
"DE249BQ",10,436982,332757,"E92000001","E19000001","E18000004","","E06000015","E05001772"
"DE249BR",10,437030,332653,"E92000001","E19000001","E18000004","","E06000015","E05001772"
"DE249BS",10,437096,332702,"E92000001","E19000001","E18000004","","E06000015","E05001772"
"DE249BT",10,437087,332785,"E92000001","E19000001","E18000004","","E06000015","E05001772"
"DE249BU",10,437011,332770,"E92000001","E19000001","E18000004","","E06000015","E05001772"
"DE249BW",10,437128,332773,"E92000001","E19000001","E18000004","","E06000015","E05001772"
"DE249BX",10,437080,332651,"E92000001","E19000001","E18000004","","E06000015","E05001772"
"DE249BY",10,437205,332620,"E92000001","E19000001","E18000004","","E06000015","E05001772"
"DE249BZ",10,437168,332643,"E92000001","E19000001","E18000004","","E06000015","E05001772"
"DE249DA",10,437145,332542,"E92000001","E19000001","E18000004","","E06000015","E05001772"
"DE249DB",10,437211,332544,"E92000001","E19000001","E18000004","","E06000015","E05001772"
"DE249DD",10,437293,332503,"E92000001","E19000001","E18000004","","E06000015","E05001772"
"DE249DE",10,437188,332471,"E92000001","E19000001","E18000004","","E06000015","E05001772"
"DE249DF",10,437141,332387,"E92000001","E19000001","E18000004","","E06000015","E05001772"
"DE249DG",10,437190,332185,"E92000001","E19000001","E18000004","","E06000015","E05001772"
"DE249DH",10,437214,332213,"E92000001","E19000001","E18000004","","E06000015","E05001772"
"DE249DJ",10,437339,332080,"E92000001","E19000001","E18000004","","E06000015","E05001772"
"DE249DL",10,437292,332026,"E92000001","E19000001","E18000004","","E06000015","E05001772"
"DE249DN",10,437185,331306,"E92000001","E19000001","E18000004","","E06000015","E05001774"
"DE249DP",10,437304,332179,"E92000001","E19000001","E18000004","","E06000015","E05001772"
"DE249DQ",10,437276,332176,"E92000001","E19000001","E18000004","","E06000015","E05001772"
"DE249DR",10,437383,332173,"E92000001","E19000001","E18000004","","E06000015","E05001772"
"DE249DS",10,437346,332192,"E92000001","E19000001","E18000004","","E06000015","E05001772"
"DE249DT",10,436850,331662,"E92000001","E19000001","E18000004","","E06000015","E05001774"
"DE249DU",10,436840,331755,"E92000001","E19000001","E18000004","","E06000015","E05001774"
"DE249DW",10,436859,331597,"E92000001","E19000001","E18000004","","E06000015","E05001774"
"DE249DX",10,437113,331983,"E92000001","E19000001","E18000004","","E06000015","E05001774"
"DE249DY",10,437207,331848,"E92000001","E19000001","E18000004","","E06000015","E05001774"
"DE249DZ",10,437262,331905,"E92000001","E19000001","E18000004","","E06000015","E05001774"
"DE249EA",10,437285,331690,"E92000001","E19000001","E18000004","","E06000015","E05001774"
"DE249EB",10,437338,331713,"E92000001","E19000001","E18000004","","E06000015","E05001774"
"DE249ED",10,437368,331537,"E92000001","E19000001","E18000004","","E06000015","E05001774"
"DE249EE",10,437433,331568,"E92000001","E19000001","E18000004","","E06000015","E05001774"
"DE249EF",10,437403,331418,"E92000001","E19000001","E18000004","","E06000015","E05001774"
"DE249EG",10,437481,331318,"E92000001","E19000001","E18000004","","E06000015","E05001774"
"DE249EH",10,437275,331551,"E92000001","E19000001","E18000004","","E06000015","E05001774"
"DE249EJ",10,437133,331585,"E92000001","E19000001","E18000004","","E06000015","E05001774"
"DE249EL",10,437172,331676,"E92000001","E19000001","E18000004","","E06000015","E05001774"
"DE249EN",10,437136,331629,"E92000001","E19000001","E18000004","","E06000015","E05001774"
"DE249EP",10,437106,331467,"E92000001","E19000001","E18000004","","E06000015","E05001774"
"DE249EQ",10,437280,331466,"E92000001","E19000001","E18000004","","E06000015","E05001774"
"DE249ER",10,437268,331427,"E92000001","E19000001","E18000004","","E06000015","E05001774"
"DE249ES",10,436992,331397,"E92000001","E19000001","E18000004","","E06000015","E05001774"
"DE249ET",10,436952,331308,"E92000001","E19000001","E18000004","","E06000015","E05001774"
"DE249EU",10,437013,331472,"E92000001","E19000001","E18000004","","E06000015","E05001774"
"DE249EW",10,437059,331299,"E92000001","E19000001","E18000004","","E06000015","E05001774"
"DE249EX",10,437178,331487,"E92000001","E19000001","E18000004","","E06000015","E05001774"
"DE249EY",10,436783,331586,"E92000001","E19000001","E18000004","","E06000015","E05001774"
"DE249EZ",10,436745,331579,"E92000001","E19000001","E18000004","","E06000015","E05001774"
"DE249FB",10,437555,331405,"E92000001","E19000001","E18000004","","E06000015","E05001774"
"DE249FD",10,437582,331551,"E92000001","E19000001","E18000004","","E06000015","E05001774"
"DE249FE",10,437496,331717,"E92000001","E19000001","E18000004","","E06000015","E05001774"
"DE249FF",10,437482,331818,"E92000001","E19000001","E18000004","","E06000015","E05001774"
"DE249FG",10,437367,331966,"E92000001","E19000001","E18000004","","E06000015","E05001774"
"DE249FH",10,437504,331828,"E92000001","E19000001","E18000004","","E06000015","E05001774"
"DE249FJ",10,437518,331590,"E92000001","E19000001","E18000004","","E06000015","E05001774"
"DE249FL",10,437477,331664,"E92000001","E19000001","E18000004","","E06000015","E05001774"
"DE249FN",10,437402,331757,"E92000001","E19000001","E18000004","","E06000015","E05001774"
"DE249FP",10,437382,331843,"E92000001","E19000001","E18000004","","E06000015","E05001774"
"DE249FQ",10,437347,331906,"E92000001","E19000001","E18000004","","E06000015","E05001774"
"DE249FR",10,437477,331919,"E92000001","E19000001","E18000004","","E06000015","E05001774"
"DE249FS",10,437290,331989,"E92000001","E19000001","E18000004","","E06000015","E05001774"
"DE249FT",10,437579,332060,"E92000001","E19000001","E18000004","","E06000015","E05001772"
"DE249FU",50,437797,332193,"E92000001","E19000001","E18000004","","E06000015","E05001772"
"DE249FW",10,437946,332391,"E92000001","E19000001","E18000004","","E06000015","E05001772"
"DE249FX",10,438010,332327,"E92000001","E19000001","E18000004","","E06000015","E05001772"
"DE249FY",10,437948,332334,"E92000001","E19000001","E18000004","","E06000015","E05001772"
"DE249FZ",10,437883,332263,"E92000001","E19000001","E18000004","","E06000015","E05001772"
"DE249GA",10,437906,332294,"E92000001","E19000001","E18000004","","E06000015","E05001772"
"DE249GB",10,437742,332210,"E92000001","E19000001","E18000004","","E06000015","E05001772"
"DE249GD",10,437530,331489,"E92000001","E19000001","E18000004","","E06000015","E05001774"
"DE249GF",10,435024,332503,"E92000001","E19000001","E18000004","","E06000015","E05001782"
"DE249GG",10,435032,332728,"E92000001","E19000001","E18000004","","E06000015","E05001782"
"DE249GJ",10,435136,332817,"E92000001","E19000001","E18000004","","E06000015","E05001782"
"DE249GL",10,434887,332419,"E92000001","E19000001","E18000004","","E06000015","E05001782"
"DE249GP",10,434804,332187,"E92000001","E19000001","E18000004","","E06000015","E05001782"
"DE249GQ",10,434922,332317,"E92000001","E19000001","E18000004","","E06000015","E05001782"
"DE249GR",10,435021,332251,"E92000001","E19000001","E18000004","","E06000015","E05001782"
"DE249GS",10,434926,332218,"E92000001","E19000001","E18000004","","E06000015","E05001782"
"DE249GT",10,435019,332366,"E92000001","E19000001","E18000004","","E06000015","E05001782"
"DE249GU",10,435084,332289,"E92000001","E19000001","E18000004","","E06000015","E05001782"
"DE249GW",10,435091,332318,"E92000001","E19000001","E18000004","","E06000015","E05001782"
"DE249GX",10,435134,332399,"E92000001","E19000001","E18000004","","E06000015","E05001782"
"DE249GY",10,435159,332419,"E92000001","E19000001","E18000004","","E06000015","E05001782"
"DE249GZ",10,435333,332276,"E92000001","E19000001","E18000004","","E06000015","E05001782"
"DE249HA",10,435193,332272,"E92000001","E19000001","E18000004","","E06000015","E05001782"
"DE249HB",10,435275,332236,"E92000001","E19000001","E18000004","","E06000015","E05001782"
"DE249HD",10,435246,332200,"E92000001","E19000001","E18000004","","E06000015","E05001782"
"DE249HE",10,435058,332183,"E92000001","E19000001","E18000004","","E06000015","E05001782"
"DE249HF",10,434854,332115,"E92000001","E19000001","E18000004","","E06000015","E05001782"
"DE249HG",10,434947,332092,"E92000001","E19000001","E18000004","","E06000015","E05001782"
"DE249HH",10,434860,332191,"E92000001","E19000001","E18000004","","E06000015","E05001782"
"DE249HJ",10,437082,331323,"E92000001","E19000001","E18000004","","E06000015","E05001774"
"DE249HL",10,434845,332394,"E92000001","E19000001","E18000004","","E06000015","E05001782"
"DE249HN",10,434597,331316,"E92000001","E19000001","E18000004","","E06000015","E05001782"
"DE249HP",10,434511,332084,"E92000001","E19000001","E18000004","","E06000015","E05001782"
"DE249HQ",10,434531,332040,"E92000001","E19000001","E18000004","","E06000015","E05001782"
"DE249HR",10,434469,331957,"E92000001","E19000001","E18000004","","E06000015","E05001782"
"DE249HS",10,434538,331944,"E92000001","E19000001","E18000004","","E06000015","E05001782"
"DE249HT",10,434407,331935,"E92000001","E19000001","E18000004","","E06000015","E05001782"
"DE249HU",10,434622,331948,"E92000001","E19000001","E18000004","","E06000015","E05001782"
"DE249HW",10,434720,331324,"E92000001","E19000001","E18000004","","E06000015","E05001782"
"DE249HX",10,436179,332477,"E92000001","E19000001","E18000004","","E06000015","E05001782"
"DE249HY",10,436379,332764,"E92000001","E19000001","E18000004","","E06000015","E05001782"
"DE249HZ",10,435730,331656,"E92000001","E19000001","E18000004","","E06000015","E05001782"
"DE249JA",10,436976,331882,"E92000001","E19000001","E18000004","","E06000015","E05001774"
"DE249JB",10,436908,331912,"E92000001","E19000001","E18000004","","E06000015","E05001774"
"DE249JD",10,437001,331912,"E92000001","E19000001","E18000004","","E06000015","E05001774"
"DE249JE",10,437056,331989,"E92000001","E19000001","E18000004","","E06000015","E05001774"
"DE249JF",10,436948,331978,"E92000001","E19000001","E18000004","","E06000015","E05001774"
"DE249JG",10,437050,332381,"E92000001","E19000001","E18000004","","E06000015","E05001772"
"DE249JH",10,436984,332373,"E92000001","E19000001","E18000004","","E06000015","E05001772"
"DE249JJ",10,437009,332369,"E92000001","E19000001","E18000004","","E06000015","E05001772"
"DE249JL",10,436951,332049,"E92000001","E19000001","E18000004","","E06000015","E05001774"
"DE249JN",10,436812,332051,"E92000001","E19000001","E18000004","","E06000015","E05001774"
"DE249JP",10,436846,331901,"E92000001","E19000001","E18000004","","E06000015","E05001774"
"DE249JQ",10,436773,331940,"E92000001","E19000001","E18000004","","E06000015","E05001774"
"DE249JR",10,437060,331764,"E92000001","E19000001","E18000004","","E06000015","E05001774"
"DE249JS",10,436987,331752,"E92000001","E19000001","E18000004","","E06000015","E05001774"
"DE249JT",10,437086,331969,"E92000001","E19000001","E18000004","","E06000015","E05001774"
"DE249JU",10,433889,331763,"E92000001","E19000001","E18000004","","E06000015","E05001782"
"DE249JW",10,437429,332023,"E92000001","E19000001","E18000004","","E06000015","E05001772"
"DE249JX",10,437419,332048,"E92000001","E19000001","E18000004","","E06000015","E05001772"
"DE249JY",10,433955,331735,"E92000001","E19000001","E18000004","","E06000015","E05001782"
"DE249JZ",10,437206,331217,"E92000001","E19000001","E18000004","","E06000015","E05001774"
"DE249LA",10,434371,331451,"E92000001","E19000001","E18000004","","E06000015","E05001782"
"DE249LB",10,434569,331605,"E92000001","E19000001","E18000004","","E06000015","E05001782"
"DE249LD",10,434558,331706,"E92000001","E19000001","E18000004","","E06000015","E05001782"
"DE249LE",10,434454,331661,"E92000001","E19000001","E18000004","","E06000015","E05001782"
"DE249LF",10,434469,331572,"E92000001","E19000001","E18000004","","E06000015","E05001782"
"DE249LG",10,434395,331573,"E92000001","E19000001","E18000004","","E06000015","E05001782"
"DE249LH",10,434218,331645,"E92000001","E19000001","E18000004","","E06000015","E05001782"
"DE249LJ",10,434298,331564,"E92000001","E19000001","E18000004","","E06000015","E05001782"
"DE249LL",10,434352,331516,"E92000001","E19000001","E18000004","","E06000015","E05001782"
"DE249LN",10,434263,331419,"E92000001","E19000001","E18000004","","E06000015","E05001782"
"DE249LP",10,434201,331523,"E92000001","E19000001","E18000004","","E06000015","E05001782"
"DE249LQ",10,434218,331342,"E92000001","E19000001","E18000004","","E06000015","E05001782"
"DE249LR",10,434185,331399,"E92000001","E19000001","E18000004","","E06000015","E05001782"
"DE249LS",10,434146,331513,"E92000001","E19000001","E18000004","","E06000015","E05001782"
"DE249LT",10,434584,331758,"E92000001","E19000001","E18000004","","E06000015","E05001782"
"DE249LU",10,434304,331830,"E92000001","E19000001","E18000004","","E06000015","E05001782"
"DE249LW",10,434496,331753,"E92000001","E19000001","E18000004","","E06000015","E05001782"
"DE249LX",10,434395,331688,"E92000001","E19000001","E18000004","","E06000015","E05001782"
"DE249LY",10,434347,331737,"E92000001","E19000001","E18000004","","E06000015","E05001782"
"DE249LZ",10,434217,331762,"E92000001","E19000001","E18000004","","E06000015","E05001782"
"DE249NA",10,433848,331801,"E92000001","E19000001","E18000004","","E06000015","E05001782"
"DE249NB",10,434149,331730,"E92000001","E19000001","E18000004","","E06000015","E05001782"
"DE249ND",10,434048,331688,"E92000001","E19000001","E18000004","","E06000015","E05001782"
"DE249NE",10,434071,331571,"E92000001","E19000001","E18000004","","E06000015","E05001782"
"DE249NF",10,434121,331480,"E92000001","E19000001","E18000004","","E06000015","E05001782"
"DE249NG",10,434121,331357,"E92000001","E19000001","E18000004","","E06000015","E05001782"
"DE249NH",10,434309,331955,"E92000001","E19000001","E18000004","","E06000015","E05001782"
"DE249NJ",10,434233,331968,"E92000001","E19000001","E18000004","","E06000015","E05001782"
"DE249NL",10,434153,331963,"E92000001","E19000001","E18000004","","E06000015","E05001782"
"DE249NN",10,434301,331875,"E92000001","E19000001","E18000004","","E06000015","E05001782"
"DE249NP",10,434026,331873,"E92000001","E19000001","E18000004","","E06000015","E05001782"
"DE249NQ",10,434202,331898,"E92000001","E19000001","E18000004","","E06000015","E05001782"
"DE249NR",10,434127,331861,"E92000001","E19000001","E18000004","","E06000015","E05001782"
"DE249NS",10,434056,331892,"E92000001","E19000001","E18000004","","E06000015","E05001782"
"DE249NT",10,433869,331723,"E92000001","E19000001","E18000004","","E06000015","E05001782"
"DE249NU",10,433823,331654,"E92000001","E19000001","E18000004","","E06000015","E05001782"
"DE249NW",10,434067,331927,"E92000001","E19000001","E18000004","","E06000015","E05001782"
"DE249NX",10,433834,331630,"E92000001","E19000001","E18000004","","E06000015","E05001782"
"DE249NY",10,433856,331550,"E92000001","E19000001","E18000004","","E06000015","E05001782"
"DE249NZ",10,433890,331513,"E92000001","E19000001","E18000004","","E06000015","E05001782"
"DE249PA",10,434781,331781,"E92000001","E19000001","E18000004","","E06000015","E05001782"
"DE249PB",10,434727,331844,"E92000001","E19000001","E18000004","","E06000015","E05001782"
"DE249PD",10,434754,331608,"E92000001","E19000001","E18000004","","E06000015","E05001782"
"DE249PE",10,434774,331718,"E92000001","E19000001","E18000004","","E06000015","E05001782"
"DE249PF",10,434687,331720,"E92000001","E19000001","E18000004","","E06000015","E05001782"
"DE249PG",10,434568,331476,"E92000001","E19000001","E18000004","","E06000015","E05001782"
"DE249PH",10,434885,331896,"E92000001","E19000001","E18000004","","E06000015","E05001782"
"DE249PJ",10,434775,331680,"E92000001","E19000001","E18000004","","E06000015","E05001782"
"DE249PL",10,434958,331573,"E92000001","E19000001","E18000004","","E06000015","E05001782"
"DE249PN",10,434713,331512,"E92000001","E19000001","E18000004","","E06000015","E05001782"
"DE249PP",10,434679,331614,"E92000001","E19000001","E18000004","","E06000015","E05001782"
"DE249PQ",10,434816,331612,"E92000001","E19000001","E18000004","","E06000015","E05001782"
"DE249PR",10,434978,331670,"E92000001","E19000001","E18000004","","E06000015","E05001782"
"DE249PS",10,434857,331637,"E92000001","E19000001","E18000004","","E06000015","E05001782"
"DE249PT",10,434941,331782,"E92000001","E19000001","E18000004","","E06000015","E05001782"
"DE249PU",10,433929,331549,"E92000001","E19000001","E18000004","","E06000015","E05001782"
"DE249PW",10,433975,331605,"E92000001","E19000001","E18000004","","E06000015","E05001782"
"DE249PX",10,434002,331525,"E92000001","E19000001","E18000004","","E06000015","E05001782"
"DE249PY",10,433912,331442,"E92000001","E19000001","E18000004","","E06000015","E05001782"
"DE249PZ",10,434039,331440,"E92000001","E19000001","E18000004","","E06000015","E05001782"
"DE249QA",10,436885,331191,"E92000001","E19000001","E18000004","","E06000015","E05001774"
"DE249QB",10,436903,331232,"E92000001","E19000001","E18000004","","E06000015","E05001774"
"DE249QD",10,436767,331397,"E92000001","E19000001","E18000004","","E06000015","E05001774"
"DE249QE",10,436734,331477,"E92000001","E19000001","E18000004","","E06000015","E05001774"
"DE249QF",10,436773,331295,"E92000001","E19000001","E18000004","","E06000015","E05001774"
"DE249QG",10,436820,331179,"E92000001","E19000001","E18000004","","E06000015","E05001774"
"DE249QH",10,436963,331084,"E92000001","E19000001","E18000004","","E06000015","E05001774"
"DE249QJ",10,437059,331224,"E92000001","E19000001","E18000004","","E06000015","E05001774"
"DE249QL",10,437039,331200,"E92000001","E19000001","E18000004","","E06000015","E05001774"
"DE249QN",10,437129,331184,"E92000001","E19000001","E18000004","","E06000015","E05001774"
"DE249QP",10,437257,331262,"E92000001","E19000001","E18000004","","E06000015","E05001774"
"DE249QQ",10,436895,331118,"E92000001","E19000001","E18000004","","E06000015","E05001774"
"DE249QR",10,437350,331306,"E92000001","E19000001","E18000004","","E06000015","E05001774"
"DE249QS",10,437315,331346,"E92000001","E19000001","E18000004","","E06000015","E05001774"
"DE249QT",10,437044,331073,"E92000001","E19000001","E18000004","","E06000015","E05001774"
"DE249QU",10,437261,331232,"E92000001","E19000001","E18000004","","E06000015","E05001774"
"DE249QW",10,437137,331234,"E92000001","E19000001","E18000004","","E06000015","E05001774"
"DE249QX",10,437195,331163,"E92000001","E19000001","E18000004","","E06000015","E05001774"
"DE249QY",10,437081,331188,"E92000001","E19000001","E18000004","","E06000015","E05001774"
"DE249QZ",10,437445,331264,"E92000001","E19000001","E18000004","","E06000015","E05001774"
"DE249RA",10,436886,331325,"E92000001","E19000001","E18000004","","E06000015","E05001774"
"DE249RB",10,436868,331381,"E92000001","E19000001","E18000004","","E06000015","E05001774"
"DE249RD",10,437192,331373,"E92000001","E19000001","E18000004","","E06000015","E05001774"
"DE249RE",10,434748,332255,"E92000001","E19000001","E18000004","","E06000015","E05001782"
"DE249RF",10,433972,331395,"E92000001","E19000001","E18000004","","E06000015","E05001782"
"DE249RG",10,433904,331395,"E92000001","E19000001","E18000004","","E06000015","E05001782"
"DE249RH",10,433870,331406,"E92000001","E19000001","E18000004","","E06000015","E05001782"
"DE249RJ",10,433800,331426,"E92000001","E19000001","E18000004","","E06000015","E05001782"
"DE249RL",10,433784,331453,"E92000001","E19000001","E18000004","","E06000015","E05001782"
"DE249RN",10,433831,331534,"E92000001","E19000001","E18000004","","E06000015","E05001782"
"DE249RP",10,433868,331476,"E92000001","E19000001","E18000004","","E06000015","E05001782"
"DE249RQ",10,433962,331446,"E92000001","E19000001","E18000004","","E06000015","E05001782"
"DE249RR",10,433990,331470,"E92000001","E19000001","E18000004","","E06000015","E05001782"
"DE249RS",10,434829,331757,"E92000001","E19000001","E18000004","","E06000015","E05001782"
"DE249RT",10,435127,332376,"E92000001","E19000001","E18000004","","E06000015","E05001782"
"DE249RU",10,435076,332399,"E92000001","E19000001","E18000004","","E06000015","E05001782"
"DE249RW",10,434591,331858,"E92000001","E19000001","E18000004","","E06000015","E05001782"
"DE249RX",10,435055,332365,"E92000001","E19000001","E18000004","","E06000015","E05001782"
"DE249RY",10,435140,332353,"E92000001","E19000001","E18000004","","E06000015","E05001782"
"DE249RZ",10,435041,332335,"E92000001","E19000001","E18000004","","E06000015","E05001782"
"DE249SA",10,433814,331706,"E92000001","E19000001","E18000004","","E06000015","E05001782"
"DE249SB",10,434215,332048,"E92000001","E19000001","E18000004","","E06000015","E05001782"
"DE249SD",10,434189,332069,"E92000001","E19000001","E18000004","","E06000015","E05001782"
"DE249SE",10,434729,331259,"E92000001","E19000001","E18000004","","E06000015","E05001782"
"DE249SF",10,434591,331293,"E92000001","E19000001","E18000004","","E06000015","E05001782"
"DE249SG",10,437585,331729,"E92000001","E19000001","E18000004","","E06000015","E05001774"
"DE249SH",10,437566,331795,"E92000001","E19000001","E18000004","","E06000015","E05001774"
"DE249SJ",10,437638,331712,"E92000001","E19000001","E18000004","","E06000015","E05001774"
"DE249SL",10,437588,331844,"E92000001","E19000001","E18000004","","E06000015","E05001774"
"DE249ZT",10,436940,332693,"E92000001","E19000001","E18000004","","E06000015","E05001772"
"DE3 0BP",10,430658,335934,"E92000001","E19000001","E18000004","","E06000015","E05001779"
"DE3 0BQ",10,430778,334131,"E92000001","E19000001","E18000004","","E06000015","E05001779"
"DE3 0BS",10,430660,336020,"E92000001","E19000001","E18000004","","E06000015","E05001779"
"DE3 0BT",10,430690,335993,"E92000001","E19000001","E18000004","","E06000015","E05001779"
"DE3 0BU",10,430599,333986,"E92000001","E19000001","E18000004","","E06000015","E05001779"
"DE3 0BW",10,430889,333957,"E92000001","E19000001","E18000004","","E06000015","E05001779"
"DE3 0BX",10,429011,333362,"E92000001","E19000001","E18000004","E10000007","E07000039","E05008811"
"DE3 0BY",10,430095,333679,"E92000001","E19000001","E18000004","E10000007","E07000039","E05008811"
"DE3 0BZ",10,430793,334055,"E92000001","E19000001","E18000004","","E06000015","E05001779"
"DE3 0DA",10,430741,334221,"E92000001","E19000001","E18000004","","E06000015","E05001779"
"DE3 0DB",10,430930,334089,"E92000001","E19000001","E18000004","","E06000015","E05001779"
"DE3 0DD",10,430681,334162,"E92000001","E19000001","E18000004","","E06000015","E05001779"
"DE3 0DE",10,430622,334040,"E92000001","E19000001","E18000004","","E06000015","E05001779"
"DE3 0DF",10,430548,334056,"E92000001","E19000001","E18000004","","E06000015","E05001779"
"DE3 0DG",10,430757,334046,"E92000001","E19000001","E18000004","","E06000015","E05001779"
"DE3 0DH",10,430923,333651,"E92000001","E19000001","E18000004","","E06000015","E05001777"
"DE3 0DJ",10,430681,332976,"E92000001","E19000001","E18000004","E10000007","E07000039","E05008811"
"DE3 0DL",10,430533,334114,"E92000001","E19000001","E18000004","","E06000015","E05001779"
"DE3 0DN",10,428955,333582,"E92000001","E19000001","E18000004","E10000007","E07000039","E05008811"
"DE3 0DP",10,428554,333910,"E92000001","E19000001","E18000004","E10000007","E07000039","E05008811"
"DE3 0DQ",10,430769,335987,"E92000001","E19000001","E18000004","","E06000015","E05001779"
"DE3 0DR",10,429800,333373,"E92000001","E19000001","E18000004","E10000007","E07000039","E05008811"
"DE3 0DS",10,430653,334050,"E92000001","E19000001","E18000004","","E06000015","E05001779"
"DE3 0DT",10,430211,333645,"E92000001","E19000001","E18000004","E10000007","E07000039","E05008811"
"DE3 0DU",10,429931,333408,"E92000001","E19000001","E18000004","E10000007","E07000039","E05008811"
"DE3 0DW",10,430837,336157,"E92000001","E19000001","E18000004","","E06000015","E05001779"
"DE3 0DX",10,430758,334161,"E92000001","E19000001","E18000004","","E06000015","E05001779"
"DE3 0DY",10,430755,334120,"E92000001","E19000001","E18000004","","E06000015","E05001779"
"DE3 0DZ",10,430648,334311,"E92000001","E19000001","E18000004","","E06000015","E05001779"
"DE3 0EA",10,430653,334269,"E92000001","E19000001","E18000004","","E06000015","E05001779"
"DE3 0EB",10,430584,334439,"E92000001","E19000001","E18000004","","E06000015","E05001779"
"DE3 0ED",10,430502,334598,"E92000001","E19000001","E18000004","","E06000015","E05001779"
"DE3 0EE",10,430451,334725,"E92000001","E19000001","E18000004","","E06000015","E05001779"
"DE3 0EF",10,430288,334824,"E92000001","E19000001","E18000004","","E06000015","E05001779"
"DE3 0EG",10,430341,334850,"E92000001","E19000001","E18000004","","E06000015","E05001779"
"DE3 0EH",10,430690,334406,"E92000001","E19000001","E18000004","","E06000015","E05001779"
"DE3 0EJ",10,430626,334484,"E92000001","E19000001","E18000004","","E06000015","E05001779"
"DE3 0EL",10,430660,334555,"E92000001","E19000001","E18000004","","E06000015","E05001779"
"DE3 0EN",10,430386,334892,"E92000001","E19000001","E18000004","","E06000015","E05001779"
"DE3 0EP",10,430295,334918,"E92000001","E19000001","E18000004","","E06000015","E05001779"
"DE3 0EQ",10,430466,334842,"E92000001","E19000001","E18000004","","E06000015","E05001779"
"DE3 0ER",10,430598,334876,"E92000001","E19000001","E18000004","","E06000015","E05001779"
"DE3 0ES",10,430554,334933,"E92000001","E19000001","E18000004","","E06000015","E05001779"
"DE3 0ET",10,430456,334917,"E92000001","E19000001","E18000004","","E06000015","E05001779"
"DE3 0EU",10,430467,335001,"E92000001","E19000001","E18000004","","E06000015","E05001779"
"DE3 0EW",10,430512,334974,"E92000001","E19000001","E18000004","","E06000015","E05001779"
"DE3 0EX",10,430687,335033,"E92000001","E19000001","E18000004","","E06000015","E05001779"
"DE3 0EY",10,430554,334721,"E92000001","E19000001","E18000004","","E06000015","E05001779"
"DE3 0EZ",10,430625,334194,"E92000001","E19000001","E18000004","","E06000015","E05001779"
"DE3 0FA",10,430704,335127,"E92000001","E19000001","E18000004","","E06000015","E05001779"
"DE3 0FZ",10,430693,334855,"E92000001","E19000001","E18000004","","E06000015","E05001779"
"DE3 0GA",10,430662,334259,"E92000001","E19000001","E18000004","","E06000015","E05001779"
"DE3 0GB",10,430785,334184,"E92000001","E19000001","E18000004","","E06000015","E05001779"
"DE3 0GD",10,430718,334298,"E92000001","E19000001","E18000004","","E06000015","E05001779"
"DE3 0GG",10,430764,334286,"E92000001","E19000001","E18000004","","E06000015","E05001779"
"DE3 0GY",10,430805,335980,"E92000001","E19000001","E18000004","","E06000015","E05001779"
"DE3 0HA",10,430611,334494,"E92000001","E19000001","E18000004","","E06000015","E05001779"
"DE3 0LL",10,430505,333909,"E92000001","E19000001","E18000004","","E06000015","E05001779"
"DE3 0NP",10,430049,335124,"E92000001","E19000001","E18000004","","E06000015","E05001779"
"DE3 0NR",10,430154,335205,"E92000001","E19000001","E18000004","","E06000015","E05001779"
"DE3 0NS",10,430434,335459,"E92000001","E19000001","E18000004","","E06000015","E05001779"
"DE3 0NT",10,430625,335298,"E92000001","E19000001","E18000004","","E06000015","E05001779"
"DE3 0NU",10,430678,335207,"E92000001","E19000001","E18000004","","E06000015","E05001779"
"DE3 0NX",10,430472,333940,"E92000001","E19000001","E18000004","","E06000015","E05001779"
"DE3 0NY",10,430732,333929,"E92000001","E19000001","E18000004","","E06000015","E05001779"
"DE3 0NZ",10,430756,333971,"E92000001","E19000001","E18000004","","E06000015","E05001779"
"DE3 0PA",10,430720,335334,"E92000001","E19000001","E18000004","","E06000015","E05001779"
"DE3 0PB",10,430671,335311,"E92000001","E19000001","E18000004","","E06000015","E05001779"
"DE3 0PD",10,430630,335420,"E92000001","E19000001","E18000004","","E06000015","E05001779"
"DE3 0PE",10,430634,335376,"E92000001","E19000001","E18000004","","E06000015","E05001779"
"DE3 0PF",10,430487,335409,"E92000001","E19000001","E18000004","","E06000015","E05001779"
"DE3 0PG",10,430457,335261,"E92000001","E19000001","E18000004","","E06000015","E05001779"
"DE3 0PH",10,430524,335327,"E92000001","E19000001","E18000004","","E06000015","E05001779"
"DE3 0PJ",10,430629,335196,"E92000001","E19000001","E18000004","","E06000015","E05001779"
"DE3 0PL",10,430359,335522,"E92000001","E19000001","E18000004","","E06000015","E05001779"
"DE3 0PN",10,430299,335502,"E92000001","E19000001","E18000004","","E06000015","E05001779"
"DE3 0PP",10,430275,335480,"E92000001","E19000001","E18000004","","E06000015","E05001779"
"DE3 0PQ",10,430523,335234,"E92000001","E19000001","E18000004","","E06000015","E05001779"
"DE3 0PR",10,430555,335098,"E92000001","E19000001","E18000004","","E06000015","E05001779"
"DE3 0PS",10,430618,335108,"E92000001","E19000001","E18000004","","E06000015","E05001779"
"DE3 0PT",10,430458,335073,"E92000001","E19000001","E18000004","","E06000015","E05001779"
"DE3 0PU",10,430504,335295,"E92000001","E19000001","E18000004","","E06000015","E05001779"
"DE3 0PW",10,430394,335222,"E92000001","E19000001","E18000004","","E06000015","E05001779"
"DE3 0PX",10,430464,335341,"E92000001","E19000001","E18000004","","E06000015","E05001779"
"DE3 0PY",10,430309,335274,"E92000001","E19000001","E18000004","","E06000015","E05001779"
"DE3 0PZ",10,430307,335339,"E92000001","E19000001","E18000004","","E06000015","E05001779"
"DE3 0QA",10,430421,335139,"E92000001","E19000001","E18000004","","E06000015","E05001779"
"DE3 0QB",10,430664,335259,"E92000001","E19000001","E18000004","","E06000015","E05001779"
"DE3 0QD",10,430242,335315,"E92000001","E19000001","E18000004","","E06000015","E05001779"
"DE3 0QE",10,430228,335031,"E92000001","E19000001","E18000004","","E06000015","E05001779"
"DE3 0QF",10,430164,335147,"E92000001","E19000001","E18000004","","E06000015","E05001779"
"DE3 0QG",10,430179,335082,"E92000001","E19000001","E18000004","","E06000015","E05001779"
"DE3 0QH",10,430176,335046,"E92000001","E19000001","E18000004","","E06000015","E05001779"
"DE3 0QJ",10,430085,335217,"E92000001","E19000001","E18000004","","E06000015","E05001779"
"DE3 0QL",10,430079,335080,"E92000001","E19000001","E18000004","","E06000015","E05001779"
"DE3 0QN",10,430178,335453,"E92000001","E19000001","E18000004","","E06000015","E05001779"
"DE3 0QP",10,430152,335430,"E92000001","E19000001","E18000004","","E06000015","E05001779"
"DE3 0QQ",10,430015,335335,"E92000001","E19000001","E18000004","","E06000015","E05001779"
"DE3 0QR",10,430121,335337,"E92000001","E19000001","E18000004","","E06000015","E05001779"
"DE3 0QS",10,430052,335330,"E92000001","E19000001","E18000004","","E06000015","E05001779"
"DE3 0QT",10,430027,335185,"E92000001","E19000001","E18000004","","E06000015","E05001779"
"DE3 0QU",10,430014,335097,"E92000001","E19000001","E18000004","","E06000015","E05001779"
"DE3 0QW",10,430104,335069,"E92000001","E19000001","E18000004","","E06000015","E05001779"
"DE3 0QX",10,430124,334981,"E92000001","E19000001","E18000004","","E06000015","E05001779"
"DE3 0QY",10,430121,334951,"E92000001","E19000001","E18000004","","E06000015","E05001779"
"DE3 0QZ",10,430272,334562,"E92000001","E19000001","E18000004","","E06000015","E05001779"
"DE3 0RA",10,430176,334796,"E92000001","E19000001","E18000004","","E06000015","E05001779"
"DE3 0RB",10,430254,334625,"E92000001","E19000001","E18000004","","E06000015","E05001779"
"DE3 0RD",10,430186,334741,"E92000001","E19000001","E18000004","","E06000015","E05001779"
"DE3 0RE",10,430183,334470,"E92000001","E19000001","E18000004","","E06000015","E05001779"
"DE3 0RF",10,430185,334607,"E92000001","E19000001","E18000004","","E06000015","E05001779"
"DE3 0RG",10,430104,334633,"E92000001","E19000001","E18000004","","E06000015","E05001779"
"DE3 0RH",10,430219,334720,"E92000001","E19000001","E18000004","","E06000015","E05001779"
"DE3 0RJ",10,430278,334524,"E92000001","E19000001","E18000004","","E06000015","E05001779"
"DE3 0RL",10,430167,334864,"E92000001","E19000001","E18000004","","E06000015","E05001779"
"DE3 0RN",10,430006,334989,"E92000001","E19000001","E18000004","","E06000015","E05001779"
"DE3 0RP",10,430035,334956,"E92000001","E19000001","E18000004","","E06000015","E05001779"
"DE3 0RQ",10,430047,334892,"E92000001","E19000001","E18000004","","E06000015","E05001779"
"DE3 0RR",10,430119,334820,"E92000001","E19000001","E18000004","","E06000015","E05001779"
"DE3 0RS",10,430146,334532,"E92000001","E19000001","E18000004","","E06000015","E05001779"
"DE3 0RT",10,430678,335605,"E92000001","E19000001","E18000004","","E06000015","E05001779"
"DE3 0RU",10,430534,335556,"E92000001","E19000001","E18000004","","E06000015","E05001779"
"DE3 0RW",10,430699,335468,"E92000001","E19000001","E18000004","","E06000015","E05001779"
"DE3 0RX",10,430216,335311,"E92000001","E19000001","E18000004","","E06000015","E05001779"
"DE3 0RY",10,430752,335605,"E92000001","E19000001","E18000004","","E06000015","E05001779"
"DE3 0RZ",10,430645,335534,"E92000001","E19000001","E18000004","","E06000015","E05001779"
"DE3 0SA",10,430707,335716,"E92000001","E19000001","E18000004","","E06000015","E05001779"
"DE3 0SD",10,430596,335586,"E92000001","E19000001","E18000004","","E06000015","E05001779"
"DE3 0SE",10,430579,335563,"E92000001","E19000001","E18000004","","E06000015","E05001779"
"DE3 0SF",10,430468,335529,"E92000001","E19000001","E18000004","","E06000015","E05001779"
"DE3 0SG",10,430559,335508,"E92000001","E19000001","E18000004","","E06000015","E05001779"
"DE3 0SH",10,430447,334215,"E92000001","E19000001","E18000004","","E06000015","E05001779"
"DE3 0SJ",10,430007,333455,"E92000001","E19000001","E18000004","E10000007","E07000039","E05008811"
"DE3 0SL",10,429922,333263,"E92000001","E19000001","E18000004","E10000007","E07000039","E05008811"
"DE3 0SN",10,430492,334023,"E92000001","E19000001","E18000004","","E06000015","E05001779"
"DE3 0SX",10,430598,335130,"E92000001","E19000001","E18000004","","E06000015","E05001779"
"DE3 0TA",10,430502,334418,"E92000001","E19000001","E18000004","","E06000015","E05001779"
"DE3 0TB",10,430282,334350,"E92000001","E19000001","E18000004","","E06000015","E05001779"
"DE3 0TD",10,430361,334422,"E92000001","E19000001","E18000004","","E06000015","E05001779"
"DE3 0TE",10,430426,334423,"E92000001","E19000001","E18000004","","E06000015","E05001779"
"DE3 0TF",10,430255,333562,"E92000001","E19000001","E18000004","E10000007","E07000039","E05008811"
"DE3 0TG",10,430506,334305,"E92000001","E19000001","E18000004","","E06000015","E05001779"
"DE3 0TH",10,430375,334214,"E92000001","E19000001","E18000004","","E06000015","E05001779"
"DE3 0TJ",10,430301,334204,"E92000001","E19000001","E18000004","","E06000015","E05001779"
"DE3 0TL",10,430292,334140,"E92000001","E19000001","E18000004","","E06000015","E05001779"
"DE3 0TN",10,430209,334140,"E92000001","E19000001","E18000004","","E06000015","E05001779"
"DE3 0TP",10,430203,334102,"E92000001","E19000001","E18000004","","E06000015","E05001779"
"DE3 0TQ",10,430407,334294,"E92000001","E19000001","E18000004","","E06000015","E05001779"
"DE3 0TR",10,430171,334167,"E92000001","E19000001","E18000004","","E06000015","E05001779"
"DE3 0TS",10,430198,334381,"E92000001","E19000001","E18000004","","E06000015","E05001779"
"DE3 0TT",10,430149,333581,"E92000001","E19000001","E18000004","E10000007","E07000039","E05008811"
"DE3 0TU",10,430289,334420,"E92000001","E19000001","E18000004","","E06000015","E05001779"
"DE3 0TW",10,430214,334246,"E92000001","E19000001","E18000004","","E06000015","E05001779"
"DE3 0TX",10,430328,334328,"E92000001","E19000001","E18000004","","E06000015","E05001779"
"DE3 0TY",10,430415,334321,"E92000001","E19000001","E18000004","","E06000015","E05001779"
"DE3 0UA",10,430698,333875,"E92000001","E19000001","E18000004","","E06000015","E05001779"
"DE3 0UB",10,430656,333878,"E92000001","E19000001","E18000004","","E06000015","E05001779"
"DE3 0UD",10,430590,333880,"E92000001","E19000001","E18000004","","E06000015","E05001779"
"DE3 0UE",10,429935,333328,"E92000001","E19000001","E18000004","E10000007","E07000039","E05008811"
"DE3 0UF",10,429759,333225,"E92000001","E19000001","E18000004","E10000007","E07000039","E05008811"
"DE3 0UH",10,429605,333042,"E92000001","E19000001","E18000004","E10000007","E07000039","E05008811"
"DE3 0UJ",10,429689,333257,"E92000001","E19000001","E18000004","E10000007","E07000039","E05008811"
"DE3 0UL",10,429847,333303,"E92000001","E19000001","E18000004","E10000007","E07000039","E05008811"
"DE3 0UN",10,429780,333296,"E92000001","E19000001","E18000004","E10000007","E07000039","E05008811"
"DE3 0UP",10,429715,333103,"E92000001","E19000001","E18000004","E10000007","E07000039","E05008811"
"DE3 0UQ",10,429753,333185,"E92000001","E19000001","E18000004","E10000007","E07000039","E05008811"
"DE3 0UR",10,429554,333062,"E92000001","E19000001","E18000004","E10000007","E07000039","E05008811"
"DE3 0US",10,429581,333183,"E92000001","E19000001","E18000004","E10000007","E07000039","E05008811"
"DE3 0UT",10,429510,332985,"E92000001","E19000001","E18000004","E10000007","E07000039","E05008811"
"DE3 0UU",10,429637,332894,"E92000001","E19000001","E18000004","E10000007","E07000039","E05008811"
"DE3 0UW",10,429488,332927,"E92000001","E19000001","E18000004","E10000007","E07000039","E05008811"
"DE3 0UX",10,430527,334080,"E92000001","E19000001","E18000004","","E06000015","E05001779"
"DE3 0XL",10,430720,334508,"E92000001","E19000001","E18000004","","E06000015","E05001779"
"DE3 0XX",10,430330,333886,"E92000001","E19000001","E18000004","E10000007","E07000039","E05008811"
"DE3 0ZQ",10,430835,334266,"E92000001","E19000001","E18000004","","E06000015","E05001779"
"DE3 9AA",10,431443,334603,"E92000001","E19000001","E18000004","","E06000015","E05001779"
"DE3 9AB",10,431677,334719,"E92000001","E19000001","E18000004","","E06000015","E05001779"
"DE3 9AD",10,431713,334394,"E92000001","E19000001","E18000004","","E06000015","E05001777"
"DE3 9AE",10,432040,334852,"E92000001","E19000001","E18000004","","E06000015","E05001777"
"DE3 9AF",10,432008,334786,"E92000001","E19000001","E18000004","","E06000015","E05001777"
"DE3 9AG",10,432406,334914,"E92000001","E19000001","E18000004","","E06000015","E05001777"
"DE3 9AH",10,432361,334835,"E92000001","E19000001","E18000004","","E06000015","E05001777"
"DE3 9AJ",10,432079,334688,"E92000001","E19000001","E18000004","","E06000015","E05001777"
"DE3 9AL",10,432178,334550,"E92000001","E19000001","E18000004","","E06000015","E05001777"
"DE3 9AN",10,432091,334530,"E92000001","E19000001","E18000004","","E06000015","E05001777"
"DE3 9AP",10,432219,334671,"E92000001","E19000001","E18000004","","E06000015","E05001777"
"DE3 9AQ",10,432160,334701,"E92000001","E19000001","E18000004","","E06000015","E05001777"
"DE3 9AR",10,432432,334762,"E92000001","E19000001","E18000004","","E06000015","E05001777"
"DE3 9AS",10,432431,334793,"E92000001","E19000001","E18000004","","E06000015","E05001777"
"DE3 9AT",10,432308,334632,"E92000001","E19000001","E18000004","","E06000015","E05001777"
"DE3 9AU",10,432278,334664,"E92000001","E19000001","E18000004","","E06000015","E05001777"
"DE3 9AW",10,432539,334859,"E92000001","E19000001","E18000004","","E06000015","E05001777"
"DE3 9AX",10,431465,334555,"E92000001","E19000001","E18000004","","E06000015","E05001779"
"DE3 9AY",10,432394,334704,"E92000001","E19000001","E18000004","","E06000015","E05001777"
"DE3 9AZ",10,432111,334934,"E92000001","E19000001","E18000004","","E06000015","E05001777"
"DE3 9BA",10,430895,334421,"E92000001","E19000001","E18000004","","E06000015","E05001779"
"DE3 9BB",10,431014,334487,"E92000001","E19000001","E18000004","","E06000015","E05001779"
"DE3 9BD",10,431069,334466,"E92000001","E19000001","E18000004","","E06000015","E05001779"
"DE3 9BE",10,430841,334487,"E92000001","E19000001","E18000004","","E06000015","E05001779"
"DE3 9BF",10,431225,334476,"E92000001","E19000001","E18000004","","E06000015","E05001779"
"DE3 9BG",10,431009,334522,"E92000001","E19000001","E18000004","","E06000015","E05001779"
"DE3 9BH",10,430997,334559,"E92000001","E19000001","E18000004","","E06000015","E05001779"
"DE3 9BJ",10,431215,334550,"E92000001","E19000001","E18000004","","E06000015","E05001779"
"DE3 9BL",10,431124,334669,"E92000001","E19000001","E18000004","","E06000015","E05001779"
"DE3 9BN",10,431255,334577,"E92000001","E19000001","E18000004","","E06000015","E05001779"
"DE3 9BP",10,431073,334711,"E92000001","E19000001","E18000004","","E06000015","E05001779"
"DE3 9BQ",10,430949,334641,"E92000001","E19000001","E18000004","","E06000015","E05001779"
"DE3 9BS",10,431255,334681,"E92000001","E19000001","E18000004","","E06000015","E05001779"
"DE3 9BT",10,431353,334639,"E92000001","E19000001","E18000004","","E06000015","E05001779"
"DE3 9BU",10,431447,334717,"E92000001","E19000001","E18000004","","E06000015","E05001779"
"DE3 9BW",10,431459,334763,"E92000001","E19000001","E18000004","","E06000015","E05001779"
"DE3 9BX",10,431567,334759,"E92000001","E19000001","E18000004","","E06000015","E05001779"
"DE3 9BY",10,432249,335236,"E92000001","E19000001","E18000004","","E06000015","E05001777"
"DE3 9BZ",10,430941,334595,"E92000001","E19000001","E18000004","","E06000015","E05001779"
"DE3 9DA",10,430780,335801,"E92000001","E19000001","E18000004","","E06000015","E05001779"
"DE3 9DB",10,430835,335824,"E92000001","E19000001","E18000004","","E06000015","E05001779"
"DE3 9DD",10,432226,334772,"E92000001","E19000001","E18000004","","E06000015","E05001777"
"DE3 9DE",10,431661,334757,"E92000001","E19000001","E18000004","","E06000015","E05001779"
"DE3 9DF",10,431720,334985,"E92000001","E19000001","E18000004","","E06000015","E05001779"
"DE3 9DG",10,431899,335140,"E92000001","E19000001","E18000004","","E06000015","E05001779"
"DE3 9DH",10,431781,335112,"E92000001","E19000001","E18000004","","E06000015","E05001779"
"DE3 9DJ",10,431805,334896,"E92000001","E19000001","E18000004","","E06000015","E05001779"
"DE3 9DL",10,431944,335067,"E92000001","E19000001","E18000004","","E06000015","E05001779"
"DE3 9DN",10,431986,335278,"E92000001","E19000001","E18000004","","E06000015","E05001779"
"DE3 9DP",10,431742,335193,"E92000001","E19000001","E18000004","","E06000015","E05001779"
"DE3 9DQ",10,431704,335120,"E92000001","E19000001","E18000004","","E06000015","E05001779"
"DE3 9DR",10,431701,335055,"E92000001","E19000001","E18000004","","E06000015","E05001779"
"DE3 9DS",10,431795,335108,"E92000001","E19000001","E18000004","","E06000015","E05001779"
"DE3 9DT",10,431899,335208,"E92000001","E19000001","E18000004","","E06000015","E05001779"
"DE3 9DU",10,431895,335180,"E92000001","E19000001","E18000004","","E06000015","E05001779"
"DE3 9DW",10,431852,335124,"E92000001","E19000001","E18000004","","E06000015","E05001779"
"DE3 9DX",10,431574,334527,"E92000001","E19000001","E18000004","","E06000015","E05001779"
"DE3 9DY",10,431495,334448,"E92000001","E19000001","E18000004","","E06000015","E05001779"
"DE3 9DZ",10,431599,334610,"E92000001","E19000001","E18000004","","E06000015","E05001779"
"DE3 9EA",10,431879,335011,"E92000001","E19000001","E18000004","","E06000015","E05001779"
"DE3 9EB",10,431923,335278,"E92000001","E19000001","E18000004","","E06000015","E05001779"
"DE3 9ED",10,431802,335005,"E92000001","E19000001","E18000004","","E06000015","E05001779"
"DE3 9EZ",10,431256,335247,"E92000001","E19000001","E18000004","","E06000015","E05001779"
"DE3 9FB",10,430890,335982,"E92000001","E19000001","E18000004","","E06000015","E05001779"
"DE3 9FD",10,430918,335632,"E92000001","E19000001","E18000004","","E06000015","E05001779"
"DE3 9FE",10,430830,335774,"E92000001","E19000001","E18000004","","E06000015","E05001779"
"DE3 9FG",10,430815,335607,"E92000001","E19000001","E18000004","","E06000015","E05001779"
"DE3 9FH",10,430808,335454,"E92000001","E19000001","E18000004","","E06000015","E05001779"
"DE3 9FJ",10,430791,335303,"E92000001","E19000001","E18000004","","E06000015","E05001779"
"DE3 9FL",10,430830,335143,"E92000001","E19000001","E18000004","","E06000015","E05001779"
"DE3 9FN",10,430760,334960,"E92000001","E19000001","E18000004","","E06000015","E05001779"
"DE3 9FP",10,430795,334802,"E92000001","E19000001","E18000004","","E06000015","E05001779"
"DE3 9FQ",10,430945,335659,"E92000001","E19000001","E18000004","","E06000015","E05001779"
"DE3 9FR",10,430915,335362,"E92000001","E19000001","E18000004","","E06000015","E05001779"
"DE3 9FS",10,430959,335314,"E92000001","E19000001","E18000004","","E06000015","E05001779"
"DE3 9FT",10,431042,335162,"E92000001","E19000001","E18000004","","E06000015","E05001779"
"DE3 9FW",10,430988,335087,"E92000001","E19000001","E18000004","","E06000015","E05001779"
"DE3 9FX",10,430914,335044,"E92000001","E19000001","E18000004","","E06000015","E05001779"
"DE3 9FY",10,430882,334860,"E92000001","E19000001","E18000004","","E06000015","E05001779"
"DE3 9FZ",10,430878,334941,"E92000001","E19000001","E18000004","","E06000015","E05001779"
"DE3 9GA",10,431081,335089,"E92000001","E19000001","E18000004","","E06000015","E05001779"
"DE3 9GB",10,431103,334931,"E92000001","E19000001","E18000004","","E06000015","E05001779"
"DE3 9GE",10,431077,334403,"E92000001","E19000001","E18000004","","E06000015","E05001779"
"DE3 9GF",10,431084,334340,"E92000001","E19000001","E18000004","","E06000015","E05001779"
"DE3 9GG",10,430943,334878,"E92000001","E19000001","E18000004","","E06000015","E05001779"
"DE3 9GH",10,430801,334427,"E92000001","E19000001","E18000004","","E06000015","E05001779"
"DE3 9GJ",10,430781,334638,"E92000001","E19000001","E18000004","","E06000015","E05001779"
"DE3 9GL",10,430751,334716,"E92000001","E19000001","E18000004","","E06000015","E05001779"
"DE3 9GN",10,430895,334736,"E92000001","E19000001","E18000004","","E06000015","E05001779"
"DE3 9GP",10,431021,334806,"E92000001","E19000001","E18000004","","E06000015","E05001779"
"DE3 9GQ",10,431186,334797,"E92000001","E19000001","E18000004","","E06000015","E05001779"
"DE3 9GR",10,431316,334819,"E92000001","E19000001","E18000004","","E06000015","E05001779"
"DE3 9GS",10,431460,334873,"E92000001","E19000001","E18000004","","E06000015","E05001779"
"DE3 9GT",10,431644,334876,"E92000001","E19000001","E18000004","","E06000015","E05001779"
"DE3 9GU",10,431758,334802,"E92000001","E19000001","E18000004","","E06000015","E05001779"
"DE3 9GW",10,431751,334930,"E92000001","E19000001","E18000004","","E06000015","E05001779"
"DE3 9GY",10,430688,334631,"E92000001","E19000001","E18000004","","E06000015","E05001779"
"DE3 9HA",10,431263,334960,"E92000001","E19000001","E18000004","","E06000015","E05001779"
"DE3 9HB",10,431256,335083,"E92000001","E19000001","E18000004","","E06000015","E05001779"
"DE3 9HD",10,431216,335240,"E92000001","E19000001","E18000004","","E06000015","E05001779"
"DE3 9HE",10,431266,335368,"E92000001","E19000001","E18000004","","E06000015","E05001779"
"DE3 9HF",10,431191,335006,"E92000001","E19000001","E18000004","","E06000015","E05001779"
"DE3 9HG",10,431166,335132,"E92000001","E19000001","E18000004","","E06000015","E05001779"
"DE3 9HH",10,431156,335204,"E92000001","E19000001","E18000004","","E06000015","E05001779"
"DE3 9HJ",10,431031,335228,"E92000001","E19000001","E18000004","","E06000015","E05001779"
"DE3 9HL",10,431070,335272,"E92000001","E19000001","E18000004","","E06000015","E05001779"
"DE3 9HN",10,431153,335297,"E92000001","E19000001","E18000004","","E06000015","E05001779"
"DE3 9HP",10,431035,335349,"E92000001","E19000001","E18000004","","E06000015","E05001779"
"DE3 9HQ",10,431052,335409,"E92000001","E19000001","E18000004","","E06000015","E05001779"
"DE3 9HR",10,431092,335414,"E92000001","E19000001","E18000004","","E06000015","E05001779"
"DE3 9HS",10,431163,335398,"E92000001","E19000001","E18000004","","E06000015","E05001779"
"DE3 9HT",10,431313,335146,"E92000001","E19000001","E18000004","","E06000015","E05001779"
"DE3 9HU",10,431435,335161,"E92000001","E19000001","E18000004","","E06000015","E05001779"
"DE3 9HW",10,431392,335182,"E92000001","E19000001","E18000004","","E06000015","E05001779"
"DE3 9HX",10,431404,335060,"E92000001","E19000001","E18000004","","E06000015","E05001779"
"DE3 9HY",10,431376,334939,"E92000001","E19000001","E18000004","","E06000015","E05001779"
"DE3 9HZ",10,431454,334905,"E92000001","E19000001","E18000004","","E06000015","E05001779"
"DE3 9JA",10,431319,335047,"E92000001","E19000001","E18000004","","E06000015","E05001779"
"DE3 9JB",10,431301,334967,"E92000001","E19000001","E18000004","","E06000015","E05001779"
"DE3 9JD",10,431674,334650,"E92000001","E19000001","E18000004","","E06000015","E05001779"
"DE3 9JE",10,431635,334564,"E92000001","E19000001","E18000004","","E06000015","E05001779"
"DE3 9JF",10,430897,335526,"E92000001","E19000001","E18000004","","E06000015","E05001779"
"DE3 9JG",10,430973,335765,"E92000001","E19000001","E18000004","","E06000015","E05001779"
"DE3 9JH",10,431159,335793,"E92000001","E19000001","E18000004","","E06000015","E05001779"
"DE3 9JJ",10,431304,335682,"E92000001","E19000001","E18000004","","E06000015","E05001779"
"DE3 9JL",10,431025,335731,"E92000001","E19000001","E18000004","","E06000015","E05001779"
"DE3 9JN",10,431114,335717,"E92000001","E19000001","E18000004","","E06000015","E05001779"
"DE3 9JP",10,431213,335732,"E92000001","E19000001","E18000004","","E06000015","E05001779"
"DE3 9JQ",10,431231,335658,"E92000001","E19000001","E18000004","","E06000015","E05001779"
"DE3 9JR",10,431142,335498,"E92000001","E19000001","E18000004","","E06000015","E05001779"
"DE3 9JS",10,431057,335475,"E92000001","E19000001","E18000004","","E06000015","E05001779"
"DE3 9JT",10,431016,335555,"E92000001","E19000001","E18000004","","E06000015","E05001779"
"DE3 9JU",10,431092,335607,"E92000001","E19000001","E18000004","","E06000015","E05001779"
"DE3 9JW",10,431212,335591,"E92000001","E19000001","E18000004","","E06000015","E05001779"
"DE3 9JX",10,431367,335582,"E92000001","E19000001","E18000004","","E06000015","E05001779"
"DE3 9JY",10,431547,335450,"E92000001","E19000001","E18000004","","E06000015","E05001779"
"DE3 9JZ",10,431625,335241,"E92000001","E19000001","E18000004","","E06000015","E05001779"
"DE3 9LA",10,431550,335014,"E92000001","E19000001","E18000004","","E06000015","E05001779"
"DE3 9LB",10,431443,335603,"E92000001","E19000001","E18000004","","E06000015","E05001779"
"DE3 9LD",10,431611,335531,"E92000001","E19000001","E18000004","","E06000015","E05001779"
"DE3 9LE",10,431662,335396,"E92000001","E19000001","E18000004","","E06000015","E05001779"
"DE3 9LF",10,431597,335452,"E92000001","E19000001","E18000004","","E06000015","E05001779"
"DE3 9LG",10,431662,335227,"E92000001","E19000001","E18000004","","E06000015","E05001779"
"DE3 9LH",10,431588,335116,"E92000001","E19000001","E18000004","","E06000015","E05001779"
"DE3 9LJ",10,431617,334993,"E92000001","E19000001","E18000004","","E06000015","E05001779"
"DE3 9LL",10,431642,335735,"E92000001","E19000001","E18000004","","E06000015","E05001779"
"DE3 9LN",10,431678,335611,"E92000001","E19000001","E18000004","","E06000015","E05001779"
"DE3 9LP",10,431237,335554,"E92000001","E19000001","E18000004","","E06000015","E05001779"
"DE3 9LQ",10,431397,335536,"E92000001","E19000001","E18000004","","E06000015","E05001779"
"DE3 9LR",10,431509,335439,"E92000001","E19000001","E18000004","","E06000015","E05001779"
"DE3 9LS",10,431578,335236,"E92000001","E19000001","E18000004","","E06000015","E05001779"
"DE3 9LT",10,431504,334982,"E92000001","E19000001","E18000004","","E06000015","E05001779"
"DE3 9LU",10,431280,335504,"E92000001","E19000001","E18000004","","E06000015","E05001779"
"DE3 9LW",10,431398,335476,"E92000001","E19000001","E18000004","","E06000015","E05001779"
"DE3 9LX",10,431511,335365,"E92000001","E19000001","E18000004","","E06000015","E05001779"
"DE3 9LY",10,431553,335309,"E92000001","E19000001","E18000004","","E06000015","E05001779"
"DE3 9LZ",10,431501,335225,"E92000001","E19000001","E18000004","","E06000015","E05001779"
"DE3 9NA",10,431459,335075,"E92000001","E19000001","E18000004","","E06000015","E05001779"
"DE3 9NB",10,431459,334974,"E92000001","E19000001","E18000004","","E06000015","E05001779"
"DE3 9ND",10,431209,333933,"E92000001","E19000001","E18000004","","E06000015","E05001779"
"DE3 9NE",10,431256,334045,"E92000001","E19000001","E18000004","","E06000015","E05001779"
"DE3 9NF",10,431086,333968,"E92000001","E19000001","E18000004","","E06000015","E05001779"
"DE3 9NG",10,431072,334041,"E92000001","E19000001","E18000004","","E06000015","E05001779"
"DE3 9NH",10,430957,334100,"E92000001","E19000001","E18000004","","E06000015","E05001779"
"DE3 9NJ",10,431054,334128,"E92000001","E19000001","E18000004","","E06000015","E05001779"
"DE3 9NL",10,431075,334181,"E92000001","E19000001","E18000004","","E06000015","E05001779"
"DE3 9NN",10,431145,334132,"E92000001","E19000001","E18000004","","E06000015","E05001779"
"DE3 9NP",10,431144,333938,"E92000001","E19000001","E18000004","","E06000015","E05001779"
"DE3 9NQ",10,431117,334071,"E92000001","E19000001","E18000004","","E06000015","E05001779"
"DE3 9NR",10,431199,334129,"E92000001","E19000001","E18000004","","E06000015","E05001779"
"DE3 9NS",10,431143,333996,"E92000001","E19000001","E18000004","","E06000015","E05001779"
"DE3 9NT",10,431075,334237,"E92000001","E19000001","E18000004","","E06000015","E05001779"
"DE3 9NU",10,431184,334279,"E92000001","E19000001","E18000004","","E06000015","E05001779"
"DE3 9NW",10,430980,334193,"E92000001","E19000001","E18000004","","E06000015","E05001779"
"DE3 9SA",10,430945,333910,"E92000001","E19000001","E18000004","","E06000015","E05001779"
"DE3 9SP",10,431255,334223,"E92000001","E19000001","E18000004","","E06000015","E05001779"
"DE3 9SR",10,431273,334437,"E92000001","E19000001","E18000004","","E06000015","E05001779"
"DE3 9SS",10,431307,334317,"E92000001","E19000001","E18000004","","E06000015","E05001779"
"DE3 9ST",10,431399,334341,"E92000001","E19000001","E18000004","","E06000015","E05001779"
"DE3 9SU",10,431246,334306,"E92000001","E19000001","E18000004","","E06000015","E05001779"
"DE3 9SW",10,431304,334108,"E92000001","E19000001","E18000004","","E06000015","E05001779"
"DE3 9SY",10,431341,334294,"E92000001","E19000001","E18000004","","E06000015","E05001779"
"DE3 9SZ",10,431417,334220,"E92000001","E19000001","E18000004","","E06000015","E05001779"
"DE3 9XA",10,432289,334996,"E92000001","E19000001","E18000004","","E06000015","E05001777"
"DE3 9XB",10,432305,335037,"E92000001","E19000001","E18000004","","E06000015","E05001777"
"DE3 9XD",10,432317,334993,"E92000001","E19000001","E18000004","","E06000015","E05001777"
"DE3 9XE",10,432213,335045,"E92000001","E19000001","E18000004","","E06000015","E05001777"
"DE3 9XF",10,432323,335096,"E92000001","E19000001","E18000004","","E06000015","E05001777"
"DE3 9XG",10,432365,335103,"E92000001","E19000001","E18000004","","E06000015","E05001777"
"DE3 9XH",10,432476,335065,"E92000001","E19000001","E18000004","","E06000015","E05001777"
"DE3 9XQ",10,432421,334989,"E92000001","E19000001","E18000004","","E06000015","E05001777"
"DE3 9YA",10,431863,334601,"E92000001","E19000001","E18000004","","E06000015","E05001777"
"DE3 9YB",10,431992,334655,"E92000001","E19000001","E18000004","","E06000015","E05001777"
"DE3 9YD",10,431786,334593,"E92000001","E19000001","E18000004","","E06000015","E05001777"
"DE3 9YE",10,431735,334493,"E92000001","E19000001","E18000004","","E06000015","E05001777"
"DE3 9YF",10,431972,334535,"E92000001","E19000001","E18000004","","E06000015","E05001777"
"DE3 9YG",10,432015,334477,"E92000001","E19000001","E18000004","","E06000015","E05001777"
"DE3 9YH",10,431845,334438,"E92000001","E19000001","E18000004","","E06000015","E05001777"
"DE3 9YJ",10,431865,334521,"E92000001","E19000001","E18000004","","E06000015","E05001777"
"DE3 9YL",10,431899,334387,"E92000001","E19000001","E18000004","","E06000015","E05001777"
"DE4 2AA",10,427898,358181,"E92000001","E19000001","E18000004","E10000007","E07000035","E05003359"
"DE4 2AB",10,424083,360635,"E92000001","E19000001","E18000004","E10000007","E07000035","E05003365"
"DE4 2AD",10,427959,357907,"E92000001","E19000001","E18000004","E10000007","E07000035","E05003359"
"DE4 2AE",10,428052,358166,"E92000001","E19000001","E18000004","E10000007","E07000035","E05003359"
"DE4 2AF",10,428092,358189,"E92000001","E19000001","E18000004","E10000007","E07000035","E05003359"
"DE4 2AG",10,428159,357687,"E92000001","E19000001","E18000004","E10000007","E07000035","E05003359"
"DE4 2AH",10,428255,357703,"E92000001","E19000001","E18000004","E10000007","E07000035","E05003359"
"DE4 2AJ",10,428439,357421,"E92000001","E19000001","E18000004","E10000007","E07000035","E05003359"
"DE4 2AL",10,422723,361047,"E92000001","E19000001","E18000004","E10000007","E07000035","E05003365"
"DE4 2AN",10,427054,363053,"E92000001","E19000001","E18000004","E10000007","E07000035","E05003351"
"DE4 2AP",10,427688,358614,"E92000001","E19000001","E18000004","E10000007","E07000035","E05003359"
"DE4 2AQ",10,422675,361013,"E92000001","E19000001","E18000004","E10000007","E07000035","E05003365"
"DE4 2AR",10,427811,358508,"E92000001","E19000001","E18000004","E10000007","E07000035","E05003359"
"DE4 2AS",10,427822,358467,"E92000001","E19000001","E18000004","E10000007","E07000035","E05003359"
"DE4 2AT",10,427652,358643,"E92000001","E19000001","E18000004","E10000007","E07000035","E05003359"
"DE4 2AU",10,427374,358303,"E92000001","E19000001","E18000004","E10000007","E07000035","E05003359"
"DE4 2AW",10,427358,358385,"E92000001","E19000001","E18000004","E10000007","E07000035","E05003359"
"DE4 2AX",10,427275,358225,"E92000001","E19000001","E18000004","E10000007","E07000035","E05003359"
"DE4 2AY",10,427401,358092,"E92000001","E19000001","E18000004","E10000007","E07000035","E05003359"
"DE4 2AZ",10,427681,358052,"E92000001","E19000001","E18000004","E10000007","E07000035","E05003359"
"DE4 2BA",10,427491,358023,"E92000001","E19000001","E18000004","E10000007","E07000035","E05003359"
"DE4 2BB",10,427384,357503,"E92000001","E19000001","E18000004","E10000007","E07000035","E05003359"
"DE4 2BE",10,423904,362058,"E92000001","E19000001","E18000004","E10000007","E07000035","E05003363"
"DE4 2BF",10,422243,361026,"E92000001","E19000001","E18000004","E10000007","E07000035","E05003365"
"DE4 2BG",10,423723,362133,"E92000001","E19000001","E18000004","E10000007","E07000035","E05003363"
"DE4 2BH",10,424041,361713,"E92000001","E19000001","E18000004","E10000007","E07000035","E05003363"
"DE4 2BJ",10,423916,362095,"E92000001","E19000001","E18000004","E10000007","E07000035","E05003363"
"DE4 2BL",10,423855,362153,"E92000001","E19000001","E18000004","E10000007","E07000035","E05003363"
"DE4 2BN",10,423878,362187,"E92000001","E19000001","E18000004","E10000007","E07000035","E05003363"
"DE4 2BP",10,423801,362098,"E92000001","E19000001","E18000004","E10000007","E07000035","E05003363"
"DE4 2BQ",10,423556,362365,"E92000001","E19000001","E18000004","E10000007","E07000035","E05003363"
"DE4 2BS",10,423869,362106,"E92000001","E19000001","E18000004","E10000007","E07000035","E05003363"
"DE4 2BT",10,428417,361866,"E92000001","E19000001","E18000004","E10000007","E07000035","E05003351"
"DE4 2BU",10,422548,360945,"E92000001","E19000001","E18000004","E10000007","E07000035","E05003365"
"DE4 2BW",10,422321,360930,"E92000001","E19000001","E18000004","E10000007","E07000035","E05003365"
"DE4 2BX",10,422296,360890,"E92000001","E19000001","E18000004","E10000007","E07000035","E05003365"
"DE4 2BY",10,422167,361071,"E92000001","E19000001","E18000004","E10000007","E07000035","E05003365"
"DE4 2BZ",10,422002,360938,"E92000001","E19000001","E18000004","E10000007","E07000035","E05003365"
"DE4 2DA",10,422205,360870,"E92000001","E19000001","E18000004","E10000007","E07000035","E05003365"
"DE4 2DB",10,422301,360868,"E92000001","E19000001","E18000004","E10000007","E07000035","E05003365"
"DE4 2DD",10,423254,360604,"E92000001","E19000001","E18000004","E10000007","E07000035","E05003365"
"DE4 2DE",10,427769,363096,"E92000001","E19000001","E18000004","E10000007","E07000035","E05003351"
"DE4 2DF",10,425923,366097,"E92000001","E19000001","E18000004","E10000007","E07000035","E05003363"
"DE4 2DG",10,424215,360651,"E92000001","E19000001","E18000004","E10000007","E07000035","E05003365"
"DE4 2DH",10,424209,360610,"E92000001","E19000001","E18000004","E10000007","E07000035","E05003365"
"DE4 2DJ",10,424147,360578,"E92000001","E19000001","E18000004","E10000007","E07000035","E05003365"
"DE4 2DL",10,424293,360705,"E92000001","E19000001","E18000004","E10000007","E07000035","E05003365"
"DE4 2DN",10,424128,360609,"E92000001","E19000001","E18000004","E10000007","E07000035","E05003365"
"DE4 2DP",10,424069,360506,"E92000001","E19000001","E18000004","E10000007","E07000035","E05003365"
"DE4 2DQ",10,423972,360461,"E92000001","E19000001","E18000004","E10000007","E07000035","E05003365"
"DE4 2DR",10,423791,360266,"E92000001","E19000001","E18000004","E10000007","E07000035","E05003365"
"DE4 2DS",10,424130,360429,"E92000001","E19000001","E18000004","E10000007","E07000035","E05003365"
"DE4 2DT",10,424122,360422,"E92000001","E19000001","E18000004","E10000007","E07000035","E05003365"
"DE4 2DU",10,424411,360741,"E92000001","E19000001","E18000004","E10000007","E07000035","E05003365"
"DE4 2DX",10,425899,366172,"E92000001","E19000001","E18000004","E10000007","E07000035","E05003363"
"DE4 2DY",10,425856,366157,"E92000001","E19000001","E18000004","E10000007","E07000035","E05003363"
"DE4 2DZ",10,425464,366123,"E92000001","E19000001","E18000004","E10000007","E07000035","E05003363"
"DE4 2EA",10,425437,366113,"E92000001","E19000001","E18000004","E10000007","E07000035","E05003363"
"DE4 2EB",10,425508,365794,"E92000001","E19000001","E18000004","E10000007","E07000035","E05003363"
"DE4 2ED",10,425701,365762,"E92000001","E19000001","E18000004","E10000007","E07000035","E05003363"
"DE4 2EE",10,425674,365766,"E92000001","E19000001","E18000004","E10000007","E07000035","E05003363"
"DE4 2EF",10,426114,365852,"E92000001","E19000001","E18000004","E10000007","E07000035","E05003363"
"DE4 2EG",10,426135,366063,"E92000001","E19000001","E18000004","E10000007","E07000035","E05003363"
"DE4 2EH",10,426011,366190,"E92000001","E19000001","E18000004","E10000007","E07000035","E05003363"
"DE4 2EJ",10,425994,366239,"E92000001","E19000001","E18000004","E10000007","E07000035","E05003363"
"DE4 2EL",10,425912,365821,"E92000001","E19000001","E18000004","E10000007","E07000035","E05003363"
"DE4 2EN",10,427908,363027,"E92000001","E19000001","E18000004","E10000007","E07000035","E05003351"
"DE4 2EP",10,428331,361870,"E92000001","E19000001","E18000004","E10000007","E07000035","E05003351"
"DE4 2EQ",10,427395,362716,"E92000001","E19000001","E18000004","E10000007","E07000035","E05003351"
"DE4 2ER",10,427563,362393,"E92000001","E19000001","E18000004","E10000007","E07000035","E05003351"
"DE4 2ET",10,427498,362560,"E92000001","E19000001","E18000004","E10000007","E07000035","E05003351"
"DE4 2EU",10,427710,362721,"E92000001","E19000001","E18000004","E10000007","E07000035","E05003351"
"DE4 2EW",10,427731,362758,"E92000001","E19000001","E18000004","E10000007","E07000035","E05003351"
"DE4 2EX",10,427803,362770,"E92000001","E19000001","E18000004","E10000007","E07000035","E05003351"
"DE4 2EY",10,427691,362809,"E92000001","E19000001","E18000004","E10000007","E07000035","E05003351"
"DE4 2EZ",10,427952,362898,"E92000001","E19000001","E18000004","E10000007","E07000035","E05003351"
"DE4 2FB",10,427766,362946,"E92000001","E19000001","E18000004","E10000007","E07000035","E05003351"
"DE4 2FD",10,427800,362922,"E92000001","E19000001","E18000004","E10000007","E07000035","E05003351"
"DE4 2FE",10,427849,362969,"E92000001","E19000001","E18000004","E10000007","E07000035","E05003351"
"DE4 2FF",10,428057,363040,"E92000001","E19000001","E18000004","E10000007","E07000035","E05003351"
"DE4 2FG",10,428446,362890,"E92000001","E19000001","E18000004","E10000007","E07000035","E05003351"
"DE4 2FJ",10,428691,362975,"E92000001","E19000001","E18000004","E10000007","E07000035","E05003351"
"DE4 2FL",10,428515,363107,"E92000001","E19000001","E18000004","E10000007","E07000035","E05003351"
"DE4 2FN",10,428502,363207,"E92000001","E19000001","E18000004","E10000007","E07000035","E05003351"
"DE4 2FP",10,427595,363064,"E92000001","E19000001","E18000004","E10000007","E07000035","E05003351"
"DE4 2FS",10,427167,363186,"E92000001","E19000001","E18000004","E10000007","E07000035","E05003351"
"DE4 2FT",10,426918,363377,"E92000001","E19000001","E18000004","E10000007","E07000035","E05003351"
"DE4 2FW",10,427460,363165,"E92000001","E19000001","E18000004","E10000007","E07000035","E05003351"
"DE4 2FX",10,427492,363028,"E92000001","E19000001","E18000004","E10000007","E07000035","E05003351"
"DE4 2FY",10,427104,363264,"E92000001","E19000001","E18000004","E10000007","E07000035","E05003351"
"DE4 2FZ",10,427148,363304,"E92000001","E19000001","E18000004","E10000007","E07000035","E05003351"
"DE4 2GA",10,427183,363350,"E92000001","E19000001","E18000004","E10000007","E07000035","E05003351"
"DE4 2GB",10,427218,363396,"E92000001","E19000001","E18000004","E10000007","E07000035","E05003351"
"DE4 2GD",10,427257,363437,"E92000001","E19000001","E18000004","E10000007","E07000035","E05003351"
"DE4 2GE",10,427292,363482,"E92000001","E19000001","E18000004","E10000007","E07000035","E05003351"
"DE4 2GF",10,426995,363347,"E92000001","E19000001","E18000004","E10000007","E07000035","E05003351"
"DE4 2GG",10,426703,363344,"E92000001","E19000001","E18000004","E10000007","E07000035","E05003351"
"DE4 2GH",10,426663,363425,"E92000001","E19000001","E18000004","E10000007","E07000035","E05003351"
"DE4 2GJ",10,426750,363387,"E92000001","E19000001","E18000004","E10000007","E07000035","E05003351"
"DE4 2GL",10,426648,363070,"E92000001","E19000001","E18000004","E10000007","E07000035","E05003351"
"DE4 2GN",10,426966,363174,"E92000001","E19000001","E18000004","E10000007","E07000035","E05003351"
"DE4 2GP",10,426888,363173,"E92000001","E19000001","E18000004","E10000007","E07000035","E05003351"
"DE4 2GQ",10,426806,363189,"E92000001","E19000001","E18000004","E10000007","E07000035","E05003351"
"DE4 2GR",10,426971,363248,"E92000001","E19000001","E18000004","E10000007","E07000035","E05003351"
"DE4 2GS",10,427083,363111,"E92000001","E19000001","E18000004","E10000007","E07000035","E05003351"
"DE4 2GT",10,426829,363318,"E92000001","E19000001","E18000004","E10000007","E07000035","E05003351"
"DE4 2GU",10,426893,363312,"E92000001","E19000001","E18000004","E10000007","E07000035","E05003351"
"DE4 2GW",10,427392,363060,"E92000001","E19000001","E18000004","E10000007","E07000035","E05003351"
"DE4 2GX",10,426633,363556,"E92000001","E19000001","E18000004","E10000007","E07000035","E05003351"
"DE4 2GY",10,426772,363573,"E92000001","E19000001","E18000004","E10000007","E07000035","E05003351"
"DE4 2GZ",10,425943,366129,"E92000001","E19000001","E18000004","E10000007","E07000035","E05003363"
"DE4 2HB",10,425877,366193,"E92000001","E19000001","E18000004","E10000007","E07000035","E05003363"
"DE4 2HD",10,427553,363240,"E92000001","E19000001","E18000004","E10000007","E07000035","E05003351"
"DE4 2HE",10,427504,363662,"E92000001","E19000001","E18000004","E10000007","E07000035","E05003351"
"DE4 2HF",10,427352,363683,"E92000001","E19000001","E18000004","E10000007","E07000035","E05003351"
"DE4 2HG",10,427227,363656,"E92000001","E19000001","E18000004","E10000007","E07000035","E05003351"
"DE4 2HH",10,427160,363709,"E92000001","E19000001","E18000004","E10000007","E07000035","E05003351"
"DE4 2HJ",10,426954,363533,"E92000001","E19000001","E18000004","E10000007","E07000035","E05003351"
"DE4 2HL",10,426982,363477,"E92000001","E19000001","E18000004","E10000007","E07000035","E05003351"
"DE4 2HN",10,426978,364119,"E92000001","E19000001","E18000004","E10000007","E07000035","E05003351"
"DE4 2HP",10,426969,364630,"E92000001","E19000001","E18000004","E10000007","E07000035","E05003363"
"DE4 2HQ",10,426304,364668,"E92000001","E19000001","E18000004","E10000007","E07000035","E05003363"
"DE4 2HR",10,426555,364595,"E92000001","E19000001","E18000004","E10000007","E07000035","E05003363"
"DE4 2HS",10,426752,364594,"E92000001","E19000001","E18000004","E10000007","E07000035","E05003363"
"DE4 2HT",10,426574,364549,"E92000001","E19000001","E18000004","E10000007","E07000035","E05003363"
"DE4 2HU",10,426439,364531,"E92000001","E19000001","E18000004","E10000007","E07000035","E05003363"
"DE4 2HW",10,426316,364559,"E92000001","E19000001","E18000004","E10000007","E07000035","E05003363"
"DE4 2HX",10,426258,364436,"E92000001","E19000001","E18000004","E10000007","E07000035","E05003363"
"DE4 2HY",10,426426,364176,"E92000001","E19000001","E18000004","E10000007","E07000035","E05003363"
"DE4 2HZ",10,426393,364381,"E92000001","E19000001","E18000004","E10000007","E07000035","E05003363"
"DE4 2JA",10,427939,363295,"E92000001","E19000001","E18000004","E10000007","E07000035","E05003351"
"DE4 2JB",10,426330,364236,"E92000001","E19000001","E18000004","E10000007","E07000035","E05003363"
"DE4 2JD",10,428506,361616,"E92000001","E19000001","E18000004","E10000007","E07000035","E05003351"
"DE4 2JE",10,425844,366015,"E92000001","E19000001","E18000004","E10000007","E07000035","E05003363"
"DE4 2JF",10,428586,361476,"E92000001","E19000001","E18000004","E10000007","E07000035","E05003351"
"DE4 2JG",10,428502,360261,"E92000001","E19000001","E18000004","E10000007","E07000035","E05003360"
"DE4 2JJ",10,427521,360949,"E92000001","E19000001","E18000004","E10000007","E07000035","E05003365"
"DE4 2JL",10,427514,361037,"E92000001","E19000001","E18000004","E10000007","E07000035","E05003365"
"DE4 2JN",10,427615,361005,"E92000001","E19000001","E18000004","E10000007","E07000035","E05003365"
"DE4 2JP",10,427876,361107,"E92000001","E19000001","E18000004","E10000007","E07000035","E05003365"
"DE4 2JQ",10,426933,361306,"E92000001","E19000001","E18000004","E10000007","E07000035","E05003365"
"DE4 2JR",10,426808,361340,"E92000001","E19000001","E18000004","E10000007","E07000035","E05003365"
"DE4 2JS",10,426921,361505,"E92000001","E19000001","E18000004","E10000007","E07000035","E05003365"
"DE4 2JT",10,426856,361494,"E92000001","E19000001","E18000004","E10000007","E07000035","E05003365"
"DE4 2JU",10,426978,361551,"E92000001","E19000001","E18000004","E10000007","E07000035","E05003365"
"DE4 2JW",10,426890,361761,"E92000001","E19000001","E18000004","E10000007","E07000035","E05003365"
"DE4 2JX",10,426864,361933,"E92000001","E19000001","E18000004","E10000007","E07000035","E05003365"
"DE4 2JY",10,426983,362022,"E92000001","E19000001","E18000004","E10000007","E07000035","E05003365"
"DE4 2JZ",10,427351,361841,"E92000001","E19000001","E18000004","E10000007","E07000035","E05003365"
"DE4 2LA",10,427019,361818,"E92000001","E19000001","E18000004","E10000007","E07000035","E05003365"
"DE4 2LB",10,426714,363438,"E92000001","E19000001","E18000004","E10000007","E07000035","E05003351"
"DE4 2LD",10,427997,362402,"E92000001","E19000001","E18000004","E10000007","E07000035","E05003351"
"DE4 2LE",10,426027,362361,"E92000001","E19000001","E18000004","E10000007","E07000035","E05003365"
"DE4 2LF",10,426090,364745,"E92000001","E19000001","E18000004","E10000007","E07000035","E05003363"
"DE4 2LG",10,424228,364252,"E92000001","E19000001","E18000004","E10000007","E07000035","E05003363"
"DE4 2LH",10,426195,361109,"E92000001","E19000001","E18000004","E10000007","E07000035","E05003365"
"DE4 2LJ",10,426272,361077,"E92000001","E19000001","E18000004","E10000007","E07000035","E05003365"
"DE4 2LL",10,426385,361135,"E92000001","E19000001","E18000004","E10000007","E07000035","E05003365"
"DE4 2LN",10,425943,362564,"E92000001","E19000001","E18000004","E10000007","E07000035","E05003363"
"DE4 2LP",10,426158,362211,"E92000001","E19000001","E18000004","E10000007","E07000035","E05003365"
"DE4 2LQ",10,425425,363154,"E92000001","E19000001","E18000004","E10000007","E07000035","E05003363"
"DE4 2LR",10,424429,363911,"E92000001","E19000001","E18000004","E10000007","E07000035","E05003363"
"DE4 2LS",10,424387,364056,"E92000001","E19000001","E18000004","E10000007","E07000035","E05003363"
"DE4 2LT",10,424033,364279,"E92000001","E19000001","E18000004","E10000007","E07000035","E05003363"
"DE4 2LU",10,424093,364257,"E92000001","E19000001","E18000004","E10000007","E07000035","E05003363"
"DE4 2LW",10,423694,364324,"E92000001","E19000001","E18000004","E10000007","E07000035","E05003363"
"DE4 2LX",10,424173,364305,"E92000001","E19000001","E18000004","E10000007","E07000035","E05003363"
"DE4 2LY",10,423356,362763,"E92000001","E19000001","E18000004","E10000007","E07000035","E05003363"
"DE4 2LZ",10,422976,361666,"E92000001","E19000001","E18000004","E10000007","E07000035","E05003365"
"DE4 2NA",10,424200,364303,"E92000001","E19000001","E18000004","E10000007","E07000035","E05003363"
"DE4 2NB",10,426592,367476,"E92000001","E19000001","E18000004","E10000007","E07000035","E05003349"
"DE4 2ND",10,426567,367544,"E92000001","E19000001","E18000004","E10000007","E07000035","E05003349"
"DE4 2NE",10,425051,364879,"E92000001","E19000001","E18000004","E10000007","E07000035","E05003363"
"DE4 2NF",10,424730,365259,"E92000001","E19000001","E18000004","E10000007","E07000035","E05003363"
"DE4 2NG",10,425539,364281,"E92000001","E19000001","E18000004","E10000007","E07000035","E05003363"
"DE4 2NH",10,426093,365447,"E92000001","E19000001","E18000004","E10000007","E07000035","E05003363"
"DE4 2NJ",10,426500,365190,"E92000001","E19000001","E18000004","E10000007","E07000035","E05003363"
"DE4 2NL",10,426335,365893,"E92000001","E19000001","E18000004","E10000007","E07000035","E05003363"
"DE4 2NN",10,426864,366370,"E92000001","E19000001","E18000004","E10000007","E07000035","E05003363"
"DE4 2NP",10,426208,366647,"E92000001","E19000001","E18000004","E10000007","E07000035","E05003363"
"DE4 2NQ",10,426552,367386,"E92000001","E19000001","E18000004","E10000007","E07000035","E05003349"
"DE4 2NR",10,426808,367443,"E92000001","E19000001","E18000004","E10000007","E07000035","E05003349"
"DE4 2NS",10,427455,367519,"E92000001","E19000001","E18000004","E10000007","E07000035","E05003349"
"DE4 2NT",10,426559,367692,"E92000001","E19000001","E18000004","E10000007","E07000035","E05003349"
"DE4 2NU",10,426622,367572,"E92000001","E19000001","E18000004","E10000007","E07000035","E05003349"
"DE4 2NW",10,426848,368446,"E92000001","E19000001","E18000004","E10000007","E07000035","E05003349"
"DE4 2NX",10,425757,368335,"E92000001","E19000001","E18000004","E10000007","E07000035","E05003349"
"DE4 2NY",10,426543,367616,"E92000001","E19000001","E18000004","E10000007","E07000035","E05003349"
"DE4 2NZ",10,426501,367464,"E92000001","E19000001","E18000004","E10000007","E07000035","E05003349"
"DE4 2PA",10,429256,359888,"E92000001","E19000001","E18000004","E10000007","E07000035","E05003360"
"DE4 2PB",10,426398,359568,"E92000001","E19000001","E18000004","E10000007","E07000035","E05003359"
"DE4 2PD",10,425453,359704,"E92000001","E19000001","E18000004","E10000007","E07000035","E05003359"
"DE4 2PE",10,424127,359437,"E92000001","E19000001","E18000004","E10000007","E07000035","E05003365"
"DE4 2PF",10,422857,359276,"E92000001","E19000001","E18000004","E10000007","E07000035","E05003348"
"DE4 2PG",10,420106,359320,"E92000001","E19000001","E18000004","E10000007","E07000035","E05003348"
"DE4 2PH",10,419145,359182,"E92000001","E19000001","E18000004","E10000007","E07000035","E05003352"
"DE4 2PJ",10,419204,359014,"E92000001","E19000001","E18000004","E10000007","E07000035","E05003348"
"DE4 2PL",10,418597,358506,"E92000001","E19000001","E18000004","E10000007","E07000035","E05003352"
"DE4 2PN",10,419151,357747,"E92000001","E19000001","E18000004","E10000007","E07000035","E05003352"
"DE4 2PP",10,419427,356636,"E92000001","E19000001","E18000004","E10000007","E07000035","E05003352"
"DE4 2PQ",10,420036,356784,"E92000001","E19000001","E18000004","E10000007","E07000035","E05003348"
"DE4 2PR",10,420050,357828,"E92000001","E19000001","E18000004","E10000007","E07000035","E05003348"
"DE4 2PS",10,426453,367133,"E92000001","E19000001","E18000004","E10000007","E07000035","E05003349"
"DE4 2PT",10,428093,362550,"E92000001","E19000001","E18000004","E10000007","E07000035","E05003351"
"DE4 2PW",10,429172,361413,"E92000001","E19000001","E18000004","E10000007","E07000035","E05003351"
"DE4 2PX",10,428970,361722,"E92000001","E19000001","E18000004","E10000007","E07000035","E05003351"
"DE4 2PY",10,429070,361618,"E92000001","E19000001","E18000004","E10000007","E07000035","E05003351"
"DE4 2PZ",10,428950,361625,"E92000001","E19000001","E18000004","E10000007","E07000035","E05003351"
"DE4 2QA",10,428771,362033,"E92000001","E19000001","E18000004","E10000007","E07000035","E05003351"
"DE4 2QB",10,428328,362416,"E92000001","E19000001","E18000004","E10000007","E07000035","E05003351"
"DE4 2QD",10,428589,362352,"E92000001","E19000001","E18000004","E10000007","E07000035","E05003351"
"DE4 2QE",10,428534,362150,"E92000001","E19000001","E18000004","E10000007","E07000035","E05003351"
"DE4 2QF",10,428463,362004,"E92000001","E19000001","E18000004","E10000007","E07000035","E05003351"
"DE4 2QG",10,428527,361834,"E92000001","E19000001","E18000004","E10000007","E07000035","E05003351"
"DE4 2QH",10,428499,361872,"E92000001","E19000001","E18000004","E10000007","E07000035","E05003351"
"DE4 2QJ",10,428634,361593,"E92000001","E19000001","E18000004","E10000007","E07000035","E05003351"
"DE4 2QL",10,429133,361252,"E92000001","E19000001","E18000004","E10000007","E07000035","E05003351"
"DE4 2QN",10,428446,361879,"E92000001","E19000001","E18000004","E10000007","E07000035","E05003351"
"DE4 2QW",10,426976,362998,"E92000001","E19000001","E18000004","E10000007","E07000035","E05003351"
"DE4 2QX",10,426811,363122,"E92000001","E19000001","E18000004","E10000007","E07000035","E05003351"
"DE4 2QY",10,426871,363067,"E92000001","E19000001","E18000004","E10000007","E07000035","E05003351"
"DE4 2QZ",10,426900,363056,"E92000001","E19000001","E18000004","E10000007","E07000035","E05003351"
"DE4 2RA",10,428072,362500,"E92000001","E19000001","E18000004","E10000007","E07000035","E05003351"
"DE4 2RH",10,428180,361993,"E92000001","E19000001","E18000004","E10000007","E07000035","E05003351"
"DE4 2RJ",10,428144,362063,"E92000001","E19000001","E18000004","E10000007","E07000035","E05003351"
"DE4 2RL",10,428133,362122,"E92000001","E19000001","E18000004","E10000007","E07000035","E05003351"
"DE4 2RN",10,428158,362167,"E92000001","E19000001","E18000004","E10000007","E07000035","E05003351"
"DE4 2RR",10,428108,362161,"E92000001","E19000001","E18000004","E10000007","E07000035","E05003351"
"DE4 2RS",10,423129,363749,"E92000001","E19000001","E18000004","E10000007","E07000035","E05003363"
"DE4 2RT",10,428080,362198,"E92000001","E19000001","E18000004","E10000007","E07000035","E05003351"
"DE4 2RW",10,428213,362101,"E92000001","E19000001","E18000004","E10000007","E07000035","E05003351"
"DE4 2SA",10,427596,362916,"E92000001","E19000001","E18000004","E10000007","E07000035","E05003351"
"DE4 2SB",10,427661,363002,"E92000001","E19000001","E18000004","E10000007","E07000035","E05003351"
"DE4 2SD",10,427637,362865,"E92000001","E19000001","E18000004","E10000007","E07000035","E05003351"
"DE4 2TP",10,427409,363279,"E92000001","E19000001","E18000004","E10000007","E07000035","E05003351"
"DE4 2TQ",10,427441,363340,"E92000001","E19000001","E18000004","E10000007","E07000035","E05003351"
"DE4 2TR",10,427370,363272,"E92000001","E19000001","E18000004","E10000007","E07000035","E05003351"
"DE4 2TS",10,427338,363331,"E92000001","E19000001","E18000004","E10000007","E07000035","E05003351"
"DE4 2TT",10,427259,363357,"E92000001","E19000001","E18000004","E10000007","E07000035","E05003351"
"DE4 2TU",10,427261,363200,"E92000001","E19000001","E18000004","E10000007","E07000035","E05003351"
"DE4 2TX",10,427244,363292,"E92000001","E19000001","E18000004","E10000007","E07000035","E05003351"
"DE4 2TY",10,427287,363340,"E92000001","E19000001","E18000004","E10000007","E07000035","E05003351"
"DE4 2TZ",10,427351,363435,"E92000001","E19000001","E18000004","E10000007","E07000035","E05003351"
"DE4 2YY",10,429909,360274,"E92000001","E19000001","E18000004","E10000007","E07000035","E05003360"
"DE4 2ZQ",10,429909,360274,"E92000001","E19000001","E18000004","E10000007","E07000035","E05003360"
"DE4 3AA",10,429909,360274,"E92000001","E19000001","E18000004","E10000007","E07000035","E05003360"
"DE4 3AB",10,429861,360885,"E92000001","E19000001","E18000004","E10000007","E07000035","E05003360"
"DE4 3AD",10,430069,359123,"E92000001","E19000001","E18000004","E10000007","E07000035","E05003361"
"DE4 3AF",10,428020,362044,"E92000001","E19000001","E18000004","E10000007","E07000035","E05003351"
"DE4 3AG",10,430105,360671,"E92000001","E19000001","E18000004","E10000007","E07000035","E05003360"
"DE4 3AH",10,429909,360274,"E92000001","E19000001","E18000004","E10000007","E07000035","E05003360"
"DE4 3AJ",10,429909,360274,"E92000001","E19000001","E18000004","E10000007","E07000035","E05003360"
"DE4 3AL",10,429593,358436,"E92000001","E19000001","E18000004","E10000007","E07000035","E05003359"
"DE4 3AP",10,429884,360227,"E92000001","E19000001","E18000004","E10000007","E07000035","E05003360"
"DE4 3AQ",10,429876,360251,"E92000001","E19000001","E18000004","E10000007","E07000035","E05003360"
"DE4 3AR",10,429926,360228,"E92000001","E19000001","E18000004","E10000007","E07000035","E05003360"
"DE4 3AS",10,429996,360269,"E92000001","E19000001","E18000004","E10000007","E07000035","E05003360"
"DE4 3AT",10,429800,360238,"E92000001","E19000001","E18000004","E10000007","E07000035","E05003360"
"DE4 3AU",10,429639,360426,"E92000001","E19000001","E18000004","E10000007","E07000035","E05003360"
"DE4 3AZ",10,428859,360764,"E92000001","E19000001","E18000004","E10000007","E07000035","E05003360"
"DE4 3BA",10,428715,361068,"E92000001","E19000001","E18000004","E10000007","E07000035","E05003351"
"DE4 3BB",10,428844,360995,"E92000001","E19000001","E18000004","E10000007","E07000035","E05003351"
"DE4 3BD",10,428829,361067,"E92000001","E19000001","E18000004","E10000007","E07000035","E05003351"
"DE4 3BE",10,428780,361123,"E92000001","E19000001","E18000004","E10000007","E07000035","E05003351"
"DE4 3BF",10,430173,359855,"E92000001","E19000001","E18000004","E10000007","E07000035","E05003361"
"DE4 3BG",10,428771,361061,"E92000001","E19000001","E18000004","E10000007","E07000035","E05003351"
"DE4 3BH",10,428762,361023,"E92000001","E19000001","E18000004","E10000007","E07000035","E05003351"
"DE4 3BJ",10,428750,361117,"E92000001","E19000001","E18000004","E10000007","E07000035","E05003351"
"DE4 3BL",10,428735,361157,"E92000001","E19000001","E18000004","E10000007","E07000035","E05003351"
"DE4 3BN",10,428613,361269,"E92000001","E19000001","E18000004","E10000007","E07000035","E05003351"
"DE4 3BP",10,428161,361963,"E92000001","E19000001","E18000004","E10000007","E07000035","E05003351"
"DE4 3BQ",10,428081,362000,"E92000001","E19000001","E18000004","E10000007","E07000035","E05003351"
"DE4 3BS",10,430192,359785,"E92000001","E19000001","E18000004","E10000007","E07000035","E05003361"
"DE4 3BT",10,430235,359861,"E92000001","E19000001","E18000004","E10000007","E07000035","E05003361"
"DE4 3BU",10,430149,359836,"E92000001","E19000001","E18000004","E10000007","E07000035","E05003361"
"DE4 3BW",10,430145,359788,"E92000001","E19000001","E18000004","E10000007","E07000035","E05003361"
"DE4 3BX",10,430520,359725,"E92000001","E19000001","E18000004","E10000007","E07000035","E05003361"
"DE4 3BY",10,430206,359722,"E92000001","E19000001","E18000004","E10000007","E07000035","E05003361"
"DE4 3BZ",10,430004,359590,"E92000001","E19000001","E18000004","E10000007","E07000035","E05003361"
"DE4 3DA",10,429932,359410,"E92000001","E19000001","E18000004","E10000007","E07000035","E05003361"
"DE4 3DB",10,429910,359505,"E92000001","E19000001","E18000004","E10000007","E07000035","E05003361"
"DE4 3DD",10,430032,359236,"E92000001","E19000001","E18000004","E10000007","E07000035","E05003361"
"DE4 3DE",10,430066,359027,"E92000001","E19000001","E18000004","E10000007","E07000035","E05003361"
"DE4 3DF",10,429992,359011,"E92000001","E19000001","E18000004","E10000007","E07000035","E05003361"
"DE4 3DG",10,430010,358942,"E92000001","E19000001","E18000004","E10000007","E07000035","E05003361"
"DE4 3DH",10,430307,359714,"E92000001","E19000001","E18000004","E10000007","E07000035","E05003361"
"DE4 3DJ",10,430567,359922,"E92000001","E19000001","E18000004","E10000007","E07000035","E05003361"
"DE4 3DL",10,429891,359306,"E92000001","E19000001","E18000004","E10000007","E07000035","E05003361"
"DE4 3DN",10,430111,360316,"E92000001","E19000001","E18000004","E10000007","E07000035","E05003360"
"DE4 3DP",10,430211,360248,"E92000001","E19000001","E18000004","E10000007","E07000035","E05003361"
"DE4 3DQ",10,430376,360407,"E92000001","E19000001","E18000004","E10000007","E07000035","E05003360"
"DE4 3DR",10,430428,360354,"E92000001","E19000001","E18000004","E10000007","E07000035","E05003361"
"DE4 3DS",10,430506,360422,"E92000001","E19000001","E18000004","E10000007","E07000035","E05003361"
"DE4 3DT",10,430434,360284,"E92000001","E19000001","E18000004","E10000007","E07000035","E05003361"
"DE4 3DU",10,430333,360202,"E92000001","E19000001","E18000004","E10000007","E07000035","E05003361"
"DE4 3DW",10,430582,360176,"E92000001","E19000001","E18000004","E10000007","E07000035","E05003361"
"DE4 3DX",10,430507,360274,"E92000001","E19000001","E18000004","E10000007","E07000035","E05003361"
"DE4 3DY",10,430796,360208,"E92000001","E19000001","E18000004","E10000007","E07000035","E05003361"
"DE4 3DZ",10,430673,360251,"E92000001","E19000001","E18000004","E10000007","E07000035","E05003361"
"DE4 3EA",10,430901,360289,"E92000001","E19000001","E18000004","E10000007","E07000035","E05003361"
"DE4 3EB",10,431022,360338,"E92000001","E19000001","E18000004","E10000007","E07000035","E05003361"
"DE4 3ED",10,430798,360369,"E92000001","E19000001","E18000004","E10000007","E07000035","E05003361"
"DE4 3EE",10,430773,360438,"E92000001","E19000001","E18000004","E10000007","E07000035","E05003361"
"DE4 3EF",10,428423,361698,"E92000001","E19000001","E18000004","E10000007","E07000035","E05003351"
"DE4 3EG",10,430524,359708,"E92000001","E19000001","E18000004","E10000007","E07000035","E05003361"
"DE4 3EH",10,430219,360360,"E92000001","E19000001","E18000004","E10000007","E07000035","E05003360"
"DE4 3EJ",10,430335,359939,"E92000001","E19000001","E18000004","E10000007","E07000035","E05003361"
"DE4 3EL",10,430428,359910,"E92000001","E19000001","E18000004","E10000007","E07000035","E05003361"
"DE4 3EN",10,430475,360131,"E92000001","E19000001","E18000004","E10000007","E07000035","E05003361"
"DE4 3EP",10,430619,360083,"E92000001","E19000001","E18000004","E10000007","E07000035","E05003361"
"DE4 3EQ",10,430474,359918,"E92000001","E19000001","E18000004","E10000007","E07000035","E05003361"
"DE4 3ER",10,430871,360159,"E92000001","E19000001","E18000004","E10000007","E07000035","E05003361"
"DE4 3ES",10,430990,360251,"E92000001","E19000001","E18000004","E10000007","E07000035","E05003361"
"DE4 3ET",10,431103,360232,"E92000001","E19000001","E18000004","E10000007","E07000035","E05003361"
"DE4 3EU",10,431030,360355,"E92000001","E19000001","E18000004","E10000007","E07000035","E05003361"
"DE4 3EW",10,430924,360432,"E92000001","E19000001","E18000004","E10000007","E07000035","E05003361"
"DE4 3EX",10,430889,360334,"E92000001","E19000001","E18000004","E10000007","E07000035","E05003361"
"DE4 3EY",10,430251,360049,"E92000001","E19000001","E18000004","E10000007","E07000035","E05003361"
"DE4 3EZ",10,429465,360796,"E92000001","E19000001","E18000004","E10000007","E07000035","E05003360"
"DE4 3FB",10,430034,360367,"E92000001","E19000001","E18000004","E10000007","E07000035","E05003360"
"DE4 3FD",10,429998,360299,"E92000001","E19000001","E18000004","E10000007","E07000035","E05003360"
"DE4 3FE",10,430077,360367,"E92000001","E19000001","E18000004","E10000007","E07000035","E05003360"
"DE4 3FF",10,430124,360350,"E92000001","E19000001","E18000004","E10000007","E07000035","E05003360"
"DE4 3FG",10,430053,360423,"E92000001","E19000001","E18000004","E10000007","E07000035","E05003360"
"DE4 3FH",10,430129,360535,"E92000001","E19000001","E18000004","E10000007","E07000035","E05003360"
"DE4 3FJ",10,430141,360454,"E92000001","E19000001","E18000004","E10000007","E07000035","E05003360"
"DE4 3FL",10,430223,360532,"E92000001","E19000001","E18000004","E10000007","E07000035","E05003360"
"DE4 3FN",10,430199,360977,"E92000001","E19000001","E18000004","E10000007","E07000035","E05003360"
"DE4 3FP",10,428628,361389,"E92000001","E19000001","E18000004","E10000007","E07000035","E05003351"
"DE4 3FQ",10,430249,360572,"E92000001","E19000001","E18000004","E10000007","E07000035","E05003360"
"DE4 3FS",10,430569,360697,"E92000001","E19000001","E18000004","E10000007","E07000035","E05003360"
"DE4 3FT",10,430661,360632,"E92000001","E19000001","E18000004","E10000007","E07000035","E05003361"
"DE4 3FW",10,430620,360817,"E92000001","E19000001","E18000004","E10000007","E07000035","E05003360"
"DE4 3FX",10,430842,360963,"E92000001","E19000001","E18000004","E10000007","E07000035","E05003361"
"DE4 3FY",10,430807,360829,"E92000001","E19000001","E18000004","E10000007","E07000035","E05003361"
"DE4 3FZ",10,430940,360965,"E92000001","E19000001","E18000004","E10000007","E07000035","E05003361"
"DE4 3GA",10,430834,361092,"E92000001","E19000001","E18000004","E10000007","E07000035","E05003360"
"DE4 3GB",10,430826,361189,"E92000001","E19000001","E18000004","E10000007","E07000035","E05003360"
"DE4 3GD",10,430696,361066,"E92000001","E19000001","E18000004","E10000007","E07000035","E05003360"
"DE4 3GE",10,430654,360997,"E92000001","E19000001","E18000004","E10000007","E07000035","E05003360"
"DE4 3GF",10,430708,361118,"E92000001","E19000001","E18000004","E10000007","E07000035","E05003360"
"DE4 3GG",10,430108,361231,"E92000001","E19000001","E18000004","E10000007","E07000035","E05003360"
"DE4 3GH",10,430442,360516,"E92000001","E19000001","E18000004","E10000007","E07000035","E05003360"
"DE4 3GJ",10,430284,360811,"E92000001","E19000001","E18000004","E10000007","E07000035","E05003360"
"DE4 3GL",10,430088,360527,"E92000001","E19000001","E18000004","E10000007","E07000035","E05003360"
"DE4 3GN",10,430237,360742,"E92000001","E19000001","E18000004","E10000007","E07000035","E05003360"
"DE4 3GP",10,430039,361106,"E92000001","E19000001","E18000004","E10000007","E07000035","E05003360"
"DE4 3GQ",10,430313,360763,"E92000001","E19000001","E18000004","E10000007","E07000035","E05003360"
"DE4 3GR",10,430156,360805,"E92000001","E19000001","E18000004","E10000007","E07000035","E05003360"
"DE4 3GS",10,430366,360857,"E92000001","E19000001","E18000004","E10000007","E07000035","E05003360"
"DE4 3GT",10,430262,360707,"E92000001","E19000001","E18000004","E10000007","E07000035","E05003360"
"DE4 3GU",10,430258,360762,"E92000001","E19000001","E18000004","E10000007","E07000035","E05003360"
"DE4 3GW",10,430531,360872,"E92000001","E19000001","E18000004","E10000007","E07000035","E05003360"
"DE4 3GX",10,430617,360886,"E92000001","E19000001","E18000004","E10000007","E07000035","E05003360"
"DE4 3GY",10,430409,360913,"E92000001","E19000001","E18000004","E10000007","E07000035","E05003360"
"DE4 3GZ",10,430406,361045,"E92000001","E19000001","E18000004","E10000007","E07000035","E05003360"
"DE4 3HA",10,430454,360934,"E92000001","E19000001","E18000004","E10000007","E07000035","E05003360"
"DE4 3HB",10,430157,360926,"E92000001","E19000001","E18000004","E10000007","E07000035","E05003360"
"DE4 3HD",10,430067,360983,"E92000001","E19000001","E18000004","E10000007","E07000035","E05003360"
"DE4 3HE",10,429908,361059,"E92000001","E19000001","E18000004","E10000007","E07000035","E05003360"
"DE4 3HF",10,430287,361078,"E92000001","E19000001","E18000004","E10000007","E07000035","E05003360"
"DE4 3HG",10,430205,361152,"E92000001","E19000001","E18000004","E10000007","E07000035","E05003360"
"DE4 3HH",10,430164,361095,"E92000001","E19000001","E18000004","E10000007","E07000035","E05003360"
"DE4 3HJ",10,430040,361206,"E92000001","E19000001","E18000004","E10000007","E07000035","E05003360"
"DE4 3HL",10,429900,361189,"E92000001","E19000001","E18000004","E10000007","E07000035","E05003360"
"DE4 3HN",10,429943,361312,"E92000001","E19000001","E18000004","E10000007","E07000035","E05003360"
"DE4 3HP",10,430052,361282,"E92000001","E19000001","E18000004","E10000007","E07000035","E05003360"
"DE4 3HQ",10,429995,361259,"E92000001","E19000001","E18000004","E10000007","E07000035","E05003360"
"DE4 3HR",10,430537,360926,"E92000001","E19000001","E18000004","E10000007","E07000035","E05003360"
"DE4 3HS",10,429671,360587,"E92000001","E19000001","E18000004","E10000007","E07000035","E05003360"
"DE4 3HT",10,429631,360672,"E92000001","E19000001","E18000004","E10000007","E07000035","E05003360"
"DE4 3HU",10,429718,360743,"E92000001","E19000001","E18000004","E10000007","E07000035","E05003360"
"DE4 3HW",10,429690,360721,"E92000001","E19000001","E18000004","E10000007","E07000035","E05003360"
"DE4 3HX",10,429649,360804,"E92000001","E19000001","E18000004","E10000007","E07000035","E05003360"
"DE4 3HY",10,429573,360801,"E92000001","E19000001","E18000004","E10000007","E07000035","E05003360"
"DE4 3HZ",10,429622,360869,"E92000001","E19000001","E18000004","E10000007","E07000035","E05003360"
"DE4 3JA",10,429669,360912,"E92000001","E19000001","E18000004","E10000007","E07000035","E05003360"
"DE4 3JB",10,430323,360896,"E92000001","E19000001","E18000004","E10000007","E07000035","E05003360"
"DE4 3JD",10,429559,361028,"E92000001","E19000001","E18000004","E10000007","E07000035","E05003360"
"DE4 3JE",10,429718,360910,"E92000001","E19000001","E18000004","E10000007","E07000035","E05003360"
"DE4 3JF",10,429777,360883,"E92000001","E19000001","E18000004","E10000007","E07000035","E05003360"
"DE4 3JG",10,429874,360775,"E92000001","E19000001","E18000004","E10000007","E07000035","E05003360"
"DE4 3JH",10,429916,360839,"E92000001","E19000001","E18000004","E10000007","E07000035","E05003360"
"DE4 3JJ",10,430043,360752,"E92000001","E19000001","E18000004","E10000007","E07000035","E05003360"
"DE4 3JL",10,429993,360826,"E92000001","E19000001","E18000004","E10000007","E07000035","E05003360"
"DE4 3JN",10,430096,360765,"E92000001","E19000001","E18000004","E10000007","E07000035","E05003360"
"DE4 3JP",10,430054,360823,"E92000001","E19000001","E18000004","E10000007","E07000035","E05003360"
"DE4 3JQ",10,429975,360888,"E92000001","E19000001","E18000004","E10000007","E07000035","E05003360"
"DE4 3JR",10,430083,360891,"E92000001","E19000001","E18000004","E10000007","E07000035","E05003360"
"DE4 3JS",10,429936,360929,"E92000001","E19000001","E18000004","E10000007","E07000035","E05003360"
"DE4 3JT",10,429517,360799,"E92000001","E19000001","E18000004","E10000007","E07000035","E05003360"
"DE4 3JU",10,429388,360656,"E92000001","E19000001","E18000004","E10000007","E07000035","E05003360"
"DE4 3JW",10,429213,360665,"E92000001","E19000001","E18000004","E10000007","E07000035","E05003360"
"DE4 3JX",10,429523,360606,"E92000001","E19000001","E18000004","E10000007","E07000035","E05003360"
"DE4 3JY",10,430513,360897,"E92000001","E19000001","E18000004","E10000007","E07000035","E05003360"
"DE4 3JZ",10,429403,360813,"E92000001","E19000001","E18000004","E10000007","E07000035","E05003360"
"DE4 3LA",10,429320,361032,"E92000001","E19000001","E18000004","E10000007","E07000035","E05003360"
"DE4 3LB",10,429271,360983,"E92000001","E19000001","E18000004","E10000007","E07000035","E05003360"
"DE4 3LD",10,429434,360922,"E92000001","E19000001","E18000004","E10000007","E07000035","E05003360"
"DE4 3LE",10,429503,360907,"E92000001","E19000001","E18000004","E10000007","E07000035","E05003360"
"DE4 3LF",10,429538,361135,"E92000001","E19000001","E18000004","E10000007","E07000035","E05003360"
"DE4 3LG",10,430065,360779,"E92000001","E19000001","E18000004","E10000007","E07000035","E05003360"
"DE4 3LH",10,429442,361104,"E92000001","E19000001","E18000004","E10000007","E07000035","E05003360"
"DE4 3LJ",10,429339,361094,"E92000001","E19000001","E18000004","E10000007","E07000035","E05003360"
"DE4 3LL",10,429279,361333,"E92000001","E19000001","E18000004","E10000007","E07000035","E05003351"
"DE4 3LN",10,429275,361480,"E92000001","E19000001","E18000004","E10000007","E07000035","E05003351"
"DE4 3LP",10,429115,361578,"E92000001","E19000001","E18000004","E10000007","E07000035","E05003351"
"DE4 3LQ",10,430211,360666,"E92000001","E19000001","E18000004","E10000007","E07000035","E05003360"
"DE4 3LR",10,429571,360563,"E92000001","E19000001","E18000004","E10000007","E07000035","E05003360"
"DE4 3LS",10,429251,360706,"E92000001","E19000001","E18000004","E10000007","E07000035","E05003360"
"DE4 3LT",10,429810,360064,"E92000001","E19000001","E18000004","E10000007","E07000035","E05003360"
"DE4 3LU",10,429829,359926,"E92000001","E19000001","E18000004","E10000007","E07000035","E05003360"
"DE4 3LW",10,429802,360087,"E92000001","E19000001","E18000004","E10000007","E07000035","E05003360"
"DE4 3LX",10,429895,359912,"E92000001","E19000001","E18000004","E10000007","E07000035","E05003360"
"DE4 3LY",10,429740,360006,"E92000001","E19000001","E18000004","E10000007","E07000035","E05003360"
"DE4 3LZ",10,429630,360121,"E92000001","E19000001","E18000004","E10000007","E07000035","E05003360"
"DE4 3NA",10,429653,360178,"E92000001","E19000001","E18000004","E10000007","E07000035","E05003360"
"DE4 3NB",10,429762,360025,"E92000001","E19000001","E18000004","E10000007","E07000035","E05003360"
"DE4 3ND",10,428733,361320,"E92000001","E19000001","E18000004","E10000007","E07000035","E05003351"
"DE4 3NE",10,428820,361297,"E92000001","E19000001","E18000004","E10000007","E07000035","E05003351"
"DE4 3NF",10,429963,360407,"E92000001","E19000001","E18000004","E10000007","E07000035","E05003360"
"DE4 3NG",10,429999,360356,"E92000001","E19000001","E18000004","E10000007","E07000035","E05003360"
"DE4 3NH",10,429889,360500,"E92000001","E19000001","E18000004","E10000007","E07000035","E05003360"
"DE4 3NJ",10,429883,360457,"E92000001","E19000001","E18000004","E10000007","E07000035","E05003360"
"DE4 3NL",10,429761,360461,"E92000001","E19000001","E18000004","E10000007","E07000035","E05003360"
"DE4 3NN",10,429910,360348,"E92000001","E19000001","E18000004","E10000007","E07000035","E05003360"
"DE4 3NP",10,429175,360714,"E92000001","E19000001","E18000004","E10000007","E07000035","E05003360"
"DE4 3NQ",10,430708,359677,"E92000001","E19000001","E18000004","E10000007","E07000035","E05003361"
"DE4 3NR",10,429328,358161,"E92000001","E19000001","E18000004","E10000007","E07000035","E05003359"
"DE4 3NS",10,429475,358379,"E92000001","E19000001","E18000004","E10000007","E07000035","E05003359"
"DE4 3NT",10,429658,358447,"E92000001","E19000001","E18000004","E10000007","E07000035","E05003359"
"DE4 3NU",10,429541,358490,"E92000001","E19000001","E18000004","E10000007","E07000035","E05003359"
"DE4 3NW",10,429570,358431,"E92000001","E19000001","E18000004","E10000007","E07000035","E05003359"
"DE4 3NX",10,429550,358462,"E92000001","E19000001","E18000004","E10000007","E07000035","E05003359"
"DE4 3NY",10,429511,358457,"E92000001","E19000001","E18000004","E10000007","E07000035","E05003359"
"DE4 3NZ",10,429510,358530,"E92000001","E19000001","E18000004","E10000007","E07000035","E05003359"
"DE4 3PA",10,429547,358548,"E92000001","E19000001","E18000004","E10000007","E07000035","E05003359"
"DE4 3PB",10,429447,358574,"E92000001","E19000001","E18000004","E10000007","E07000035","E05003359"
"DE4 3PD",10,429133,358378,"E92000001","E19000001","E18000004","E10000007","E07000035","E05003359"
"DE4 3PE",10,429107,357923,"E92000001","E19000001","E18000004","E10000007","E07000035","E05003359"
"DE4 3PF",10,429184,358273,"E92000001","E19000001","E18000004","E10000007","E07000035","E05003359"
"DE4 3PG",10,429248,358270,"E92000001","E19000001","E18000004","E10000007","E07000035","E05003359"
"DE4 3PH",10,429334,358375,"E92000001","E19000001","E18000004","E10000007","E07000035","E05003359"
"DE4 3PJ",10,429535,360472,"E92000001","E19000001","E18000004","E10000007","E07000035","E05003360"
"DE4 3PL",10,429831,360712,"E92000001","E19000001","E18000004","E10000007","E07000035","E05003360"
"DE4 3PP",10,429701,359607,"E92000001","E19000001","E18000004","E10000007","E07000035","E05003359"
"DE4 3PQ",10,429447,359294,"E92000001","E19000001","E18000004","E10000007","E07000035","E05003359"
"DE4 3PR",10,429513,359464,"E92000001","E19000001","E18000004","E10000007","E07000035","E05003359"
"DE4 3PS",10,429486,359337,"E92000001","E19000001","E18000004","E10000007","E07000035","E05003359"
"DE4 3PT",10,429587,358697,"E92000001","E19000001","E18000004","E10000007","E07000035","E05003359"
"DE4 3PU",10,429557,357641,"E92000001","E19000001","E18000004","E10000007","E07000035","E05003359"
"DE4 3PW",10,429396,357816,"E92000001","E19000001","E18000004","E10000007","E07000035","E05003359"
"DE4 3PX",10,429474,357664,"E92000001","E19000001","E18000004","E10000007","E07000035","E05003359"
"DE4 3PY",10,429366,357369,"E92000001","E19000001","E18000004","E10000007","E07000035","E05003359"
"DE4 3PZ",10,430066,361038,"E92000001","E19000001","E18000004","E10000007","E07000035","E05003360"
"DE4 3QA",10,430445,360678,"E92000001","E19000001","E18000004","E10000007","E07000035","E05003360"
"DE4 3QB",10,430458,360555,"E92000001","E19000001","E18000004","E10000007","E07000035","E05003360"
"DE4 3QD",10,429212,356721,"E92000001","E19000001","E18000004","E10000007","E07000035","E05003359"
"DE4 3QE",10,429540,356942,"E92000001","E19000001","E18000004","E10000007","E07000035","E05003359"
"DE4 3QF",10,429460,356981,"E92000001","E19000001","E18000004","E10000007","E07000035","E05003359"
"DE4 3QG",10,429205,357097,"E92000001","E19000001","E18000004","E10000007","E07000035","E05003359"
"DE4 3QH",10,429332,356994,"E92000001","E19000001","E18000004","E10000007","E07000035","E05003359"
"DE4 3QJ",10,429371,356860,"E92000001","E19000001","E18000004","E10000007","E07000035","E05003359"
"DE4 3QL",10,429165,356187,"E92000001","E19000001","E18000004","E10000007","E07000035","E05003359"
"DE4 3QN",10,429292,356837,"E92000001","E19000001","E18000004","E10000007","E07000035","E05003359"
"DE4 3QP",10,429150,356840,"E92000001","E19000001","E18000004","E10000007","E07000035","E05003359"
"DE4 3QQ",10,429352,356687,"E92000001","E19000001","E18000004","E10000007","E07000035","E05003359"
"DE4 3QR",10,429391,356698,"E92000001","E19000001","E18000004","E10000007","E07000035","E05003359"
"DE4 3QS",10,428964,356270,"E92000001","E19000001","E18000004","E10000007","E07000035","E05003359"
"DE4 3QT",10,429239,356492,"E92000001","E19000001","E18000004","E10000007","E07000035","E05003359"
"DE4 3QU",10,429205,356510,"E92000001","E19000001","E18000004","E10000007","E07000035","E05003359"
"DE4 3QW",10,429501,356080,"E92000001","E19000001","E18000004","E10000007","E07000035","E05003359"
"DE4 3QX",10,429337,356409,"E92000001","E19000001","E18000004","E10000007","E07000035","E05003359"
"DE4 3QY",10,429358,356339,"E92000001","E19000001","E18000004","E10000007","E07000035","E05003359"
"DE4 3QZ",10,429404,356571,"E92000001","E19000001","E18000004","E10000007","E07000035","E05003359"
"DE4 3RA",10,429331,356536,"E92000001","E19000001","E18000004","E10000007","E07000035","E05003359"
"DE4 3RB",10,429282,356675,"E92000001","E19000001","E18000004","E10000007","E07000035","E05003359"
"DE4 3RD",10,429699,359851,"E92000001","E19000001","E18000004","E10000007","E07000035","E05003360"
"DE4 3RE",10,429524,356874,"E92000001","E19000001","E18000004","E10000007","E07000035","E05003359"
"DE4 3RF",10,429460,356808,"E92000001","E19000001","E18000004","E10000007","E07000035","E05003359"
"DE4 3RG",10,429449,356733,"E92000001","E19000001","E18000004","E10000007","E07000035","E05003359"
"DE4 3RH",10,429980,356619,"E92000001","E19000001","E18000004","E10000007","E07000035","E05003359"
"DE4 3RJ",10,430113,356605,"E92000001","E19000001","E18000004","E10000007","E07000035","E05003359"
"DE4 3RL",10,430127,356519,"E92000001","E19000001","E18000004","E10000007","E07000035","E05003359"
"DE4 3RN",10,429975,356790,"E92000001","E19000001","E18000004","E10000007","E07000035","E05003359"
"DE4 3RP",10,429896,356900,"E92000001","E19000001","E18000004","E10000007","E07000035","E05003359"
"DE4 3RQ",10,429847,356978,"E92000001","E19000001","E18000004","E10000007","E07000035","E05003359"
"DE4 3RR",10,429874,359918,"E92000001","E19000001","E18000004","E10000007","E07000035","E05003360"
"DE4 3RS",10,429358,356755,"E92000001","E19000001","E18000004","E10000007","E07000035","E05003359"
"DE4 3RT",10,429658,358585,"E92000001","E19000001","E18000004","E10000007","E07000035","E05003359"
"DE4 3RW",10,430208,360923,"E92000001","E19000001","E18000004","E10000007","E07000035","E05003360"
"DE4 3RX",10,430193,360938,"E92000001","E19000001","E18000004","E10000007","E07000035","E05003360"
"DE4 3RY",10,428020,362044,"E92000001","E19000001","E18000004","E10000007","E07000035","E05003351"
"DE4 3RZ",10,430215,359985,"E92000001","E19000001","E18000004","E10000007","E07000035","E05003361"
"DE4 3SB",10,429007,361159,"E92000001","E19000001","E18000004","E10000007","E07000035","E05003351"
"DE4 3SD",10,428939,361048,"E92000001","E19000001","E18000004","E10000007","E07000035","E05003351"
"DE4 3SE",10,428873,361125,"E92000001","E19000001","E18000004","E10000007","E07000035","E05003351"
"DE4 3SF",10,429135,361019,"E92000001","E19000001","E18000004","E10000007","E07000035","E05003360"
"DE4 3SG",10,428864,361202,"E92000001","E19000001","E18000004","E10000007","E07000035","E05003351"
"DE4 3SH",10,429037,361122,"E92000001","E19000001","E18000004","E10000007","E07000035","E05003351"
"DE4 3SJ",10,429060,361228,"E92000001","E19000001","E18000004","E10000007","E07000035","E05003351"
"DE4 3SL",10,429152,361147,"E92000001","E19000001","E18000004","E10000007","E07000035","E05003351"
"DE4 3SN",10,428974,361093,"E92000001","E19000001","E18000004","E10000007","E07000035","E05003351"
"DE4 3SP",10,429518,360244,"E92000001","E19000001","E18000004","E10000007","E07000035","E05003360"
"DE4 3SQ",10,430362,360642,"E92000001","E19000001","E18000004","E10000007","E07000035","E05003360"
"DE4 3SR",10,430011,360761,"E92000001","E19000001","E18000004","E10000007","E07000035","E05003360"
"DE4 3SS",10,430418,359988,"E92000001","E19000001","E18000004","E10000007","E07000035","E05003361"
"DE4 3SU",10,429710,359686,"E92000001","E19000001","E18000004","E10000007","E07000035","E05003360"
"DE4 3SW",10,429249,360317,"E92000001","E19000001","E18000004","E10000007","E07000035","E05003360"
"DE4 3SX",10,429867,360025,"E92000001","E19000001","E18000004","E10000007","E07000035","E05003360"
"DE4 3SY",10,430329,359837,"E92000001","E19000001","E18000004","E10000007","E07000035","E05003361"
"DE4 3TA",10,429353,360548,"E92000001","E19000001","E18000004","E10000007","E07000035","E05003360"
"DE4 3TB",10,429057,360694,"E92000001","E19000001","E18000004","E10000007","E07000035","E05003360"
"DE4 3TD",10,428974,360758,"E92000001","E19000001","E18000004","E10000007","E07000035","E05003360"
"DE4 3TE",10,429118,360663,"E92000001","E19000001","E18000004","E10000007","E07000035","E05003360"
"DE4 3TG",10,430862,360391,"E92000001","E19000001","E18000004","E10000007","E07000035","E05003361"
"DE4 3TH",10,430730,360279,"E92000001","E19000001","E18000004","E10000007","E07000035","E05003361"
"DE4 3TJ",10,429190,360561,"E92000001","E19000001","E18000004","E10000007","E07000035","E05003360"
"DE4 3TL",10,429164,360573,"E92000001","E19000001","E18000004","E10000007","E07000035","E05003360"
"DE4 3TP",10,429136,360587,"E92000001","E19000001","E18000004","E10000007","E07000035","E05003360"
"DE4 3TT",10,429707,361012,"E92000001","E19000001","E18000004","E10000007","E07000035","E05003360"
"DE4 3TW",10,429108,360600,"E92000001","E19000001","E18000004","E10000007","E07000035","E05003360"
"DE4 3WA",10,430003,360563,"E92000001","E19000001","E18000004","E10000007","E07000035","E05003360"
"DE4 3WG",10,429909,360274,"E92000001","E19000001","E18000004","E10000007","E07000035","E05003360"
"DE4 3WJ",10,429909,360274,"E92000001","E19000001","E18000004","E10000007","E07000035","E05003360"
"DE4 3WP",10,429909,360274,"E92000001","E19000001","E18000004","E10000007","E07000035","E05003360"
"DE4 3WU",10,429909,360274,"E92000001","E19000001","E18000004","E10000007","E07000035","E05003360"
"DE4 3XF",10,429909,360274,"E92000001","E19000001","E18000004","E10000007","E07000035","E05003360"
"DE4 3XU",10,429909,360274,"E92000001","E19000001","E18000004","E10000007","E07000035","E05003360"
"DE4 3XW",10,429909,360274,"E92000001","E19000001","E18000004","E10000007","E07000035","E05003360"
"DE4 3YA",10,429791,360104,"E92000001","E19000001","E18000004","E10000007","E07000035","E05003360"
"DE4 3YH",10,429441,360607,"E92000001","E19000001","E18000004","E10000007","E07000035","E05003360"
"DE4 3YS",10,429909,360274,"E92000001","E19000001","E18000004","E10000007","E07000035","E05003360"
"DE4 3YX",10,429909,360274,"E92000001","E19000001","E18000004","E10000007","E07000035","E05003360"
"DE4 3ZP",10,429909,360274,"E92000001","E19000001","E18000004","E10000007","E07000035","E05003360"
"DE4 3ZZ",10,429909,360274,"E92000001","E19000001","E18000004","E10000007","E07000035","E05003360"
"DE4 4AA",10,428779,353372,"E92000001","E19000001","E18000004","E10000007","E07000035","E05003366"
"DE4 4AB",10,428892,353483,"E92000001","E19000001","E18000004","E10000007","E07000035","E05003366"
"DE4 4AD",10,428968,353176,"E92000001","E19000001","E18000004","E10000007","E07000035","E05003366"
"DE4 4AE",10,428643,353494,"E92000001","E19000001","E18000004","E10000007","E07000035","E05003366"
"DE4 4AF",10,429724,352941,"E92000001","E19000001","E18000004","E10000007","E07000035","E05003366"
"DE4 4AG",10,430592,352005,"E92000001","E19000001","E18000004","E10000007","E07000032","E05003281"
"DE4 4AH",10,429673,351072,"E92000001","E19000001","E18000004","E10000007","E07000032","E05003281"
"DE4 4AJ",10,429048,351732,"E92000001","E19000001","E18000004","E10000007","E07000032","E05003281"
"DE4 4AL",10,428620,353499,"E92000001","E19000001","E18000004","E10000007","E07000035","E05003366"
"DE4 4AN",10,428949,353414,"E92000001","E19000001","E18000004","E10000007","E07000035","E05003366"
"DE4 4AP",10,428292,353356,"E92000001","E19000001","E18000004","E10000007","E07000035","E05003366"
"DE4 4AQ",10,428513,353430,"E92000001","E19000001","E18000004","E10000007","E07000035","E05003366"
"DE4 4AR",10,428581,353437,"E92000001","E19000001","E18000004","E10000007","E07000035","E05003366"
"DE4 4AS",10,428517,353157,"E92000001","E19000001","E18000004","E10000007","E07000035","E05003366"
"DE4 4AT",10,428427,353336,"E92000001","E19000001","E18000004","E10000007","E07000035","E05003366"
"DE4 4AU",10,428413,353287,"E92000001","E19000001","E18000004","E10000007","E07000035","E05003366"
"DE4 4AW",10,428336,353346,"E92000001","E19000001","E18000004","E10000007","E07000035","E05003366"
"DE4 4AX",10,428254,353264,"E92000001","E19000001","E18000004","E10000007","E07000035","E05003366"
"DE4 4AY",10,428627,353313,"E92000001","E19000001","E18000004","E10000007","E07000035","E05003366"
"DE4 4AZ",10,428641,353377,"E92000001","E19000001","E18000004","E10000007","E07000035","E05003366"
"DE4 4BA",10,428650,353113,"E92000001","E19000001","E18000004","E10000007","E07000035","E05003366"
"DE4 4BB",10,428573,352995,"E92000001","E19000001","E18000004","E10000007","E07000035","E05003366"
"DE4 4BD",10,428604,353150,"E92000001","E19000001","E18000004","E10000007","E07000035","E05003366"
"DE4 4BE",10,428521,352934,"E92000001","E19000001","E18000004","E10000007","E07000035","E05003366"
"DE4 4BG",10,428404,352865,"E92000001","E19000001","E18000004","E10000007","E07000035","E05003366"
"DE4 4BH",10,428456,353091,"E92000001","E19000001","E18000004","E10000007","E07000035","E05003366"
"DE4 4BJ",10,428262,352805,"E92000001","E19000001","E18000004","E10000007","E07000035","E05003366"
"DE4 4BL",10,428214,352914,"E92000001","E19000001","E18000004","E10000007","E07000035","E05003366"
"DE4 4BN",10,428462,352546,"E92000001","E19000001","E18000004","E10000007","E07000035","E05003366"
"DE4 4BP",10,428181,353234,"E92000001","E19000001","E18000004","E10000007","E07000035","E05003366"
"DE4 4BQ",10,428142,353295,"E92000001","E19000001","E18000004","E10000007","E07000035","E05003366"
"DE4 4BR",10,427530,351590,"E92000001","E19000001","E18000004","E10000007","E07000035","E05003356"
"DE4 4BS",10,429539,353868,"E92000001","E19000001","E18000004","E10000007","E07000035","E05003366"
"DE4 4BT",10,428233,352967,"E92000001","E19000001","E18000004","E10000007","E07000035","E05003366"
"DE4 4BW",10,424557,357456,"E92000001","E19000001","E18000004","E10000007","E07000035","E05003348"
"DE4 4BX",10,422807,355890,"E92000001","E19000001","E18000004","E10000007","E07000035","E05003348"
"DE4 4BY",10,425048,353520,"E92000001","E19000001","E18000004","E10000007","E07000035","E05003348"
"DE4 4BZ",10,423650,356981,"E92000001","E19000001","E18000004","E10000007","E07000035","E05003348"
"DE4 4DA",10,423384,353387,"E92000001","E19000001","E18000004","E10000007","E07000035","E05003348"
"DE4 4DB",10,423381,352558,"E92000001","E19000001","E18000004","E10000007","E07000035","E05003348"
"DE4 4DD",10,424257,352938,"E92000001","E19000001","E18000004","E10000007","E07000035","E05003348"
"DE4 4DE",10,425171,353443,"E92000001","E19000001","E18000004","E10000007","E07000035","E05003348"
"DE4 4DF",10,426198,353316,"E92000001","E19000001","E18000004","E10000007","E07000035","E05003348"
"DE4 4DG",10,428369,352917,"E92000001","E19000001","E18000004","E10000007","E07000035","E05003366"
"DE4 4DH",10,428486,353433,"E92000001","E19000001","E18000004","E10000007","E07000035","E05003366"
"DE4 4DJ",10,428264,353639,"E92000001","E19000001","E18000004","E10000007","E07000035","E05003366"
"DE4 4DL",10,428589,353871,"E92000001","E19000001","E18000004","E10000007","E07000035","E05003366"
"DE4 4DN",10,428639,353878,"E92000001","E19000001","E18000004","E10000007","E07000035","E05003366"
"DE4 4DP",10,428738,353918,"E92000001","E19000001","E18000004","E10000007","E07000035","E05003366"
"DE4 4DQ",10,428733,353888,"E92000001","E19000001","E18000004","E10000007","E07000035","E05003366"
"DE4 4DR",10,428694,353919,"E92000001","E19000001","E18000004","E10000007","E07000035","E05003366"
"DE4 4DS",10,428672,353783,"E92000001","E19000001","E18000004","E10000007","E07000035","E05003366"
"DE4 4DT",10,428639,353828,"E92000001","E19000001","E18000004","E10000007","E07000035","E05003366"
"DE4 4DU",10,428654,353784,"E92000001","E19000001","E18000004","E10000007","E07000035","E05003366"
"DE4 4DW",10,428754,353793,"E92000001","E19000001","E18000004","E10000007","E07000035","E05003366"
"DE4 4DX",10,428799,353598,"E92000001","E19000001","E18000004","E10000007","E07000035","E05003366"
"DE4 4DY",10,428708,353567,"E92000001","E19000001","E18000004","E10000007","E07000035","E05003366"
"DE4 4DZ",10,428662,353573,"E92000001","E19000001","E18000004","E10000007","E07000035","E05003366"
"DE4 4EA",10,428632,353653,"E92000001","E19000001","E18000004","E10000007","E07000035","E05003366"
"DE4 4EB",10,428330,353527,"E92000001","E19000001","E18000004","E10000007","E07000035","E05003366"
"DE4 4ED",10,428258,353416,"E92000001","E19000001","E18000004","E10000007","E07000035","E05003366"
"DE4 4EE",10,428415,353511,"E92000001","E19000001","E18000004","E10000007","E07000035","E05003366"
"DE4 4EF",10,428540,354033,"E92000001","E19000001","E18000004","E10000007","E07000035","E05003366"
"DE4 4EG",10,428494,353952,"E92000001","E19000001","E18000004","E10000007","E07000035","E05003366"
"DE4 4EH",10,429252,353988,"E92000001","E19000001","E18000004","E10000007","E07000035","E05003366"
"DE4 4EJ",10,428531,354103,"E92000001","E19000001","E18000004","E10000007","E07000035","E05003366"
"DE4 4EL",10,428048,353430,"E92000001","E19000001","E18000004","E10000007","E07000035","E05003366"
"DE4 4EN",10,428574,354150,"E92000001","E19000001","E18000004","E10000007","E07000035","E05003366"
"DE4 4EQ",10,428081,353524,"E92000001","E19000001","E18000004","E10000007","E07000035","E05003366"
"DE4 4ER",10,428397,353787,"E92000001","E19000001","E18000004","E10000007","E07000035","E05003366"
"DE4 4ES",10,424956,355118,"E92000001","E19000001","E18000004","E10000007","E07000035","E05003348"
"DE4 4ET",10,428641,354005,"E92000001","E19000001","E18000004","E10000007","E07000035","E05003366"
"DE4 4EU",10,428695,354016,"E92000001","E19000001","E18000004","E10000007","E07000035","E05003366"
"DE4 4EW",10,427978,353567,"E92000001","E19000001","E18000004","E10000007","E07000035","E05003366"
"DE4 4EX",10,428224,353708,"E92000001","E19000001","E18000004","E10000007","E07000035","E05003366"
"DE4 4EY",10,428762,354000,"E92000001","E19000001","E18000004","E10000007","E07000035","E05003366"
"DE4 4EZ",10,428813,353968,"E92000001","E19000001","E18000004","E10000007","E07000035","E05003366"
"DE4 4FB",10,428821,354006,"E92000001","E19000001","E18000004","E10000007","E07000035","E05003366"
"DE4 4FD",10,429148,354009,"E92000001","E19000001","E18000004","E10000007","E07000035","E05003366"
"DE4 4FE",10,429327,353965,"E92000001","E19000001","E18000004","E10000007","E07000035","E05003366"
"DE4 4FF",10,428746,354135,"E92000001","E19000001","E18000004","E10000007","E07000035","E05003366"
"DE4 4FG",10,428825,354167,"E92000001","E19000001","E18000004","E10000007","E07000035","E05003366"
"DE4 4FH",10,428737,354450,"E92000001","E19000001","E18000004","E10000007","E07000035","E05003366"
"DE4 4FJ",10,428787,354475,"E92000001","E19000001","E18000004","E10000007","E07000035","E05003366"
"DE4 4FL",10,428786,354530,"E92000001","E19000001","E18000004","E10000007","E07000035","E05003366"
"DE4 4FN",10,428681,354500,"E92000001","E19000001","E18000004","E10000007","E07000035","E05003366"
"DE4 4FP",10,428689,354531,"E92000001","E19000001","E18000004","E10000007","E07000035","E05003366"
"DE4 4FQ",10,428794,354590,"E92000001","E19000001","E18000004","E10000007","E07000035","E05003366"
"DE4 4FR",10,428850,354803,"E92000001","E19000001","E18000004","E10000007","E07000035","E05003366"
"DE4 4FS",10,428930,355314,"E92000001","E19000001","E18000004","E10000007","E07000035","E05003366"
"DE4 4FT",10,428854,355383,"E92000001","E19000001","E18000004","E10000007","E07000035","E05003366"
"DE4 4FW",10,428960,355039,"E92000001","E19000001","E18000004","E10000007","E07000035","E05003366"
"DE4 4FX",10,428569,353236,"E92000001","E19000001","E18000004","E10000007","E07000035","E05003366"
"DE4 4FY",10,428782,354948,"E92000001","E19000001","E18000004","E10000007","E07000035","E05003366"
"DE4 4FZ",10,428821,354305,"E92000001","E19000001","E18000004","E10000007","E07000035","E05003366"
"DE4 4GA",10,429248,354044,"E92000001","E19000001","E18000004","E10000007","E07000035","E05003366"
"DE4 4GG",10,429208,355051,"E92000001","E19000001","E18000004","E10000007","E07000035","E05003366"
"DE4 4GH",10,429606,354546,"E92000001","E19000001","E18000004","E10000007","E07000035","E05003366"
"DE4 4GJ",10,429268,355053,"E92000001","E19000001","E18000004","E10000007","E07000035","E05003366"
"DE4 4GL",10,429064,355074,"E92000001","E19000001","E18000004","E10000007","E07000035","E05003366"
"DE4 4GN",10,429129,355224,"E92000001","E19000001","E18000004","E10000007","E07000035","E05003366"
"DE4 4GP",10,429170,355254,"E92000001","E19000001","E18000004","E10000007","E07000035","E05003366"
"DE4 4GQ",10,429184,355013,"E92000001","E19000001","E18000004","E10000007","E07000035","E05003366"
"DE4 4GR",10,429308,354826,"E92000001","E19000001","E18000004","E10000007","E07000035","E05003366"
"DE4 4GS",10,430179,354258,"E92000001","E19000001","E18000004","E10000007","E07000035","E05003366"
"DE4 4GT",10,429094,355547,"E92000001","E19000001","E18000004","E10000007","E07000035","E05003366"
"DE4 4GU",10,429992,354092,"E92000001","E19000001","E18000004","E10000007","E07000035","E05003366"
"DE4 4GW",10,430050,354333,"E92000001","E19000001","E18000004","E10000007","E07000035","E05003366"
"DE4 4GX",10,428838,353948,"E92000001","E19000001","E18000004","E10000007","E07000035","E05003366"
"DE4 4GY",10,428817,353700,"E92000001","E19000001","E18000004","E10000007","E07000035","E05003366"
"DE4 4GZ",10,428775,354312,"E92000001","E19000001","E18000004","E10000007","E07000035","E05003366"
"DE4 4HA",10,423139,354402,"E92000001","E19000001","E18000004","E10000007","E07000035","E05003348"
"DE4 4HB",10,423224,354220,"E92000001","E19000001","E18000004","E10000007","E07000035","E05003348"
"DE4 4HD",10,423138,354118,"E92000001","E19000001","E18000004","E10000007","E07000035","E05003348"
"DE4 4HE",10,426235,355287,"E92000001","E19000001","E18000004","E10000007","E07000035","E05003366"
"DE4 4HF",10,424660,355460,"E92000001","E19000001","E18000004","E10000007","E07000035","E05003348"
"DE4 4HG",10,423084,354201,"E92000001","E19000001","E18000004","E10000007","E07000035","E05003348"
"DE4 4HJ",10,423016,354247,"E92000001","E19000001","E18000004","E10000007","E07000035","E05003348"
"DE4 4HL",10,422766,354152,"E92000001","E19000001","E18000004","E10000007","E07000035","E05003348"
"DE4 4HN",10,422707,355779,"E92000001","E19000001","E18000004","E10000007","E07000035","E05003348"
"DE4 4HP",10,421284,355643,"E92000001","E19000001","E18000004","E10000007","E07000035","E05003348"
"DE4 4HQ",10,423113,354260,"E92000001","E19000001","E18000004","E10000007","E07000035","E05003348"
"DE4 4HR",10,423225,354037,"E92000001","E19000001","E18000004","E10000007","E07000035","E05003348"
"DE4 4HS",10,424876,357152,"E92000001","E19000001","E18000004","E10000007","E07000035","E05003348"
"DE4 4HT",10,424867,357911,"E92000001","E19000001","E18000004","E10000007","E07000035","E05003348"
"DE4 4HU",10,424332,357683,"E92000001","E19000001","E18000004","E10000007","E07000035","E05003348"
"DE4 4HW",10,422755,357419,"E92000001","E19000001","E18000004","E10000007","E07000035","E05003348"
"DE4 4HX",10,421879,357253,"E92000001","E19000001","E18000004","E10000007","E07000035","E05003348"
"DE4 4HY",10,422538,358747,"E92000001","E19000001","E18000004","E10000007","E07000035","E05003348"
"DE4 4HZ",10,423069,354233,"E92000001","E19000001","E18000004","E10000007","E07000035","E05003348"
"DE4 4JA",10,428825,354612,"E92000001","E19000001","E18000004","E10000007","E07000035","E05003366"
"DE4 4JB",10,423135,354222,"E92000001","E19000001","E18000004","E10000007","E07000035","E05003348"
"DE4 4JG",10,428847,353602,"E92000001","E19000001","E18000004","E10000007","E07000035","E05003366"
"DE4 4JN",10,425266,353372,"E92000001","E19000001","E18000004","E10000007","E07000035","E05003348"
"DE4 4LB",10,427651,356081,"E92000001","E19000001","E18000004","E10000007","E07000035","E05003366"
"DE4 4LL",10,427681,356107,"E92000001","E19000001","E18000004","E10000007","E07000035","E05003366"
"DE4 4LN",10,427685,355825,"E92000001","E19000001","E18000004","E10000007","E07000035","E05003366"
"DE4 4LP",10,427709,355833,"E92000001","E19000001","E18000004","E10000007","E07000035","E05003366"
"DE4 4LQ",10,427747,355805,"E92000001","E19000001","E18000004","E10000007","E07000035","E05003366"
"DE4 4LR",10,427985,355607,"E92000001","E19000001","E18000004","E10000007","E07000035","E05003366"
"DE4 4LS",10,428011,355311,"E92000001","E19000001","E18000004","E10000007","E07000035","E05003366"
"DE4 4LT",10,427353,354553,"E92000001","E19000001","E18000004","E10000007","E07000035","E05003366"
"DE4 4LU",10,427655,356006,"E92000001","E19000001","E18000004","E10000007","E07000035","E05003366"
"DE4 4LW",10,427563,356107,"E92000001","E19000001","E18000004","E10000007","E07000035","E05003366"
"DE4 4LX",10,427516,356166,"E92000001","E19000001","E18000004","E10000007","E07000035","E05003366"
"DE4 4LY",10,427490,356082,"E92000001","E19000001","E18000004","E10000007","E07000035","E05003366"
"DE4 4LZ",10,427427,356023,"E92000001","E19000001","E18000004","E10000007","E07000035","E05003366"
"DE4 4NA",10,427460,356209,"E92000001","E19000001","E18000004","E10000007","E07000035","E05003366"
"DE4 4NB",10,427707,356216,"E92000001","E19000001","E18000004","E10000007","E07000035","E05003366"
"DE4 4ND",10,427753,356142,"E92000001","E19000001","E18000004","E10000007","E07000035","E05003366"
"DE4 4NE",10,427744,356044,"E92000001","E19000001","E18000004","E10000007","E07000035","E05003366"
"DE4 4NF",10,427789,356056,"E92000001","E19000001","E18000004","E10000007","E07000035","E05003366"
"DE4 4NG",10,427888,356124,"E92000001","E19000001","E18000004","E10000007","E07000035","E05003366"
"DE4 4NH",10,427804,355887,"E92000001","E19000001","E18000004","E10000007","E07000035","E05003366"
"DE4 4NJ",10,427749,356108,"E92000001","E19000001","E18000004","E10000007","E07000035","E05003366"
"DE4 4NL",10,427725,356003,"E92000001","E19000001","E18000004","E10000007","E07000035","E05003366"
"DE4 4NN",10,428481,353538,"E92000001","E19000001","E18000004","E10000007","E07000035","E05003366"
"DE4 4NP",10,427591,356176,"E92000001","E19000001","E18000004","E10000007","E07000035","E05003366"
"DE4 4NQ",10,428853,355607,"E92000001","E19000001","E18000004","E10000007","E07000035","E05003359"
"DE4 4NR",10,428699,354044,"E92000001","E19000001","E18000004","E10000007","E07000035","E05003366"
"DE4 4NS",10,428298,352878,"E92000001","E19000001","E18000004","E10000007","E07000035","E05003366"
"DE4 4NT",10,423107,354404,"E92000001","E19000001","E18000004","E10000007","E07000035","E05003348"
"DE4 4NU",10,427489,356146,"E92000001","E19000001","E18000004","E10000007","E07000035","E05003366"
"DE4 4NW",10,427604,352604,"E92000001","E19000001","E18000004","E10000007","E07000035","E05003356"
"DE4 4NX",10,428097,355416,"E92000001","E19000001","E18000004","E10000007","E07000035","E05003366"
"DE4 4NY",10,425535,354457,"E92000001","E19000001","E18000004","E10000007","E07000035","E05003348"
"DE4 4NZ",10,428075,355359,"E92000001","E19000001","E18000004","E10000007","E07000035","E05003366"
"DE4 4PA",10,428173,353151,"E92000001","E19000001","E18000004","E10000007","E07000035","E05003366"
"DE4 4PB",10,428894,354070,"E92000001","E19000001","E18000004","E10000007","E07000035","E05003366"
"DE4 4PD",10,428042,354097,"E92000001","E19000001","E18000004","E10000007","E07000035","E05003366"
"DE4 4PE",10,428068,353770,"E92000001","E19000001","E18000004","E10000007","E07000035","E05003366"
"DE4 4PF",10,428066,353600,"E92000001","E19000001","E18000004","E10000007","E07000035","E05003366"
"DE4 4PG",10,428008,353646,"E92000001","E19000001","E18000004","E10000007","E07000035","E05003366"
"DE4 4PH",10,422522,354155,"E92000001","E19000001","E18000004","E10000007","E07000035","E05003348"
"DE4 4PJ",10,428285,355073,"E92000001","E19000001","E18000004","E10000007","E07000035","E05003366"
"DE4 4PL",10,425139,353483,"E92000001","E19000001","E18000004","E10000007","E07000035","E05003348"
"DE4 4PQ",10,428142,353651,"E92000001","E19000001","E18000004","E10000007","E07000035","E05003366"
"DE4 4ZD",10,429909,360274,"E92000001","E19000001","E18000004","E10000007","E07000035","E05003360"
"DE4 4ZF",10,429909,360274,"E92000001","E19000001","E18000004","E10000007","E07000035","E05003360"
"DE4 4ZQ",10,429909,360274,"E92000001","E19000001","E18000004","E10000007","E07000035","E05003360"
"DE4 4ZR",10,429909,360274,"E92000001","E19000001","E18000004","E10000007","E07000035","E05003360"
"DE4 4ZX",10,428666,353975,"E92000001","E19000001","E18000004","E10000007","E07000035","E05003366"
"DE4 5AA",10,431597,356105,"E92000001","E19000001","E18000004","E10000007","E07000032","E05003281"
"DE4 5AB",10,430921,356609,"E92000001","E19000001","E18000004","E10000007","E07000035","E05003359"
"DE4 5AD",10,432052,356335,"E92000001","E19000001","E18000004","E10000007","E07000032","E05003281"
"DE4 5AE",10,431847,356334,"E92000001","E19000001","E18000004","E10000007","E07000032","E05003281"
"DE4 5AF",10,431811,356628,"E92000001","E19000001","E18000004","E10000007","E07000032","E05003281"
"DE4 5AG",10,431786,356434,"E92000001","E19000001","E18000004","E10000007","E07000035","E05003359"
"DE4 5AH",10,431929,356755,"E92000001","E19000001","E18000004","E10000007","E07000032","E05003281"
"DE4 5AJ",10,432014,356770,"E92000001","E19000001","E18000004","E10000007","E07000032","E05003281"
"DE4 5AL",10,435423,356037,"E92000001","E19000001","E18000004","E10000007","E07000032","E05003287"
"DE4 5AN",10,432312,359496,"E92000001","E19000001","E18000004","E10000007","E07000035","E05003361"
"DE4 5AP",10,432520,356537,"E92000001","E19000001","E18000004","E10000007","E07000032","E05003281"
"DE4 5AQ",10,432424,356313,"E92000001","E19000001","E18000004","E10000007","E07000032","E05003281"
"DE4 5AR",10,432595,356319,"E92000001","E19000001","E18000004","E10000007","E07000032","E05003281"
"DE4 5AS",10,432791,356078,"E92000001","E19000001","E18000004","E10000007","E07000032","E05003281"
"DE4 5AT",10,432807,356236,"E92000001","E19000001","E18000004","E10000007","E07000032","E05003281"
"DE4 5AU",10,432652,356383,"E92000001","E19000001","E18000004","E10000007","E07000032","E05003281"
"DE4 5AW",10,432939,356275,"E92000001","E19000001","E18000004","E10000007","E07000032","E05003281"
"DE4 5AX",10,432484,356565,"E92000001","E19000001","E18000004","E10000007","E07000032","E05003281"
"DE4 5AY",10,432449,356543,"E92000001","E19000001","E18000004","E10000007","E07000032","E05003281"
"DE4 5AZ",10,432374,356501,"E92000001","E19000001","E18000004","E10000007","E07000032","E05003281"
"DE4 5BA",10,432334,356589,"E92000001","E19000001","E18000004","E10000007","E07000032","E05003281"
"DE4 5BB",10,432821,356169,"E92000001","E19000001","E18000004","E10000007","E07000032","E05003281"
"DE4 5BD",10,432347,356269,"E92000001","E19000001","E18000004","E10000007","E07000032","E05003281"
"DE4 5BE",10,432444,356419,"E92000001","E19000001","E18000004","E10000007","E07000032","E05003281"
"DE4 5BG",10,434447,358630,"E92000001","E19000001","E18000004","E10000007","E07000038","E05003417"
"DE4 5BH",10,435035,353927,"E92000001","E19000001","E18000004","E10000007","E07000032","E05003287"
"DE4 5BJ",10,435104,353590,"E92000001","E19000001","E18000004","E10000007","E07000032","E05003287"
"DE4 5BL",10,435058,353974,"E92000001","E19000001","E18000004","E10000007","E07000032","E05003287"
"DE4 5BN",10,435024,353819,"E92000001","E19000001","E18000004","E10000007","E07000032","E05003287"
"DE4 5BP",10,435032,354030,"E92000001","E19000001","E18000004","E10000007","E07000032","E05003287"
"DE4 5BQ",10,435148,354051,"E92000001","E19000001","E18000004","E10000007","E07000032","E05003287"
"DE4 5BR",10,434992,354045,"E92000001","E19000001","E18000004","E10000007","E07000032","E05003287"
"DE4 5BS",10,434985,353879,"E92000001","E19000001","E18000004","E10000007","E07000032","E05003287"
"DE4 5BT",10,435163,353771,"E92000001","E19000001","E18000004","E10000007","E07000032","E05003287"
"DE4 5BU",10,435017,353714,"E92000001","E19000001","E18000004","E10000007","E07000032","E05003287"
"DE4 5BW",10,435147,353340,"E92000001","E19000001","E18000004","E10000007","E07000032","E05003287"
"DE4 5BX",10,435007,353574,"E92000001","E19000001","E18000004","E10000007","E07000032","E05003287"
"DE4 5BY",10,434904,353041,"E92000001","E19000001","E18000004","E10000007","E07000032","E05003287"
"DE4 5BZ",10,435004,353467,"E92000001","E19000001","E18000004","E10000007","E07000032","E05003287"
"DE4 5DA",10,435146,353938,"E92000001","E19000001","E18000004","E10000007","E07000032","E05003287"
"DE4 5DB",10,435164,354121,"E92000001","E19000001","E18000004","E10000007","E07000032","E05003287"
"DE4 5DD",10,434979,354226,"E92000001","E19000001","E18000004","E10000007","E07000032","E05003287"
"DE4 5DE",10,434908,354034,"E92000001","E19000001","E18000004","E10000007","E07000032","E05003287"
"DE4 5DF",10,435088,354212,"E92000001","E19000001","E18000004","E10000007","E07000032","E05003287"
"DE4 5DG",10,435032,354379,"E92000001","E19000001","E18000004","E10000007","E07000032","E05003287"
"DE4 5DH",10,435121,354464,"E92000001","E19000001","E18000004","E10000007","E07000032","E05003287"
"DE4 5DJ",10,434751,354648,"E92000001","E19000001","E18000004","E10000007","E07000032","E05003287"
"DE4 5DL",10,434769,354695,"E92000001","E19000001","E18000004","E10000007","E07000032","E05003287"
"DE4 5DN",10,434615,354729,"E92000001","E19000001","E18000004","E10000007","E07000032","E05003287"
"DE4 5DP",10,434484,354827,"E92000001","E19000001","E18000004","E10000007","E07000032","E05003287"
"DE4 5DQ",10,434497,354753,"E92000001","E19000001","E18000004","E10000007","E07000032","E05003287"
"DE4 5DR",10,434366,354730,"E92000001","E19000001","E18000004","E10000007","E07000032","E05003287"
"DE4 5DS",10,434768,354341,"E92000001","E19000001","E18000004","E10000007","E07000032","E05003287"
"DE4 5DT",10,434868,354410,"E92000001","E19000001","E18000004","E10000007","E07000032","E05003287"
"DE4 5DU",10,434809,354423,"E92000001","E19000001","E18000004","E10000007","E07000032","E05003287"
"DE4 5DW",10,434910,354377,"E92000001","E19000001","E18000004","E10000007","E07000032","E05003287"
"DE4 5DX",10,434800,354144,"E92000001","E19000001","E18000004","E10000007","E07000032","E05003287"
"DE4 5DY",10,434772,354145,"E92000001","E19000001","E18000004","E10000007","E07000032","E05003287"
"DE4 5DZ",10,434714,354032,"E92000001","E19000001","E18000004","E10000007","E07000032","E05003287"
"DE4 5EA",10,434842,354017,"E92000001","E19000001","E18000004","E10000007","E07000032","E05003287"
"DE4 5EB",10,434886,354134,"E92000001","E19000001","E18000004","E10000007","E07000032","E05003287"
"DE4 5ED",10,435063,354534,"E92000001","E19000001","E18000004","E10000007","E07000032","E05003287"
"DE4 5EE",10,433366,354228,"E92000001","E19000001","E18000004","E10000007","E07000032","E05003287"
"DE4 5EF",10,433651,354289,"E92000001","E19000001","E18000004","E10000007","E07000032","E05003287"
"DE4 5EG",10,433657,354205,"E92000001","E19000001","E18000004","E10000007","E07000032","E05003287"
"DE4 5EH",10,433774,354280,"E92000001","E19000001","E18000004","E10000007","E07000032","E05003287"
"DE4 5EJ",10,433773,354566,"E92000001","E19000001","E18000004","E10000007","E07000032","E05003287"
"DE4 5EL",10,433951,354937,"E92000001","E19000001","E18000004","E10000007","E07000032","E05003287"
"DE4 5EN",10,433879,354328,"E92000001","E19000001","E18000004","E10000007","E07000032","E05003287"
"DE4 5EP",10,433963,354062,"E92000001","E19000001","E18000004","E10000007","E07000032","E05003287"
"DE4 5EQ",10,434012,353924,"E92000001","E19000001","E18000004","E10000007","E07000032","E05003287"
"DE4 5ER",10,434015,353693,"E92000001","E19000001","E18000004","E10000007","E07000032","E05003287"
"DE4 5ES",10,432144,360153,"E92000001","E19000001","E18000004","E10000007","E07000035","E05003361"
"DE4 5ET",10,434874,354493,"E92000001","E19000001","E18000004","E10000007","E07000032","E05003287"
"DE4 5EU",10,434757,354268,"E92000001","E19000001","E18000004","E10000007","E07000032","E05003287"
"DE4 5EW",10,431111,360011,"E92000001","E19000001","E18000004","E10000007","E07000035","E05003361"
"DE4 5EX",10,431404,360317,"E92000001","E19000001","E18000004","E10000007","E07000035","E05003361"
"DE4 5EY",10,431180,359972,"E92000001","E19000001","E18000004","E10000007","E07000035","E05003361"
"DE4 5EZ",10,431212,359766,"E92000001","E19000001","E18000004","E10000007","E07000035","E05003361"
"DE4 5FB",10,432151,359413,"E92000001","E19000001","E18000004","E10000007","E07000035","E05003361"
"DE4 5FD",10,432458,359434,"E92000001","E19000001","E18000004","E10000007","E07000035","E05003361"
"DE4 5FE",10,432261,359699,"E92000001","E19000001","E18000004","E10000007","E07000035","E05003361"
"DE4 5FF",10,432349,359601,"E92000001","E19000001","E18000004","E10000007","E07000035","E05003361"
"DE4 5FG",10,432323,359836,"E92000001","E19000001","E18000004","E10000007","E07000035","E05003361"
"DE4 5FH",10,432269,359963,"E92000001","E19000001","E18000004","E10000007","E07000035","E05003361"
"DE4 5FJ",10,432267,360102,"E92000001","E19000001","E18000004","E10000007","E07000035","E05003361"
"DE4 5FL",10,432374,360240,"E92000001","E19000001","E18000004","E10000007","E07000035","E05003361"
"DE4 5FN",10,432063,360250,"E92000001","E19000001","E18000004","E10000007","E07000035","E05003361"
"DE4 5FP",10,432175,360157,"E92000001","E19000001","E18000004","E10000007","E07000035","E05003361"
"DE4 5FQ",10,432085,360384,"E92000001","E19000001","E18000004","E10000007","E07000035","E05003361"
"DE4 5FR",10,432606,359507,"E92000001","E19000001","E18000004","E10000007","E07000035","E05003361"
"DE4 5FS",10,433211,359917,"E92000001","E19000001","E18000004","E10000007","E07000035","E05003361"
"DE4 5FT",10,433492,360911,"E92000001","E19000001","E18000004","E10000007","E07000038","E05003417"
"DE4 5FU",10,432327,360022,"E92000001","E19000001","E18000004","E10000007","E07000035","E05003361"
"DE4 5FW",10,432867,361452,"E92000001","E19000001","E18000004","E10000007","E07000035","E05003361"
"DE4 5FX",10,435058,353438,"E92000001","E19000001","E18000004","E10000007","E07000032","E05003287"
"DE4 5FY",10,431846,359673,"E92000001","E19000001","E18000004","E10000007","E07000035","E05003361"
"DE4 5FZ",10,432099,360166,"E92000001","E19000001","E18000004","E10000007","E07000035","E05003361"
"DE4 5GA",10,433407,359405,"E92000001","E19000001","E18000004","E10000007","E07000035","E05003361"
"DE4 5GB",10,432950,359193,"E92000001","E19000001","E18000004","E10000007","E07000035","E05003361"
"DE4 5GD",10,433651,359585,"E92000001","E19000001","E18000004","E10000007","E07000035","E05003361"
"DE4 5GE",10,433806,359818,"E92000001","E19000001","E18000004","E10000007","E07000035","E05003361"
"DE4 5GF",10,433943,359852,"E92000001","E19000001","E18000004","E10000007","E07000038","E05003417"
"DE4 5GG",10,432774,357983,"E92000001","E19000001","E18000004","E10000007","E07000032","E05003281"
"DE4 5GH",10,432384,357567,"E92000001","E19000001","E18000004","E10000007","E07000032","E05003281"
"DE4 5GJ",10,432680,357561,"E92000001","E19000001","E18000004","E10000007","E07000032","E05003281"
"DE4 5GL",10,432729,357441,"E92000001","E19000001","E18000004","E10000007","E07000032","E05003281"
"DE4 5GN",10,432743,357364,"E92000001","E19000001","E18000004","E10000007","E07000032","E05003281"
"DE4 5GQ",10,432643,357426,"E92000001","E19000001","E18000004","E10000007","E07000032","E05003281"
"DE4 5GR",10,433095,357513,"E92000001","E19000001","E18000004","E10000007","E07000032","E05003281"
"DE4 5GS",10,434455,357711,"E92000001","E19000001","E18000004","E10000007","E07000032","E05003281"
"DE4 5GT",10,434911,356594,"E92000001","E19000001","E18000004","E10000007","E07000032","E05003287"
"DE4 5GU",10,435000,357399,"E92000001","E19000001","E18000004","E10000007","E07000032","E05003287"
"DE4 5GW",10,434965,356490,"E92000001","E19000001","E18000004","E10000007","E07000032","E05003287"
"DE4 5GX",10,434883,355781,"E92000001","E19000001","E18000004","E10000007","E07000032","E05003287"
"DE4 5GY",10,435806,354901,"E92000001","E19000001","E18000004","E10000007","E07000032","E05003287"
"DE4 5GZ",10,432176,360021,"E92000001","E19000001","E18000004","E10000007","E07000035","E05003361"
"DE4 5HA",10,432193,359810,"E92000001","E19000001","E18000004","E10000007","E07000035","E05003361"
"DE4 5HB",10,432031,360059,"E92000001","E19000001","E18000004","E10000007","E07000035","E05003361"
"DE4 5HD",10,433990,355432,"E92000001","E19000001","E18000004","E10000007","E07000032","E05003287"
"DE4 5HE",10,433442,354234,"E92000001","E19000001","E18000004","E10000007","E07000032","E05003287"
"DE4 5HF",10,433244,355078,"E92000001","E19000001","E18000004","E10000007","E07000032","E05003287"
"DE4 5HG",10,433162,354371,"E92000001","E19000001","E18000004","E10000007","E07000032","E05003287"
"DE4 5HH",10,432987,355039,"E92000001","E19000001","E18000004","E10000007","E07000032","E05003281"
"DE4 5HJ",10,432393,355412,"E92000001","E19000001","E18000004","E10000007","E07000035","E05003366"
"DE4 5HL",10,432319,355406,"E92000001","E19000001","E18000004","E10000007","E07000035","E05003366"
"DE4 5HN",10,431240,355973,"E92000001","E19000001","E18000004","E10000007","E07000035","E05003359"
"DE4 5HP",10,432997,353683,"E92000001","E19000001","E18000004","E10000007","E07000032","E05003281"
"DE4 5HQ",10,432180,359674,"E92000001","E19000001","E18000004","E10000007","E07000035","E05003361"
"DE4 5HR",10,435193,353600,"E92000001","E19000001","E18000004","E10000007","E07000032","E05003287"
"DE4 5HS",10,432617,354912,"E92000001","E19000001","E18000004","E10000007","E07000032","E05003281"
"DE4 5HT",10,432723,355057,"E92000001","E19000001","E18000004","E10000007","E07000032","E05003281"
"DE4 5HU",10,431832,354774,"E92000001","E19000001","E18000004","E10000007","E07000035","E05003366"
"DE4 5HW",10,434827,354513,"E92000001","E19000001","E18000004","E10000007","E07000032","E05003287"
"DE4 5HX",10,432203,359600,"E92000001","E19000001","E18000004","E10000007","E07000035","E05003361"
"DE4 5HY",10,434484,357889,"E92000001","E19000001","E18000004","E10000007","E07000032","E05003281"
"DE4 5HZ",10,434903,354235,"E92000001","E19000001","E18000004","E10000007","E07000032","E05003287"
"DE4 5JA",10,430080,358787,"E92000001","E19000001","E18000004","E10000007","E07000035","E05003361"
"DE4 5JB",10,430217,358898,"E92000001","E19000001","E18000004","E10000007","E07000035","E05003361"
"DE4 5JD",10,430476,359033,"E92000001","E19000001","E18000004","E10000007","E07000035","E05003361"
"DE4 5JE",10,430154,358441,"E92000001","E19000001","E18000004","E10000007","E07000035","E05003361"
"DE4 5JF",10,430203,358477,"E92000001","E19000001","E18000004","E10000007","E07000035","E05003361"
"DE4 5JG",10,430027,357493,"E92000001","E19000001","E18000004","E10000007","E07000035","E05003359"
"DE4 5JH",10,429650,357224,"E92000001","E19000001","E18000004","E10000007","E07000035","E05003359"
"DE4 5JJ",10,430296,357407,"E92000001","E19000001","E18000004","E10000007","E07000035","E05003359"
"DE4 5JL",10,432003,357050,"E92000001","E19000001","E18000004","E10000007","E07000032","E05003281"
"DE4 5JN",10,431997,357225,"E92000001","E19000001","E18000004","E10000007","E07000032","E05003281"
"DE4 5JP",10,432275,357020,"E92000001","E19000001","E18000004","E10000007","E07000032","E05003281"
"DE4 5JQ",10,432201,357718,"E92000001","E19000001","E18000004","E10000007","E07000032","E05003281"
"DE4 5JR",10,431993,357593,"E92000001","E19000001","E18000004","E10000007","E07000035","E05003361"
"DE4 5JS",10,431642,358434,"E92000001","E19000001","E18000004","E10000007","E07000035","E05003361"
"DE4 5JT",10,431003,358890,"E92000001","E19000001","E18000004","E10000007","E07000035","E05003361"
"DE4 5JU",10,430964,359096,"E92000001","E19000001","E18000004","E10000007","E07000035","E05003361"
"DE4 5JW",10,430826,358377,"E92000001","E19000001","E18000004","E10000007","E07000035","E05003361"
"DE4 5JX",10,431357,357672,"E92000001","E19000001","E18000004","E10000007","E07000035","E05003361"
"DE4 5JY",10,429977,357243,"E92000001","E19000001","E18000004","E10000007","E07000035","E05003359"
"DE4 5JZ",10,432601,354966,"E92000001","E19000001","E18000004","E10000007","E07000032","E05003281"
"DE4 5LA",10,431038,360731,"E92000001","E19000001","E18000004","E10000007","E07000035","E05003361"
"DE4 5LB",10,431224,361017,"E92000001","E19000001","E18000004","E10000007","E07000035","E05003361"
"DE4 5LD",10,430825,361459,"E92000001","E19000001","E18000004","E10000007","E07000035","E05003360"
"DE4 5LE",10,431054,361324,"E92000001","E19000001","E18000004","E10000007","E07000035","E05003360"
"DE4 5LF",10,432206,361273,"E92000001","E19000001","E18000004","E10000007","E07000035","E05003361"
"DE4 5LG",10,431332,361441,"E92000001","E19000001","E18000004","E10000007","E07000035","E05003361"
"DE4 5LH",10,430924,364268,"E92000001","E19000001","E18000004","E10000007","E07000038","E05003417"
"DE4 5LJ",10,429443,365920,"E92000001","E19000001","E18000004","E10000007","E07000035","E05003351"
"DE4 5LL",10,431016,361340,"E92000001","E19000001","E18000004","E10000007","E07000035","E05003360"
"DE4 5LN",10,429406,364117,"E92000001","E19000001","E18000004","E10000007","E07000035","E05003351"
"DE4 5LP",10,428812,364387,"E92000001","E19000001","E18000004","E10000007","E07000035","E05003351"
"DE4 5LQ",10,429293,362989,"E92000001","E19000001","E18000004","E10000007","E07000035","E05003351"
"DE4 5LR",10,429355,362055,"E92000001","E19000001","E18000004","E10000007","E07000035","E05003351"
"DE4 5LS",10,429579,362028,"E92000001","E19000001","E18000004","E10000007","E07000035","E05003351"
"DE4 5LT",10,429333,361640,"E92000001","E19000001","E18000004","E10000007","E07000035","E05003351"
"DE4 5LU",10,431054,360570,"E92000001","E19000001","E18000004","E10000007","E07000035","E05003361"
"DE4 5LW",10,430965,360868,"E92000001","E19000001","E18000004","E10000007","E07000035","E05003361"
"DE4 5LX",10,430990,360612,"E92000001","E19000001","E18000004","E10000007","E07000035","E05003361"
"DE4 5LY",10,431067,360864,"E92000001","E19000001","E18000004","E10000007","E07000035","E05003361"
"DE4 5LZ",10,431629,361642,"E92000001","E19000001","E18000004","E10000007","E07000035","E05003361"
"DE4 5NA",10,431141,361170,"E92000001","E19000001","E18000004","E10000007","E07000035","E05003361"
"DE4 5NB",10,430951,360585,"E92000001","E19000001","E18000004","E10000007","E07000035","E05003361"
"DE4 5ND",10,431834,359765,"E92000001","E19000001","E18000004","E10000007","E07000035","E05003361"
"DE4 5NE",10,434881,354325,"E92000001","E19000001","E18000004","E10000007","E07000032","E05003287"
"DE4 5NF",10,434859,354328,"E92000001","E19000001","E18000004","E10000007","E07000032","E05003287"
"DE4 5NG",10,430862,359843,"E92000001","E19000001","E18000004","E10000007","E07000035","E05003361"
"DE4 5NH",10,434778,354522,"E92000001","E19000001","E18000004","E10000007","E07000032","E05003287"
"DE4 5NJ",10,434709,354594,"E92000001","E19000001","E18000004","E10000007","E07000032","E05003287"
"DE4 5NN",10,433719,354314,"E92000001","E19000001","E18000004","E10000007","E07000032","E05003287"
"DE4 5NP",10,433049,354968,"E92000001","E19000001","E18000004","E10000007","E07000032","E05003281"
"DE4 5NR",10,430866,359921,"E92000001","E19000001","E18000004","E10000007","E07000035","E05003361"
"DE4 5NS",10,430842,359917,"E92000001","E19000001","E18000004","E10000007","E07000035","E05003361"
"DE4 5NT",10,433023,354870,"E92000001","E19000001","E18000004","E10000007","E07000032","E05003281"
"DE4 5NU",10,433063,354874,"E92000001","E19000001","E18000004","E10000007","E07000032","E05003281"
"DE4 5NW",10,430928,359895,"E92000001","E19000001","E18000004","E10000007","E07000035","E05003361"
"DE4 5NX",10,432352,357148,"E92000001","E19000001","E18000004","E10000007","E07000032","E05003281"
"DE4 5NZ",10,432006,356257,"E92000001","E19000001","E18000004","E10000007","E07000032","E05003281"
"DE4 5PA",10,435216,353705,"E92000001","E19000001","E18000004","E10000007","E07000032","E05003287"
"DE4 5PB",10,434726,354252,"E92000001","E19000001","E18000004","E10000007","E07000032","E05003287"
"DE4 5PG",50,435217,356435,"E92000001","E19000001","E18000004","E10000007","E07000032","E05003287"
"DE4 5PH",10,435217,356435,"E92000001","E19000001","E18000004","E10000007","E07000032","E05003287"
"DE4 5PJ",10,435248,357029,"E92000001","E19000001","E18000004","E10000007","E07000032","E05003287"
"DE4 5PL",10,430171,365042,"E92000001","E19000001","E18000004","E10000007","E07000035","E05003351"
"DE4 5RA",10,434236,357472,"E92000001","E19000001","E18000004","E10000007","E07000032","E05003281"
"DE4 5WA",10,432272,359735,"E92000001","E19000001","E18000004","E10000007","E07000035","E05003361"
"DE4 5ZP",10,429909,360274,"E92000001","E19000001","E18000004","E10000007","E07000035","E05003360"
"DE4 5ZU",10,429909,360274,"E92000001","E19000001","E18000004","E10000007","E07000035","E05003360"
"DE4 9AD",10,429909,360274,"E92000001","E19000001","E18000004","E10000007","E07000035","E05003360"
"DE4 9BA",10,429909,360274,"E92000001","E19000001","E18000004","E10000007","E07000035","E05003360"
"DE4 9BE",10,429909,360274,"E92000001","E19000001","E18000004","E10000007","E07000035","E05003360"
"DE4 9BR",10,429909,360274,"E92000001","E19000001","E18000004","E10000007","E07000035","E05003360"
"DE4 9BU",10,429909,360274,"E92000001","E19000001","E18000004","E10000007","E07000035","E05003360"
"DE4 9BY",10,429909,360274,"E92000001","E19000001","E18000004","E10000007","E07000035","E05003360"
"DE4 9DB",10,429909,360274,"E92000001","E19000001","E18000004","E10000007","E07000035","E05003360"
"DE4 9DJ",10,429909,360274,"E92000001","E19000001","E18000004","E10000007","E07000035","E05003360"
"DE4 9DL",10,429909,360274,"E92000001","E19000001","E18000004","E10000007","E07000035","E05003360"
"DE4 9DR",10,429909,360274,"E92000001","E19000001","E18000004","E10000007","E07000035","E05003360"
"DE4 9DX",10,429909,360274,"E92000001","E19000001","E18000004","E10000007","E07000035","E05003360"
"DE4 9DY",10,429909,360274,"E92000001","E19000001","E18000004","E10000007","E07000035","E05003360"
"DE4 9DZ",10,429917,360272,"E92000001","E19000001","E18000004","E10000007","E07000035","E05003360"
"DE4 9EA",10,429909,360274,"E92000001","E19000001","E18000004","E10000007","E07000035","E05003360"
"DE4 9EB",10,429909,360274,"E92000001","E19000001","E18000004","E10000007","E07000035","E05003360"
"DE4 9ED",10,429909,360274,"E92000001","E19000001","E18000004","E10000007","E07000035","E05003360"
"DE4 9EE",10,429909,360274,"E92000001","E19000001","E18000004","E10000007","E07000035","E05003360"
"DE4 9SA",10,429910,360348,"E92000001","E19000001","E18000004","E10000007","E07000035","E05003360"
"DE4 9SB",10,429915,360374,"E92000001","E19000001","E18000004","E10000007","E07000035","E05003360"
"DE4 9SD",10,429915,360374,"E92000001","E19000001","E18000004","E10000007","E07000035","E05003360"
"DE4 9SE",10,429915,360374,"E92000001","E19000001","E18000004","E10000007","E07000035","E05003360"
"DE4 9SF",10,429915,360374,"E92000001","E19000001","E18000004","E10000007","E07000035","E05003360"
"DE4 9SG",10,429915,360374,"E92000001","E19000001","E18000004","E10000007","E07000035","E05003360"
"DE4 9SH",10,429915,360374,"E92000001","E19000001","E18000004","E10000007","E07000035","E05003360"
"DE4 9SJ",10,429915,360374,"E92000001","E19000001","E18000004","E10000007","E07000035","E05003360"
"DE4 9SL",10,429915,360374,"E92000001","E19000001","E18000004","E10000007","E07000035","E05003360"
"DE4 9SN",10,429915,360374,"E92000001","E19000001","E18000004","E10000007","E07000035","E05003360"
"DE4 9SP",10,429915,360374,"E92000001","E19000001","E18000004","E10000007","E07000035","E05003360"
"DE4 9SQ",10,429915,360374,"E92000001","E19000001","E18000004","E10000007","E07000035","E05003360"
"DE4 9SS",10,429915,360374,"E92000001","E19000001","E18000004","E10000007","E07000035","E05003360"
"DE4 9ST",10,429915,360374,"E92000001","E19000001","E18000004","E10000007","E07000035","E05003360"
"DE4 9SU",10,429915,360374,"E92000001","E19000001","E18000004","E10000007","E07000035","E05003360"
"DE4 9SW",10,429915,360374,"E92000001","E19000001","E18000004","E10000007","E07000035","E05003360"
"DE4 9SX",10,429915,360374,"E92000001","E19000001","E18000004","E10000007","E07000035","E05003360"
"DE4 9SY",10,429915,360374,"E92000001","E19000001","E18000004","E10000007","E07000035","E05003360"
"DE4 9SZ",10,429915,360374,"E92000001","E19000001","E18000004","E10000007","E07000035","E05003360"
"DE4 9TA",10,429915,360374,"E92000001","E19000001","E18000004","E10000007","E07000035","E05003360"
"DE4 9TB",10,429915,360374,"E92000001","E19000001","E18000004","E10000007","E07000035","E05003360"
"DE4 9TD",10,429915,360374,"E92000001","E19000001","E18000004","E10000007","E07000035","E05003360"
"DE4 9TE",10,429915,360374,"E92000001","E19000001","E18000004","E10000007","E07000035","E05003360"
"DE4 9TF",10,429915,360374,"E92000001","E19000001","E18000004","E10000007","E07000035","E05003360"
"DE4 9TG",10,429915,360374,"E92000001","E19000001","E18000004","E10000007","E07000035","E05003360"
"DE4 9TH",10,429915,360374,"E92000001","E19000001","E18000004","E10000007","E07000035","E05003360"
"DE4 9TJ",10,429915,360374,"E92000001","E19000001","E18000004","E10000007","E07000035","E05003360"
"DE4 9TL",10,429915,360374,"E92000001","E19000001","E18000004","E10000007","E07000035","E05003360"
"DE4 9TN",10,429910,360348,"E92000001","E19000001","E18000004","E10000007","E07000035","E05003360"
"DE4 9ZY",10,429915,360374,"E92000001","E19000001","E18000004","E10000007","E07000035","E05003360"
"DE4 9ZZ",50,429915,360374,"E92000001","E19000001","E18000004","E10000007","E07000035","E05003360"
"DE451AA",10,421940,368856,"E92000001","E19000001","E18000004","E10000007","E07000035","E05003344"
"DE451AB",10,422003,369334,"E92000001","E19000001","E18000004","E10000007","E07000035","E05003344"
"DE451AD",10,421976,369132,"E92000001","E19000001","E18000004","E10000007","E07000035","E05003344"
"DE451AE",10,421957,369436,"E92000001","E19000001","E18000004","E10000007","E07000035","E05003344"
"DE451AF",10,421992,369738,"E92000001","E19000001","E18000004","E10000007","E07000035","E05003344"
"DE451AG",10,421813,367505,"E92000001","E19000001","E18000004","E10000007","E07000035","E05003344"
"DE451AH",10,422181,368471,"E92000001","E19000001","E18000004","E10000007","E07000035","E05003344"
"DE451AJ",10,422080,369273,"E92000001","E19000001","E18000004","E10000007","E07000035","E05003344"
"DE451AL",10,422101,369458,"E92000001","E19000001","E18000004","E10000007","E07000035","E05003344"
"DE451AN",10,422049,369555,"E92000001","E19000001","E18000004","E10000007","E07000035","E05003344"
"DE451AP",10,421917,369752,"E92000001","E19000001","E18000004","E10000007","E07000035","E05003344"
"DE451AQ",10,422197,368599,"E92000001","E19000001","E18000004","E10000007","E07000035","E05003344"
"DE451AR",10,422711,368132,"E92000001","E19000001","E18000004","E10000007","E07000035","E05003344"
"DE451AS",10,422137,369048,"E92000001","E19000001","E18000004","E10000007","E07000035","E05003344"
"DE451AT",10,422017,368994,"E92000001","E19000001","E18000004","E10000007","E07000035","E05003344"
"DE451AU",10,422138,368943,"E92000001","E19000001","E18000004","E10000007","E07000035","E05003344"
"DE451AW",10,422156,367970,"E92000001","E19000001","E18000004","E10000007","E07000035","E05003344"
"DE451AX",10,421752,368039,"E92000001","E19000001","E18000004","E10000007","E07000035","E05003344"
"DE451AY",10,421802,368076,"E92000001","E19000001","E18000004","E10000007","E07000035","E05003344"
"DE451AZ",10,421836,367939,"E92000001","E19000001","E18000004","E10000007","E07000035","E05003344"
"DE451BA",10,422023,367983,"E92000001","E19000001","E18000004","E10000007","E07000035","E05003344"
"DE451BB",10,422081,367871,"E92000001","E19000001","E18000004","E10000007","E07000035","E05003344"
"DE451BD",10,422083,367713,"E92000001","E19000001","E18000004","E10000007","E07000035","E05003344"
"DE451BE",10,422255,367660,"E92000001","E19000001","E18000004","E10000007","E07000035","E05003344"
"DE451BF",10,421843,368672,"E92000001","E19000001","E18000004","E10000007","E07000035","E05003344"
"DE451BG",10,422154,367717,"E92000001","E19000001","E18000004","E10000007","E07000035","E05003344"
"DE451BH",10,422166,368053,"E92000001","E19000001","E18000004","E10000007","E07000035","E05003344"
"DE451BJ",10,422219,367973,"E92000001","E19000001","E18000004","E10000007","E07000035","E05003344"
"DE451BL",10,422299,367431,"E92000001","E19000001","E18000004","E10000007","E07000035","E05003344"
"DE451BN",10,422381,367387,"E92000001","E19000001","E18000004","E10000007","E07000035","E05003344"
"DE451BP",10,421586,368145,"E92000001","E19000001","E18000004","E10000007","E07000035","E05003344"
"DE451BQ",10,422079,368969,"E92000001","E19000001","E18000004","E10000007","E07000035","E05003344"
"DE451BS",10,421940,367945,"E92000001","E19000001","E18000004","E10000007","E07000035","E05003344"
"DE451BT",10,421783,368534,"E92000001","E19000001","E18000004","E10000007","E07000035","E05003344"
"DE451BU",10,422037,368538,"E92000001","E19000001","E18000004","E10000007","E07000035","E05003344"
"DE451BW",10,421647,368744,"E92000001","E19000001","E18000004","E10000007","E07000035","E05003344"
"DE451BX",10,421760,368620,"E92000001","E19000001","E18000004","E10000007","E07000035","E05003344"
"DE451BZ",10,421687,368561,"E92000001","E19000001","E18000004","E10000007","E07000035","E05003344"
"DE451DA",10,421654,368727,"E92000001","E19000001","E18000004","E10000007","E07000035","E05003344"
"DE451DB",10,421600,368519,"E92000001","E19000001","E18000004","E10000007","E07000035","E05003344"
"DE451DD",10,421503,368576,"E92000001","E19000001","E18000004","E10000007","E07000035","E05003344"
"DE451DE",10,421473,368512,"E92000001","E19000001","E18000004","E10000007","E07000035","E05003344"
"DE451DF",10,421420,368444,"E92000001","E19000001","E18000004","E10000007","E07000035","E05003344"
"DE451DG",10,421467,368613,"E92000001","E19000001","E18000004","E10000007","E07000035","E05003344"
"DE451DH",10,421511,368838,"E92000001","E19000001","E18000004","E10000007","E07000035","E05003344"
"DE451DJ",10,421554,368675,"E92000001","E19000001","E18000004","E10000007","E07000035","E05003344"
"DE451DL",10,421615,368613,"E92000001","E19000001","E18000004","E10000007","E07000035","E05003344"
"DE451DN",10,421609,368695,"E92000001","E19000001","E18000004","E10000007","E07000035","E05003344"
"DE451DP",10,421376,368741,"E92000001","E19000001","E18000004","E10000007","E07000035","E05003344"
"DE451DR",10,421803,368581,"E92000001","E19000001","E18000004","E10000007","E07000035","E05003344"
"DE451DS",10,421862,368571,"E92000001","E19000001","E18000004","E10000007","E07000035","E05003344"
"DE451DT",10,420721,369185,"E92000001","E19000001","E18000004","E10000007","E07000035","E05003344"
"DE451DU",10,421859,368694,"E92000001","E19000001","E18000004","E10000007","E07000035","E05003344"
"DE451DW",10,421813,368640,"E92000001","E19000001","E18000004","E10000007","E07000035","E05003344"
"DE451DX",10,421721,368811,"E92000001","E19000001","E18000004","E10000007","E07000035","E05003344"
"DE451DY",10,421787,368713,"E92000001","E19000001","E18000004","E10000007","E07000035","E05003344"
"DE451DZ",10,421715,368435,"E92000001","E19000001","E18000004","E10000007","E07000035","E05003344"
"DE451EA",10,421663,368433,"E92000001","E19000001","E18000004","E10000007","E07000035","E05003344"
"DE451EB",10,421660,368336,"E92000001","E19000001","E18000004","E10000007","E07000035","E05003344"
"DE451ED",10,421710,368339,"E92000001","E19000001","E18000004","E10000007","E07000035","E05003344"
"DE451EE",10,421794,368393,"E92000001","E19000001","E18000004","E10000007","E07000035","E05003344"
"DE451EG",10,421867,368476,"E92000001","E19000001","E18000004","E10000007","E07000035","E05003344"
"DE451EH",10,421708,368247,"E92000001","E19000001","E18000004","E10000007","E07000035","E05003344"
"DE451EL",10,421811,368276,"E92000001","E19000001","E18000004","E10000007","E07000035","E05003344"
"DE451EN",10,421812,368216,"E92000001","E19000001","E18000004","E10000007","E07000035","E05003344"
"DE451EP",10,421918,368260,"E92000001","E19000001","E18000004","E10000007","E07000035","E05003344"
"DE451EQ",10,421830,368171,"E92000001","E19000001","E18000004","E10000007","E07000035","E05003344"
"DE451ER",10,421852,368149,"E92000001","E19000001","E18000004","E10000007","E07000035","E05003344"
"DE451ES",10,421859,368443,"E92000001","E19000001","E18000004","E10000007","E07000035","E05003344"
"DE451ET",10,421938,368310,"E92000001","E19000001","E18000004","E10000007","E07000035","E05003344"
"DE451EU",10,421847,368507,"E92000001","E19000001","E18000004","E10000007","E07000035","E05003344"
"DE451EW",10,421836,368491,"E92000001","E19000001","E18000004","E10000007","E07000035","E05003344"
"DE451EX",10,424829,370877,"E92000001","E19000001","E18000004","E10000007","E07000035","E05003349"
"DE451EZ",10,421962,368362,"E92000001","E19000001","E18000004","E10000007","E07000035","E05003344"
"DE451FB",10,421725,368174,"E92000001","E19000001","E18000004","E10000007","E07000035","E05003344"
"DE451FD",10,421589,368417,"E92000001","E19000001","E18000004","E10000007","E07000035","E05003344"
"DE451FE",10,421567,368374,"E92000001","E19000001","E18000004","E10000007","E07000035","E05003344"
"DE451FF",10,421655,368474,"E92000001","E19000001","E18000004","E10000007","E07000035","E05003344"
"DE451FG",10,421297,368340,"E92000001","E19000001","E18000004","E10000007","E07000035","E05003344"
"DE451FH",10,421395,368253,"E92000001","E19000001","E18000004","E10000007","E07000035","E05003344"
"DE451FJ",10,421506,368150,"E92000001","E19000001","E18000004","E10000007","E07000035","E05003344"
"DE451FL",10,421591,368058,"E92000001","E19000001","E18000004","E10000007","E07000035","E05003344"
"DE451FN",10,421569,368022,"E92000001","E19000001","E18000004","E10000007","E07000035","E05003344"
"DE451FP",10,421378,368068,"E92000001","E19000001","E18000004","E10000007","E07000035","E05003344"
"DE451FQ",10,421639,367833,"E92000001","E19000001","E18000004","E10000007","E07000035","E05003344"
"DE451FR",10,421548,367777,"E92000001","E19000001","E18000004","E10000007","E07000035","E05003344"
"DE451FS",10,421519,367908,"E92000001","E19000001","E18000004","E10000007","E07000035","E05003344"
"DE451FT",10,421467,368047,"E92000001","E19000001","E18000004","E10000007","E07000035","E05003344"
"DE451FW",10,421443,367769,"E92000001","E19000001","E18000004","E10000007","E07000035","E05003344"
"DE451FX",10,421472,367725,"E92000001","E19000001","E18000004","E10000007","E07000035","E05003344"
"DE451FY",10,421825,368566,"E92000001","E19000001","E18000004","E10000007","E07000035","E05003344"
"DE451FZ",10,420686,369217,"E92000001","E19000001","E18000004","E10000007","E07000035","E05003344"
"DE451GA",10,422200,368838,"E92000001","E19000001","E18000004","E10000007","E07000035","E05003344"
"DE451GB",10,422383,369179,"E92000001","E19000001","E18000004","E10000007","E07000035","E05003344"
"DE451GD",10,422128,368914,"E92000001","E19000001","E18000004","E10000007","E07000035","E05003344"
"DE451GE",10,422218,369057,"E92000001","E19000001","E18000004","E10000007","E07000035","E05003344"
"DE451GF",10,421582,369046,"E92000001","E19000001","E18000004","E10000007","E07000035","E05003344"
"DE451GG",10,421519,369051,"E92000001","E19000001","E18000004","E10000007","E07000035","E05003344"
"DE451GH",10,421386,369074,"E92000001","E19000001","E18000004","E10000007","E07000035","E05003344"
"DE451GL",10,420670,369156,"E92000001","E19000001","E18000004","E10000007","E07000035","E05003344"
"DE451GN",10,420847,369220,"E92000001","E19000001","E18000004","E10000007","E07000035","E05003344"
"DE451GP",10,421291,368170,"E92000001","E19000001","E18000004","E10000007","E07000035","E05003344"
"DE451GQ",10,421835,368395,"E92000001","E19000001","E18000004","E10000007","E07000035","E05003344"
"DE451GR",10,421330,368191,"E92000001","E19000001","E18000004","E10000007","E07000035","E05003344"
"DE451GS",10,421222,369090,"E92000001","E19000001","E18000004","E10000007","E07000035","E05003344"
"DE451GT",10,420885,368945,"E92000001","E19000001","E18000004","E10000007","E07000035","E05003344"
"DE451GW",10,421289,368114,"E92000001","E19000001","E18000004","E10000007","E07000035","E05003344"
"DE451GX",10,425239,372890,"E92000001","E19000001","E18000004","E10000007","E07000035","E05003349"
"DE451GZ",10,421080,369203,"E92000001","E19000001","E18000004","E10000007","E07000035","E05003344"
"DE451HA",10,421883,368517,"E92000001","E19000001","E18000004","E10000007","E07000035","E05003344"
"DE451HB",10,421875,368506,"E92000001","E19000001","E18000004","E10000007","E07000035","E05003344"
"DE451HD",10,421813,368421,"E92000001","E19000001","E18000004","E10000007","E07000035","E05003344"
"DE451HE",10,415119,366574,"E92000001","E19000001","E18000004","E10000007","E07000035","E05003357"
"DE451HF",10,421966,368513,"E92000001","E19000001","E18000004","E10000007","E07000035","E05003344"
"DE451HG",10,421941,368532,"E92000001","E19000001","E18000004","E10000007","E07000035","E05003344"
"DE451HH",10,421723,368739,"E92000001","E19000001","E18000004","E10000007","E07000035","E05003344"
"DE451HJ",10,421769,368390,"E92000001","E19000001","E18000004","E10000007","E07000035","E05003344"
"DE451HL",10,421039,364468,"E92000001","E19000001","E18000004","E10000007","E07000035","E05003357"
"DE451HN",10,416139,367039,"E92000001","E19000001","E18000004","E10000007","E07000035","E05003357"
"DE451HY",10,420578,366471,"E92000001","E19000001","E18000004","E10000007","E07000035","E05003344"
"DE451HZ",10,420327,366513,"E92000001","E19000001","E18000004","E10000007","E07000035","E05003344"
"DE451JA",10,421301,367627,"E92000001","E19000001","E18000004","E10000007","E07000035","E05003344"
"DE451JB",10,421367,367672,"E92000001","E19000001","E18000004","E10000007","E07000035","E05003344"
"DE451JD",10,421645,366630,"E92000001","E19000001","E18000004","E10000007","E07000035","E05003344"
"DE451JE",10,420460,366453,"E92000001","E19000001","E18000004","E10000007","E07000035","E05003344"
"DE451JF",10,418064,366119,"E92000001","E19000001","E18000004","E10000007","E07000035","E05003344"
"DE451JG",10,417136,366730,"E92000001","E19000001","E18000004","E10000007","E07000035","E05003344"
"DE451JH",10,415191,366491,"E92000001","E19000001","E18000004","E10000007","E07000035","E05003357"
"DE451JJ",10,415005,366744,"E92000001","E19000001","E18000004","E10000007","E07000035","E05003357"
"DE451JL",10,415037,366333,"E92000001","E19000001","E18000004","E10000007","E07000035","E05003357"
"DE451JN",10,414593,366752,"E92000001","E19000001","E18000004","E10000007","E07000035","E05003357"
"DE451JP",10,413606,366357,"E92000001","E19000001","E18000004","E10000007","E07000035","E05003357"
"DE451JQ",10,414411,364624,"E92000001","E19000001","E18000004","E10000007","E07000035","E05003357"
"DE451JR",10,414879,364715,"E92000001","E19000001","E18000004","E10000007","E07000035","E05003357"
"DE451JS",10,416929,364507,"E92000001","E19000001","E18000004","E10000007","E07000035","E05003357"
"DE451JT",10,417960,365006,"E92000001","E19000001","E18000004","E10000007","E07000035","E05003357"
"DE451JU",10,420113,365819,"E92000001","E19000001","E18000004","E10000007","E07000035","E05003357"
"DE451JW",10,420979,365438,"E92000001","E19000001","E18000004","E10000007","E07000035","E05003357"
"DE451JX",10,420516,367302,"E92000001","E19000001","E18000004","E10000007","E07000035","E05003344"
"DE451JZ",10,414935,366772,"E92000001","E19000001","E18000004","E10000007","E07000035","E05003357"
"DE451LA",10,423480,366340,"E92000001","E19000001","E18000004","E10000007","E07000035","E05003344"
"DE451LB",10,424227,365312,"E92000001","E19000001","E18000004","E10000007","E07000035","E05003363"
"DE451LD",10,423525,364975,"E92000001","E19000001","E18000004","E10000007","E07000035","E05003363"
"DE451LE",10,423103,364735,"E92000001","E19000001","E18000004","E10000007","E07000035","E05003357"
"DE451LG",10,422102,364529,"E92000001","E19000001","E18000004","E10000007","E07000035","E05003357"
"DE451LH",10,422542,364362,"E92000001","E19000001","E18000004","E10000007","E07000035","E05003357"
"DE451LJ",10,422242,363685,"E92000001","E19000001","E18000004","E10000007","E07000035","E05003357"
"DE451LL",10,421761,362068,"E92000001","E19000001","E18000004","E10000007","E07000035","E05003365"
"DE451LN",10,421095,361477,"E92000001","E19000001","E18000004","E10000007","E07000035","E05003365"
"DE451LP",10,419809,360233,"E92000001","E19000001","E18000004","E10000007","E07000035","E05003365"
"DE451LQ",10,419581,361889,"E92000001","E19000001","E18000004","E10000007","E07000035","E05003357"
"DE451LR",10,419795,362885,"E92000001","E19000001","E18000004","E10000007","E07000035","E05003357"
"DE451LS",10,419531,363205,"E92000001","E19000001","E18000004","E10000007","E07000035","E05003357"
"DE451LT",10,421825,368566,"E92000001","E19000001","E18000004","E10000007","E07000035","E05003344"
"DE451LU",10,419822,363933,"E92000001","E19000001","E18000004","E10000007","E07000035","E05003357"
"DE451LW",10,418170,364066,"E92000001","E19000001","E18000004","E10000007","E07000035","E05003357"
"DE451LX",10,418141,363106,"E92000001","E19000001","E18000004","E10000007","E07000035","E05003357"
"DE451LY",10,418082,362235,"E92000001","E19000001","E18000004","E10000007","E07000035","E05003357"
"DE451LZ",10,421071,363316,"E92000001","E19000001","E18000004","E10000007","E07000035","E05003357"
"DE451NA",10,420582,363186,"E92000001","E19000001","E18000004","E10000007","E07000035","E05003357"
"DE451NB",10,423733,366725,"E92000001","E19000001","E18000004","E10000007","E07000035","E05003344"
"DE451ND",10,423263,367105,"E92000001","E19000001","E18000004","E10000007","E07000035","E05003344"
"DE451NE",10,415179,366169,"E92000001","E19000001","E18000004","E10000007","E07000035","E05003357"
"DE451NH",10,419444,370344,"E92000001","E19000001","E18000004","E10000007","E07000035","E05003344"
"DE451NJ",10,418917,370856,"E92000001","E19000001","E18000004","E10000007","E07000035","E05003344"
"DE451NL",10,418505,371537,"E92000001","E19000001","E18000004","E10000007","E07000035","E05003344"
"DE451NN",10,419035,371752,"E92000001","E19000001","E18000004","E10000007","E07000035","E05003358"
"DE451NP",10,420698,371513,"E92000001","E19000001","E18000004","E10000007","E07000035","E05003358"
"DE451NQ",10,421002,371729,"E92000001","E19000001","E18000004","E10000007","E07000035","E05003358"
"DE451NR",10,421357,372456,"E92000001","E19000001","E18000004","E10000007","E07000035","E05003358"
"DE451NS",10,422388,372350,"E92000001","E19000001","E18000004","E10000007","E07000035","E05003358"
"DE451NT",10,422908,372534,"E92000001","E19000001","E18000004","E10000007","E07000035","E05003358"
"DE451NU",10,422252,371853,"E92000001","E19000001","E18000004","E10000007","E07000035","E05003358"
"DE451NW",10,421795,370671,"E92000001","E19000001","E18000004","E10000007","E07000035","E05003358"
"DE451NX",10,420381,370653,"E92000001","E19000001","E18000004","E10000007","E07000035","E05003344"
"DE451NY",10,419801,371028,"E92000001","E19000001","E18000004","E10000007","E07000035","E05003358"
"DE451NZ",10,419803,370916,"E92000001","E19000001","E18000004","E10000007","E07000035","E05003344"
"DE451PA",10,420190,371583,"E92000001","E19000001","E18000004","E10000007","E07000035","E05003358"
"DE451PB",10,420288,371559,"E92000001","E19000001","E18000004","E10000007","E07000035","E05003358"
"DE451PE",10,422912,370384,"E92000001","E19000001","E18000004","E10000007","E07000035","E05003358"
"DE451PF",10,424159,371117,"E92000001","E19000001","E18000004","E10000007","E07000035","E05003349"
"DE451PG",10,425295,371781,"E92000001","E19000001","E18000004","E10000007","E07000035","E05003349"
"DE451PH",10,424976,369984,"E92000001","E19000001","E18000004","E10000007","E07000035","E05003349"
"DE451PJ",10,425011,370207,"E92000001","E19000001","E18000004","E10000007","E07000035","E05003349"
"DE451PL",10,425389,372534,"E92000001","E19000001","E18000004","E10000007","E07000035","E05003349"
"DE451PN",10,426500,370628,"E92000001","E19000001","E18000004","E10000007","E07000035","E05003349"
"DE451PP",10,426039,370129,"E92000001","E19000001","E18000004","E10000007","E07000035","E05003349"
"DE451PQ",10,427589,372556,"E92000001","E19000001","E18000004","E10000007","E07000035","E05003349"
"DE451PR",10,426294,372571,"E92000001","E19000001","E18000004","E10000007","E07000035","E05003349"
"DE451PS",10,425552,373442,"E92000001","E19000001","E18000004","E10000007","E07000035","E05003349"
"DE451PU",10,428067,372094,"E92000001","E19000001","E18000004","E10000007","E07000035","E05003349"
"DE451PX",10,420128,369260,"E92000001","E19000001","E18000004","E10000007","E07000035","E05003344"
"DE451PY",10,419938,369356,"E92000001","E19000001","E18000004","E10000007","E07000035","E05003344"
"DE451PZ",10,419709,369685,"E92000001","E19000001","E18000004","E10000007","E07000035","E05003344"
"DE451QA",10,419787,369838,"E92000001","E19000001","E18000004","E10000007","E07000035","E05003344"
"DE451QB",10,419591,369739,"E92000001","E19000001","E18000004","E10000007","E07000035","E05003344"
"DE451QE",10,419584,369682,"E92000001","E19000001","E18000004","E10000007","E07000035","E05003344"
"DE451QF",10,419403,369721,"E92000001","E19000001","E18000004","E10000007","E07000035","E05003344"
"DE451QG",10,419487,369759,"E92000001","E19000001","E18000004","E10000007","E07000035","E05003344"
"DE451QH",10,419636,369833,"E92000001","E19000001","E18000004","E10000007","E07000035","E05003344"
"DE451QJ",10,419678,369834,"E92000001","E19000001","E18000004","E10000007","E07000035","E05003344"
"DE451QL",10,419537,369907,"E92000001","E19000001","E18000004","E10000007","E07000035","E05003344"
"DE451QN",10,419407,369941,"E92000001","E19000001","E18000004","E10000007","E07000035","E05003344"
"DE451QP",10,419274,369739,"E92000001","E19000001","E18000004","E10000007","E07000035","E05003344"
"DE451QQ",10,419765,369445,"E92000001","E19000001","E18000004","E10000007","E07000035","E05003344"
"DE451QR",10,419725,368517,"E92000001","E19000001","E18000004","E10000007","E07000035","E05003344"
"DE451QS",10,417389,368780,"E92000001","E19000001","E18000004","E10000007","E07000035","E05003344"
"DE451QT",10,416754,367484,"E92000001","E19000001","E18000004","E10000007","E07000035","E05003344"
"DE451QU",10,417266,368087,"E92000001","E19000001","E18000004","E10000007","E07000035","E05003344"
"DE451QW",10,419164,367016,"E92000001","E19000001","E18000004","E10000007","E07000035","E05003344"
"DE451QX",10,419597,367875,"E92000001","E19000001","E18000004","E10000007","E07000035","E05003344"
"DE451QY",10,420782,367778,"E92000001","E19000001","E18000004","E10000007","E07000035","E05003344"
"DE451QZ",10,421008,368143,"E92000001","E19000001","E18000004","E10000007","E07000035","E05003344"
"DE451RA",10,425277,372482,"E92000001","E19000001","E18000004","E10000007","E07000035","E05003349"
"DE451RB",10,425147,372218,"E92000001","E19000001","E18000004","E10000007","E07000035","E05003349"
"DE451RD",10,425025,372529,"E92000001","E19000001","E18000004","E10000007","E07000035","E05003349"
"DE451RE",10,425102,372093,"E92000001","E19000001","E18000004","E10000007","E07000035","E05003349"
"DE451RF",10,424977,372176,"E92000001","E19000001","E18000004","E10000007","E07000035","E05003349"
"DE451RG",10,425033,372188,"E92000001","E19000001","E18000004","E10000007","E07000035","E05003349"
"DE451RJ",10,425155,372184,"E92000001","E19000001","E18000004","E10000007","E07000035","E05003349"
"DE451RL",10,424926,372533,"E92000001","E19000001","E18000004","E10000007","E07000035","E05003349"
"DE451RN",10,424414,373509,"E92000001","E19000001","E18000004","E10000007","E07000035","E05003349"
"DE451RP",10,425098,372479,"E92000001","E19000001","E18000004","E10000007","E07000035","E05003349"
"DE451RQ",10,425092,372630,"E92000001","E19000001","E18000004","E10000007","E07000035","E05003349"
"DE451RR",10,424983,372683,"E92000001","E19000001","E18000004","E10000007","E07000035","E05003349"
"DE451RS",10,424896,372773,"E92000001","E19000001","E18000004","E10000007","E07000035","E05003349"
"DE451RT",10,425202,372946,"E92000001","E19000001","E18000004","E10000007","E07000035","E05003349"
"DE451RU",10,425808,372245,"E92000001","E19000001","E18000004","E10000007","E07000035","E05003349"
"DE451RW",10,425801,372336,"E92000001","E19000001","E18000004","E10000007","E07000035","E05003349"
"DE451RX",10,425829,372285,"E92000001","E19000001","E18000004","E10000007","E07000035","E05003349"
"DE451RY",10,425211,372384,"E92000001","E19000001","E18000004","E10000007","E07000035","E05003349"
"DE451RZ",10,425420,372445,"E92000001","E19000001","E18000004","E10000007","E07000035","E05003349"
"DE451SA",10,425459,372587,"E92000001","E19000001","E18000004","E10000007","E07000035","E05003349"
"DE451SB",10,425680,372338,"E92000001","E19000001","E18000004","E10000007","E07000035","E05003349"
"DE451SD",10,425757,372240,"E92000001","E19000001","E18000004","E10000007","E07000035","E05003349"
"DE451SE",10,425748,372456,"E92000001","E19000001","E18000004","E10000007","E07000035","E05003349"
"DE451SF",10,425741,372605,"E92000001","E19000001","E18000004","E10000007","E07000035","E05003349"
"DE451SG",10,425627,372652,"E92000001","E19000001","E18000004","E10000007","E07000035","E05003349"
"DE451SH",10,425785,372605,"E92000001","E19000001","E18000004","E10000007","E07000035","E05003349"
"DE451SJ",10,425150,372894,"E92000001","E19000001","E18000004","E10000007","E07000035","E05003349"
"DE451SL",10,425143,372810,"E92000001","E19000001","E18000004","E10000007","E07000035","E05003349"
"DE451SN",10,425077,372728,"E92000001","E19000001","E18000004","E10000007","E07000035","E05003349"
"DE451SP",10,425600,372193,"E92000001","E19000001","E18000004","E10000007","E07000035","E05003349"
"DE451SR",10,425923,372191,"E92000001","E19000001","E18000004","E10000007","E07000035","E05003349"
"DE451SS",10,425862,372057,"E92000001","E19000001","E18000004","E10000007","E07000035","E05003349"
"DE451ST",10,425235,372786,"E92000001","E19000001","E18000004","E10000007","E07000035","E05003349"
"DE451SU",10,419996,371473,"E92000001","E19000001","E18000004","E10000007","E07000035","E05003358"
"DE451TA",10,419980,371761,"E92000001","E19000001","E18000004","E10000007","E07000035","E05003358"
"DE451TB",10,420069,371838,"E92000001","E19000001","E18000004","E10000007","E07000035","E05003358"
"DE451TD",10,420341,371841,"E92000001","E19000001","E18000004","E10000007","E07000035","E05003358"
"DE451TE",10,420409,371607,"E92000001","E19000001","E18000004","E10000007","E07000035","E05003358"
"DE451TF",10,420258,371742,"E92000001","E19000001","E18000004","E10000007","E07000035","E05003358"
"DE451TG",10,420115,371717,"E92000001","E19000001","E18000004","E10000007","E07000035","E05003358"
"DE451TH",10,420079,371714,"E92000001","E19000001","E18000004","E10000007","E07000035","E05003358"
"DE451TJ",10,420071,371759,"E92000001","E19000001","E18000004","E10000007","E07000035","E05003358"
"DE451TL",10,420037,371695,"E92000001","E19000001","E18000004","E10000007","E07000035","E05003358"
"DE451TP",10,420136,371505,"E92000001","E19000001","E18000004","E10000007","E07000035","E05003358"
"DE451TR",10,420311,371948,"E92000001","E19000001","E18000004","E10000007","E07000035","E05003358"
"DE451TS",10,419909,371626,"E92000001","E19000001","E18000004","E10000007","E07000035","E05003358"
"DE451TT",10,419945,371587,"E92000001","E19000001","E18000004","E10000007","E07000035","E05003358"
"DE451TU",10,420068,371514,"E92000001","E19000001","E18000004","E10000007","E07000035","E05003358"
"DE451TW",10,420680,371961,"E92000001","E19000001","E18000004","E10000007","E07000035","E05003358"
"DE451TX",10,420061,371476,"E92000001","E19000001","E18000004","E10000007","E07000035","E05003358"
"DE451TY",10,420028,371403,"E92000001","E19000001","E18000004","E10000007","E07000035","E05003358"
"DE451TZ",10,419867,371815,"E92000001","E19000001","E18000004","E10000007","E07000035","E05003358"
"DE451UA",10,419686,372059,"E92000001","E19000001","E18000004","E10000007","E07000035","E05003358"
"DE451UB",10,419688,371934,"E92000001","E19000001","E18000004","E10000007","E07000035","E05003358"
"DE451UF",10,424096,370929,"E92000001","E19000001","E18000004","E10000007","E07000035","E05003349"
"DE451UG",10,424143,370997,"E92000001","E19000001","E18000004","E10000007","E07000035","E05003349"
"DE451UH",10,424110,370996,"E92000001","E19000001","E18000004","E10000007","E07000035","E05003349"
"DE451UJ",10,424116,371038,"E92000001","E19000001","E18000004","E10000007","E07000035","E05003349"
"DE451UL",10,423986,371051,"E92000001","E19000001","E18000004","E10000007","E07000035","E05003349"
"DE451UN",10,420636,364158,"E92000001","E19000001","E18000004","E10000007","E07000035","E05003357"
"DE451UR",10,421063,364274,"E92000001","E19000001","E18000004","E10000007","E07000035","E05003357"
"DE451US",10,420974,364312,"E92000001","E19000001","E18000004","E10000007","E07000035","E05003357"
"DE451UT",10,421016,364168,"E92000001","E19000001","E18000004","E10000007","E07000035","E05003357"
"DE451UU",10,420738,364195,"E92000001","E19000001","E18000004","E10000007","E07000035","E05003357"
"DE451UW",10,420889,364182,"E92000001","E19000001","E18000004","E10000007","E07000035","E05003357"
"DE451UX",10,420806,364120,"E92000001","E19000001","E18000004","E10000007","E07000035","E05003357"
"DE451UY",10,420578,364049,"E92000001","E19000001","E18000004","E10000007","E07000035","E05003357"
"DE451UZ",10,420753,364069,"E92000001","E19000001","E18000004","E10000007","E07000035","E05003357"
"DE451WA",10,420766,364086,"E92000001","E19000001","E18000004","E10000007","E07000035","E05003357"
"DE451WB",10,420655,364103,"E92000001","E19000001","E18000004","E10000007","E07000035","E05003357"
"DE451WD",10,420788,364045,"E92000001","E19000001","E18000004","E10000007","E07000035","E05003357"
"DE451WE",10,420772,364277,"E92000001","E19000001","E18000004","E10000007","E07000035","E05003357"
"DE451WF",10,420679,364262,"E92000001","E19000001","E18000004","E10000007","E07000035","E05003357"
"DE451WG",10,421310,364190,"E92000001","E19000001","E18000004","E10000007","E07000035","E05003357"
"DE451WH",10,421342,364115,"E92000001","E19000001","E18000004","E10000007","E07000035","E05003357"
"DE451WJ",10,421240,363939,"E92000001","E19000001","E18000004","E10000007","E07000035","E05003357"
"DE451WL",10,421139,364358,"E92000001","E19000001","E18000004","E10000007","E07000035","E05003357"
"DE451WN",10,421339,364456,"E92000001","E19000001","E18000004","E10000007","E07000035","E05003357"
"DE451WP",10,421396,364398,"E92000001","E19000001","E18000004","E10000007","E07000035","E05003357"
"DE451WQ",10,420992,364506,"E92000001","E19000001","E18000004","E10000007","E07000035","E05003357"
"DE451WR",10,421074,364548,"E92000001","E19000001","E18000004","E10000007","E07000035","E05003357"
"DE451WS",10,421127,364414,"E92000001","E19000001","E18000004","E10000007","E07000035","E05003357"
"DE451XL",10,421825,368566,"E92000001","E19000001","E18000004","E10000007","E07000035","E05003344"
"DE451XQ",10,421825,368566,"E92000001","E19000001","E18000004","E10000007","E07000035","E05003344"
"DE451YA",10,421825,368566,"E92000001","E19000001","E18000004","E10000007","E07000035","E05003344"
"DE451YB",10,421825,368566,"E92000001","E19000001","E18000004","E10000007","E07000035","E05003344"
"DE451YG",10,421825,368566,"E92000001","E19000001","E18000004","E10000007","E07000035","E05003344"
"DE451YH",10,421825,368566,"E92000001","E19000001","E18000004","E10000007","E07000035","E05003344"
"DE451YQ",10,421825,368566,"E92000001","E19000001","E18000004","E10000007","E07000035","E05003344"
"DE451YY",10,421827,368531,"E92000001","E19000001","E18000004","E10000007","E07000035","E05003344"
"DE459AF",10,421825,368566,"E92000001","E19000001","E18000004","E10000007","E07000035","E05003344"
"DE459AR",10,421825,368566,"E92000001","E19000001","E18000004","E10000007","E07000035","E05003344"
"DE459AY",10,421825,368566,"E92000001","E19000001","E18000004","E10000007","E07000035","E05003344"
"DE459BD",10,421825,368566,"E92000001","E19000001","E18000004","E10000007","E07000035","E05003344"
"DE459BE",10,421825,368566,"E92000001","E19000001","E18000004","E10000007","E07000035","E05003344"
"DE5 3AA",10,439874,350401,"E92000001","E19000001","E18000004","E10000007","E07000032","E05003296"
"DE5 3AB",10,439870,350431,"E92000001","E19000001","E18000004","E10000007","E07000032","E05003296"
"DE5 3AD",10,440426,350996,"E92000001","E19000001","E18000004","E10000007","E07000032","E05003296"
"DE5 3AE",10,439867,350453,"E92000001","E19000001","E18000004","E10000007","E07000032","E05003296"
"DE5 3AG",10,439921,350422,"E92000001","E19000001","E18000004","E10000007","E07000032","E05003296"
"DE5 3AH",10,440018,350450,"E92000001","E19000001","E18000004","E10000007","E07000032","E05003296"
"DE5 3AL",10,439938,350454,"E92000001","E19000001","E18000004","E10000007","E07000032","E05003296"
"DE5 3AP",10,440014,350471,"E92000001","E19000001","E18000004","E10000007","E07000032","E05003296"
"DE5 3AQ",10,440482,349575,"E92000001","E19000001","E18000004","E10000007","E07000032","E05003296"
"DE5 3AR",10,439931,350398,"E92000001","E19000001","E18000004","E10000007","E07000032","E05003296"
"DE5 3AS",10,440489,350716,"E92000001","E19000001","E18000004","E10000007","E07000032","E05003296"
"DE5 3AT",10,440193,350490,"E92000001","E19000001","E18000004","E10000007","E07000032","E05003296"
"DE5 3AW",10,440693,350504,"E92000001","E19000001","E18000004","E10000007","E07000032","E05003296"
"DE5 3AX",10,440519,350660,"E92000001","E19000001","E18000004","E10000007","E07000032","E05003296"
"DE5 3AY",10,440738,350624,"E92000001","E19000001","E18000004","E10000007","E07000032","E05003296"
"DE5 3AZ",10,440840,350451,"E92000001","E19000001","E18000004","E10000007","E07000032","E05003296"
"DE5 3BA",10,440669,350633,"E92000001","E19000001","E18000004","E10000007","E07000032","E05003296"
"DE5 3BB",10,440441,350467,"E92000001","E19000001","E18000004","E10000007","E07000032","E05003296"
"DE5 3BD",10,440517,350519,"E92000001","E19000001","E18000004","E10000007","E07000032","E05003296"
"DE5 3BE",10,440528,350383,"E92000001","E19000001","E18000004","E10000007","E07000032","E05003296"
"DE5 3BG",10,440579,350596,"E92000001","E19000001","E18000004","E10000007","E07000032","E05003296"
"DE5 3BH",10,440646,350587,"E92000001","E19000001","E18000004","E10000007","E07000032","E05003296"
"DE5 3BJ",10,440534,350760,"E92000001","E19000001","E18000004","E10000007","E07000032","E05003296"
"DE5 3BL",10,440483,350852,"E92000001","E19000001","E18000004","E10000007","E07000032","E05003296"
"DE5 3BN",10,440052,350503,"E92000001","E19000001","E18000004","E10000007","E07000032","E05003296"
"DE5 3BP",10,439770,350489,"E92000001","E19000001","E18000004","E10000007","E07000032","E05003297"
"DE5 3BR",10,439898,350533,"E92000001","E19000001","E18000004","E10000007","E07000032","E05003296"
"DE5 3BS",10,439794,350555,"E92000001","E19000001","E18000004","E10000007","E07000032","E05003296"
"DE5 3BT",10,439804,350534,"E92000001","E19000001","E18000004","E10000007","E07000032","E05003297"
"DE5 3BU",10,439922,350588,"E92000001","E19000001","E18000004","E10000007","E07000032","E05003296"
"DE5 3BW",10,439905,350559,"E92000001","E19000001","E18000004","E10000007","E07000032","E05003296"
"DE5 3BY",10,439993,350605,"E92000001","E19000001","E18000004","E10000007","E07000032","E05003296"
"DE5 3BZ",10,439009,350258,"E92000001","E19000001","E18000004","E10000007","E07000032","E05003297"
"DE5 3DA",10,439835,350708,"E92000001","E19000001","E18000004","E10000007","E07000032","E05003296"
"DE5 3DB",10,439784,350612,"E92000001","E19000001","E18000004","E10000007","E07000032","E05003296"
"DE5 3DD",10,439876,350804,"E92000001","E19000001","E18000004","E10000007","E07000032","E05003296"
"DE5 3DE",10,439900,350688,"E92000001","E19000001","E18000004","E10000007","E07000032","E05003296"
"DE5 3DF",10,440069,350500,"E92000001","E19000001","E18000004","E10000007","E07000032","E05003296"
"DE5 3DJ",10,440068,350544,"E92000001","E19000001","E18000004","E10000007","E07000032","E05003296"
"DE5 3DL",10,439987,350732,"E92000001","E19000001","E18000004","E10000007","E07000032","E05003296"
"DE5 3DN",10,440054,350658,"E92000001","E19000001","E18000004","E10000007","E07000032","E05003296"
"DE5 3DP",10,440056,350621,"E92000001","E19000001","E18000004","E10000007","E07000032","E05003296"
"DE5 3DQ",10,440058,350746,"E92000001","E19000001","E18000004","E10000007","E07000032","E05003296"
"DE5 3DR",10,440039,350784,"E92000001","E19000001","E18000004","E10000007","E07000032","E05003296"
"DE5 3DS",10,439903,350914,"E92000001","E19000001","E18000004","E10000007","E07000032","E05003296"
"DE5 3DT",10,439924,350995,"E92000001","E19000001","E18000004","E10000007","E07000032","E05003296"
"DE5 3DU",10,439869,351011,"E92000001","E19000001","E18000004","E10000007","E07000032","E05003296"
"DE5 3DW",10,439788,351236,"E92000001","E19000001","E18000004","E10000007","E07000032","E05003296"
"DE5 3DX",10,439836,350902,"E92000001","E19000001","E18000004","E10000007","E07000032","E05003296"
"DE5 3DY",10,439450,351167,"E92000001","E19000001","E18000004","E10000007","E07000032","E05003296"
"DE5 3EA",10,439911,350292,"E92000001","E19000001","E18000004","E10000007","E07000032","E05003296"
"DE5 3EB",10,439839,350681,"E92000001","E19000001","E18000004","E10000007","E07000032","E05003296"
"DE5 3ED",10,439020,350581,"E92000001","E19000001","E18000004","E10000007","E07000032","E05003296"
"DE5 3EE",10,440020,350407,"E92000001","E19000001","E18000004","E10000007","E07000032","E05003296"
"DE5 3EF",10,440133,350406,"E92000001","E19000001","E18000004","E10000007","E07000032","E05003296"
"DE5 3EG",10,440158,350425,"E92000001","E19000001","E18000004","E10000007","E07000032","E05003296"
"DE5 3EH",10,440078,350355,"E92000001","E19000001","E18000004","E10000007","E07000032","E05003296"
"DE5 3EJ",10,440919,350235,"E92000001","E19000001","E18000004","E10000007","E07000032","E05003296"
"DE5 3EL",10,440150,350341,"E92000001","E19000001","E18000004","E10000007","E07000032","E05003296"
"DE5 3EN",10,440018,350269,"E92000001","E19000001","E18000004","E10000007","E07000032","E05003296"
"DE5 3EP",10,439996,350126,"E92000001","E19000001","E18000004","E10000007","E07000032","E05003296"
"DE5 3EQ",10,440083,350207,"E92000001","E19000001","E18000004","E10000007","E07000032","E05003296"
"DE5 3ER",10,440152,350245,"E92000001","E19000001","E18000004","E10000007","E07000032","E05003296"
"DE5 3ES",10,440176,350319,"E92000001","E19000001","E18000004","E10000007","E07000032","E05003296"
"DE5 3ET",10,440309,350284,"E92000001","E19000001","E18000004","E10000007","E07000032","E05003296"
"DE5 3EU",10,440274,350236,"E92000001","E19000001","E18000004","E10000007","E07000032","E05003296"
"DE5 3EW",10,440458,350202,"E92000001","E19000001","E18000004","E10000007","E07000032","E05003296"
"DE5 3EX",10,440520,350237,"E92000001","E19000001","E18000004","E10000007","E07000032","E05003296"
"DE5 3EY",10,440659,350184,"E92000001","E19000001","E18000004","E10000007","E07000032","E05003296"
"DE5 3EZ",10,440758,350261,"E92000001","E19000001","E18000004","E10000007","E07000032","E05003296"
"DE5 3FB",10,440766,350175,"E92000001","E19000001","E18000004","E10000007","E07000032","E05003296"
"DE5 3FD",10,440705,350168,"E92000001","E19000001","E18000004","E10000007","E07000032","E05003296"
"DE5 3FE",10,440658,350338,"E92000001","E19000001","E18000004","E10000007","E07000032","E05003296"
"DE5 3FF",10,439394,351083,"E92000001","E19000001","E18000004","E10000007","E07000032","E05003296"
"DE5 3FG",10,439414,351278,"E92000001","E19000001","E18000004","E10000007","E07000032","E05003296"
"DE5 3FJ",10,439853,350521,"E92000001","E19000001","E18000004","E10000007","E07000032","E05003296"
"DE5 3FL",10,440807,350272,"E92000001","E19000001","E18000004","E10000007","E07000032","E05003296"
"DE5 3FP",10,439565,350617,"E92000001","E19000001","E18000004","E10000007","E07000032","E05003297"
"DE5 3FT",10,439695,350595,"E92000001","E19000001","E18000004","E10000007","E07000032","E05003296"
"DE5 3FW",10,439574,350508,"E92000001","E19000001","E18000004","E10000007","E07000032","E05003297"
"DE5 3FX",10,439528,350536,"E92000001","E19000001","E18000004","E10000007","E07000032","E05003297"
"DE5 3FY",10,439517,350567,"E92000001","E19000001","E18000004","E10000007","E07000032","E05003297"
"DE5 3FZ",10,439451,350553,"E92000001","E19000001","E18000004","E10000007","E07000032","E05003297"
"DE5 3GA",10,439303,350608,"E92000001","E19000001","E18000004","E10000007","E07000032","E05003297"
"DE5 3GB",10,439389,350527,"E92000001","E19000001","E18000004","E10000007","E07000032","E05003297"
"DE5 3GD",10,439350,350406,"E92000001","E19000001","E18000004","E10000007","E07000032","E05003297"
"DE5 3GE",10,439297,350664,"E92000001","E19000001","E18000004","E10000007","E07000032","E05003297"
"DE5 3GF",10,439260,350730,"E92000001","E19000001","E18000004","E10000007","E07000032","E05003296"
"DE5 3GG",10,439074,350531,"E92000001","E19000001","E18000004","E10000007","E07000032","E05003297"
"DE5 3GH",10,438931,350294,"E92000001","E19000001","E18000004","E10000007","E07000032","E05003297"
"DE5 3GJ",10,438708,350069,"E92000001","E19000001","E18000004","E10000007","E07000032","E05003297"
"DE5 3GL",10,439188,350551,"E92000001","E19000001","E18000004","E10000007","E07000032","E05003297"
"DE5 3GN",10,439220,350383,"E92000001","E19000001","E18000004","E10000007","E07000032","E05003297"
"DE5 3GP",10,439288,350504,"E92000001","E19000001","E18000004","E10000007","E07000032","E05003297"
"DE5 3GQ",10,439151,350458,"E92000001","E19000001","E18000004","E10000007","E07000032","E05003297"
"DE5 3GR",10,439308,350284,"E92000001","E19000001","E18000004","E10000007","E07000032","E05003297"
"DE5 3GS",10,439333,350242,"E92000001","E19000001","E18000004","E10000007","E07000032","E05003297"
"DE5 3GT",10,439539,350379,"E92000001","E19000001","E18000004","E10000007","E07000032","E05003297"
"DE5 3GU",10,439419,350823,"E92000001","E19000001","E18000004","E10000007","E07000032","E05003296"
"DE5 3GW",10,439255,350019,"E92000001","E19000001","E18000004","E10000007","E07000032","E05003297"
"DE5 3GX",10,439340,350072,"E92000001","E19000001","E18000004","E10000007","E07000032","E05003297"
"DE5 3GY",10,439387,350149,"E92000001","E19000001","E18000004","E10000007","E07000032","E05003297"
"DE5 3GZ",10,439362,351044,"E92000001","E19000001","E18000004","E10000007","E07000032","E05003296"
"DE5 3HA",10,439788,350476,"E92000001","E19000001","E18000004","E10000007","E07000032","E05003297"
"DE5 3HB",10,439679,350449,"E92000001","E19000001","E18000004","E10000007","E07000032","E05003297"
"DE5 3HD",10,439591,350290,"E92000001","E19000001","E18000004","E10000007","E07000032","E05003297"
"DE5 3HE",10,439489,350130,"E92000001","E19000001","E18000004","E10000007","E07000032","E05003297"
"DE5 3HF",10,439695,350343,"E92000001","E19000001","E18000004","E10000007","E07000032","E05003297"
"DE5 3HG",10,439784,350420,"E92000001","E19000001","E18000004","E10000007","E07000032","E05003297"
"DE5 3HH",10,439856,350364,"E92000001","E19000001","E18000004","E10000007","E07000032","E05003297"
"DE5 3HJ",10,439830,350361,"E92000001","E19000001","E18000004","E10000007","E07000032","E05003297"
"DE5 3HL",10,439761,350317,"E92000001","E19000001","E18000004","E10000007","E07000032","E05003297"
"DE5 3HN",10,439806,350280,"E92000001","E19000001","E18000004","E10000007","E07000032","E05003297"
"DE5 3HP",10,439190,350361,"E92000001","E19000001","E18000004","E10000007","E07000032","E05003297"
"DE5 3HQ",10,439868,350241,"E92000001","E19000001","E18000004","E10000007","E07000032","E05003297"
"DE5 3HR",10,439937,350140,"E92000001","E19000001","E18000004","E10000007","E07000032","E05003296"
"DE5 3HS",10,439984,349878,"E92000001","E19000001","E18000004","E10000007","E07000032","E05003296"
"DE5 3HT",10,439997,349688,"E92000001","E19000001","E18000004","E10000007","E07000032","E05003297"
"DE5 3HU",10,439389,350773,"E92000001","E19000001","E18000004","E10000007","E07000032","E05003296"
"DE5 3HW",10,439925,351242,"E92000001","E19000001","E18000004","E10000007","E07000032","E05003296"
"DE5 3HX",10,439429,350740,"E92000001","E19000001","E18000004","E10000007","E07000032","E05003296"
"DE5 3HY",10,440030,349913,"E92000001","E19000001","E18000004","E10000007","E07000032","E05003296"
"DE5 3HZ",10,440056,349831,"E92000001","E19000001","E18000004","E10000007","E07000032","E05003296"
"DE5 3JA",10,439196,350208,"E92000001","E19000001","E18000004","E10000007","E07000032","E05003297"
"DE5 3JB",10,440993,350094,"E92000001","E19000001","E18000004","E10000007","E07000032","E05003296"
"DE5 3JD",10,439157,350207,"E92000001","E19000001","E18000004","E10000007","E07000032","E05003297"
"DE5 3JE",10,439929,350512,"E92000001","E19000001","E18000004","E10000007","E07000032","E05003296"
"DE5 3JF",10,439947,350487,"E92000001","E19000001","E18000004","E10000007","E07000032","E05003296"
"DE5 3JG",10,440111,349751,"E92000001","E19000001","E18000004","E10000007","E07000032","E05003296"
"DE5 3JH",10,440291,349658,"E92000001","E19000001","E18000004","E10000007","E07000032","E05003296"
"DE5 3JJ",10,440369,349726,"E92000001","E19000001","E18000004","E10000007","E07000032","E05003296"
"DE5 3JL",10,440684,349634,"E92000001","E19000001","E18000004","E10000007","E07000032","E05003296"
"DE5 3JN",10,440617,349683,"E92000001","E19000001","E18000004","E10000007","E07000032","E05003296"
"DE5 3JP",10,438735,350012,"E92000001","E19000001","E18000004","E10000007","E07000032","E05003297"
"DE5 3JQ",10,440835,349755,"E92000001","E19000001","E18000004","E10000007","E07000032","E05003296"
"DE5 3JR",10,441063,350014,"E92000001","E19000001","E18000004","E10000007","E07000032","E05003296"
"DE5 3JS",10,441149,349978,"E92000001","E19000001","E18000004","E10000007","E07000032","E05003296"
"DE5 3JT",10,441012,350251,"E92000001","E19000001","E18000004","E10000007","E07000032","E05003296"
"DE5 3JU",10,439874,350015,"E92000001","E19000001","E18000004","E10000007","E07000032","E05003297"
"DE5 3JW",10,441066,350177,"E92000001","E19000001","E18000004","E10000007","E07000032","E05003296"
"DE5 3JX",10,441419,350191,"E92000001","E19000001","E18000004","E10000007","E07000032","E05003296"
"DE5 3JY",10,441377,350131,"E92000001","E19000001","E18000004","E10000007","E07000032","E05003296"
"DE5 3JZ",10,440924,350098,"E92000001","E19000001","E18000004","E10000007","E07000032","E05003296"
"DE5 3LA",10,440061,350580,"E92000001","E19000001","E18000004","E10000007","E07000032","E05003296"
"DE5 3LB",10,441049,350146,"E92000001","E19000001","E18000004","E10000007","E07000032","E05003296"
"DE5 3LD",10,440127,350628,"E92000001","E19000001","E18000004","E10000007","E07000032","E05003296"
"DE5 3LE",10,440102,350783,"E92000001","E19000001","E18000004","E10000007","E07000032","E05003296"
"DE5 3LF",10,440125,350896,"E92000001","E19000001","E18000004","E10000007","E07000032","E05003296"
"DE5 3LG",10,440093,350963,"E92000001","E19000001","E18000004","E10000007","E07000032","E05003296"
"DE5 3LH",10,440228,350750,"E92000001","E19000001","E18000004","E10000007","E07000032","E05003296"
"DE5 3LJ",10,440366,350414,"E92000001","E19000001","E18000004","E10000007","E07000032","E05003296"
"DE5 3LL",10,440289,350336,"E92000001","E19000001","E18000004","E10000007","E07000032","E05003296"
"DE5 3LN",10,440427,350786,"E92000001","E19000001","E18000004","E10000007","E07000032","E05003296"
"DE5 3LP",10,440306,350913,"E92000001","E19000001","E18000004","E10000007","E07000032","E05003296"
"DE5 3LQ",10,440272,350782,"E92000001","E19000001","E18000004","E10000007","E07000032","E05003296"
"DE5 3LR",10,440304,350719,"E92000001","E19000001","E18000004","E10000007","E07000032","E05003296"
"DE5 3LS",10,440265,350827,"E92000001","E19000001","E18000004","E10000007","E07000032","E05003296"
"DE5 3LT",10,439956,350895,"E92000001","E19000001","E18000004","E10000007","E07000032","E05003296"
"DE5 3LU",10,440082,350933,"E92000001","E19000001","E18000004","E10000007","E07000032","E05003296"
"DE5 3LW",10,440023,351071,"E92000001","E19000001","E18000004","E10000007","E07000032","E05003296"
"DE5 3LX",10,439931,351202,"E92000001","E19000001","E18000004","E10000007","E07000032","E05003296"
"DE5 3LY",10,439933,351146,"E92000001","E19000001","E18000004","E10000007","E07000032","E05003296"
"DE5 3LZ",10,439960,351289,"E92000001","E19000001","E18000004","E10000007","E07000032","E05003296"
"DE5 3NA",10,440501,350137,"E92000001","E19000001","E18000004","E10000007","E07000032","E05003296"
"DE5 3NB",10,441285,350318,"E92000001","E19000001","E18000004","E10000007","E07000032","E05003296"
"DE5 3ND",10,441443,350538,"E92000001","E19000001","E18000004","E10000007","E07000032","E05003296"
"DE5 3NE",10,440317,350129,"E92000001","E19000001","E18000004","E10000007","E07000032","E05003296"
"DE5 3NF",10,440306,350546,"E92000001","E19000001","E18000004","E10000007","E07000032","E05003296"
"DE5 3NG",10,440383,350085,"E92000001","E19000001","E18000004","E10000007","E07000032","E05003296"
"DE5 3NH",10,440943,349974,"E92000001","E19000001","E18000004","E10000007","E07000032","E05003296"
"DE5 3NJ",10,440482,350049,"E92000001","E19000001","E18000004","E10000007","E07000032","E05003296"
"DE5 3NL",10,440163,350902,"E92000001","E19000001","E18000004","E10000007","E07000032","E05003296"
"DE5 3NN",10,440413,350096,"E92000001","E19000001","E18000004","E10000007","E07000032","E05003296"
"DE5 3NP",10,439955,349980,"E92000001","E19000001","E18000004","E10000007","E07000032","E05003296"
"DE5 3NQ",10,440282,350440,"E92000001","E19000001","E18000004","E10000007","E07000032","E05003296"
"DE5 3NR",10,439431,350187,"E92000001","E19000001","E18000004","E10000007","E07000032","E05003297"
"DE5 3NS",10,439323,350009,"E92000001","E19000001","E18000004","E10000007","E07000032","E05003297"
"DE5 3NT",10,441800,350428,"E92000001","E19000001","E18000004","E10000007","E07000032","E05003286"
"DE5 3NU",10,440417,349516,"E92000001","E19000001","E18000004","E10000007","E07000032","E05003296"
"DE5 3NW",10,441631,350317,"E92000001","E19000001","E18000004","E10000007","E07000032","E05003296"
"DE5 3NX",10,439602,350189,"E92000001","E19000001","E18000004","E10000007","E07000032","E05003297"
"DE5 3NY",10,439559,350094,"E92000001","E19000001","E18000004","E10000007","E07000032","E05003297"
"DE5 3PA",10,439782,350092,"E92000001","E19000001","E18000004","E10000007","E07000032","E05003297"
"DE5 3PB",10,439851,349995,"E92000001","E19000001","E18000004","E10000007","E07000032","E05003297"
"DE5 3PD",10,439757,350088,"E92000001","E19000001","E18000004","E10000007","E07000032","E05003297"
"DE5 3PE",10,439712,350071,"E92000001","E19000001","E18000004","E10000007","E07000032","E05003297"
"DE5 3PF",10,439790,349919,"E92000001","E19000001","E18000004","E10000007","E07000032","E05003297"
"DE5 3PG",10,439925,349863,"E92000001","E19000001","E18000004","E10000007","E07000032","E05003297"
"DE5 3PH",10,439831,349853,"E92000001","E19000001","E18000004","E10000007","E07000032","E05003297"
"DE5 3PJ",10,439790,349723,"E92000001","E19000001","E18000004","E10000007","E07000032","E05003297"
"DE5 3PL",10,439728,349813,"E92000001","E19000001","E18000004","E10000007","E07000032","E05003297"
"DE5 3PN",10,439691,349838,"E92000001","E19000001","E18000004","E10000007","E07000032","E05003297"
"DE5 3PP",10,439904,349728,"E92000001","E19000001","E18000004","E10000007","E07000032","E05003297"
"DE5 3PQ",10,439890,349670,"E92000001","E19000001","E18000004","E10000007","E07000032","E05003297"
"DE5 3PR",10,439671,349657,"E92000001","E19000001","E18000004","E10000007","E07000032","E05003297"
"DE5 3PS",10,439705,349566,"E92000001","E19000001","E18000004","E10000007","E07000032","E05003297"
"DE5 3PT",10,439685,349479,"E92000001","E19000001","E18000004","E10000007","E07000032","E05003297"
"DE5 3PU",10,439767,349458,"E92000001","E19000001","E18000004","E10000007","E07000032","E05003297"
"DE5 3PW",10,439837,349513,"E92000001","E19000001","E18000004","E10000007","E07000032","E05003297"
"DE5 3PX",10,439892,349592,"E92000001","E19000001","E18000004","E10000007","E07000032","E05003297"
"DE5 3PY",10,439511,349991,"E92000001","E19000001","E18000004","E10000007","E07000032","E05003297"
"DE5 3PZ",10,439648,350004,"E92000001","E19000001","E18000004","E10000007","E07000032","E05003297"
"DE5 3QA",10,439618,349994,"E92000001","E19000001","E18000004","E10000007","E07000032","E05003297"
"DE5 3QD",10,440947,349731,"E92000001","E19000001","E18000004","E10000007","E07000032","E05003286"
"DE5 3QL",10,440483,349440,"E92000001","E19000001","E18000004","E10000007","E07000032","E05003296"
"DE5 3QN",10,439433,349792,"E92000001","E19000001","E18000004","E10000007","E07000032","E05003297"
"DE5 3QP",10,440502,351017,"E92000001","E19000001","E18000004","E10000007","E07000032","E05003296"
"DE5 3QR",10,440725,349826,"E92000001","E19000001","E18000004","E10000007","E07000032","E05003296"
"DE5 3QS",10,439532,349751,"E92000001","E19000001","E18000004","E10000007","E07000032","E05003297"
"DE5 3QT",10,439972,350437,"E92000001","E19000001","E18000004","E10000007","E07000032","E05003296"
"DE5 3QU",10,440936,351404,"E92000001","E19000001","E18000004","E10000007","E07000032","E05003296"
"DE5 3QW",10,441643,351393,"E92000001","E19000001","E18000004","E10000007","E07000032","E05003296"
"DE5 3QX",10,439770,350489,"E92000001","E19000001","E18000004","E10000007","E07000032","E05003297"
"DE5 3QY",10,440531,352065,"E92000001","E19000001","E18000004","E10000007","E07000032","E05003301"
"DE5 3QZ",10,440028,351579,"E92000001","E19000001","E18000004","E10000007","E07000032","E05003296"
"DE5 3RA",10,439580,351504,"E92000001","E19000001","E18000004","E10000007","E07000032","E05003296"
"DE5 3RB",10,439646,351421,"E92000001","E19000001","E18000004","E10000007","E07000032","E05003296"
"DE5 3RD",10,439700,351942,"E92000001","E19000001","E18000004","E10000007","E07000032","E05003302"
"DE5 3RE",10,438997,352440,"E92000001","E19000001","E18000004","E10000007","E07000032","E05003302"
"DE5 3RG",10,439508,353201,"E92000001","E19000001","E18000004","E10000007","E07000032","E05003302"
"DE5 3RH",10,437793,351956,"E92000001","E19000001","E18000004","E10000007","E07000032","E05003302"
"DE5 3RJ",10,437987,353088,"E92000001","E19000001","E18000004","E10000007","E07000032","E05003302"
"DE5 3RL",10,438318,353889,"E92000001","E19000001","E18000004","E10000007","E07000032","E05003302"
"DE5 3RN",10,437607,351405,"E92000001","E19000001","E18000004","E10000007","E07000032","E05003289"
"DE5 3RP",10,438187,351515,"E92000001","E19000001","E18000004","E10000007","E07000032","E05003302"
"DE5 3RQ",10,438024,351248,"E92000001","E19000001","E18000004","E10000007","E07000032","E05003289"
"DE5 3RR",10,438914,352816,"E92000001","E19000001","E18000004","E10000007","E07000032","E05003302"
"DE5 3RS",10,440427,351377,"E92000001","E19000001","E18000004","E10000007","E07000032","E05003296"
"DE5 3RT",10,439402,349797,"E92000001","E19000001","E18000004","E10000007","E07000032","E05003297"
"DE5 3RU",10,439324,349805,"E92000001","E19000001","E18000004","E10000007","E07000032","E05003297"
"DE5 3RW",10,439320,349916,"E92000001","E19000001","E18000004","E10000007","E07000032","E05003297"
"DE5 3RX",10,439327,349732,"E92000001","E19000001","E18000004","E10000007","E07000032","E05003297"
"DE5 3RY",10,439496,349820,"E92000001","E19000001","E18000004","E10000007","E07000032","E05003297"
"DE5 3RZ",10,441402,350413,"E92000001","E19000001","E18000004","E10000007","E07000032","E05003296"
"DE5 3SA",10,439512,350875,"E92000001","E19000001","E18000004","E10000007","E07000032","E05003296"
"DE5 3SB",10,439531,351116,"E92000001","E19000001","E18000004","E10000007","E07000032","E05003296"
"DE5 3SD",10,439490,350990,"E92000001","E19000001","E18000004","E10000007","E07000032","E05003296"
"DE5 3SE",10,439529,350932,"E92000001","E19000001","E18000004","E10000007","E07000032","E05003296"
"DE5 3SF",10,439624,350697,"E92000001","E19000001","E18000004","E10000007","E07000032","E05003296"
"DE5 3SG",10,439588,350770,"E92000001","E19000001","E18000004","E10000007","E07000032","E05003296"
"DE5 3SH",10,439528,350730,"E92000001","E19000001","E18000004","E10000007","E07000032","E05003296"
"DE5 3SJ",10,439681,350274,"E92000001","E19000001","E18000004","E10000007","E07000032","E05003297"
"DE5 3SL",10,440278,350498,"E92000001","E19000001","E18000004","E10000007","E07000032","E05003296"
"DE5 3SN",10,440573,350133,"E92000001","E19000001","E18000004","E10000007","E07000032","E05003296"
"DE5 3SP",10,439159,350836,"E92000001","E19000001","E18000004","E10000007","E07000032","E05003296"
"DE5 3SQ",10,439287,350903,"E92000001","E19000001","E18000004","E10000007","E07000032","E05003296"
"DE5 3SR",10,439146,351083,"E92000001","E19000001","E18000004","E10000007","E07000032","E05003296"
"DE5 3SS",10,439143,350941,"E92000001","E19000001","E18000004","E10000007","E07000032","E05003296"
"DE5 3ST",10,439140,351166,"E92000001","E19000001","E18000004","E10000007","E07000032","E05003296"
"DE5 3SU",10,440626,351083,"E92000001","E19000001","E18000004","E10000007","E07000032","E05003296"
"DE5 3SW",10,439624,351827,"E92000001","E19000001","E18000004","E10000007","E07000032","E05003302"
"DE5 3SX",10,440045,350859,"E92000001","E19000001","E18000004","E10000007","E07000032","E05003296"
"DE5 3SY",10,440321,350988,"E92000001","E19000001","E18000004","E10000007","E07000032","E05003296"
"DE5 3SZ",10,439770,350489,"E92000001","E19000001","E18000004","E10000007","E07000032","E05003297"
"DE5 3TA",10,439115,350147,"E92000001","E19000001","E18000004","E10000007","E07000032","E05003297"
"DE5 3TB",10,439057,350182,"E92000001","E19000001","E18000004","E10000007","E07000032","E05003297"
"DE5 3TD",10,439493,350306,"E92000001","E19000001","E18000004","E10000007","E07000032","E05003297"
"DE5 3TE",10,439026,350127,"E92000001","E19000001","E18000004","E10000007","E07000032","E05003297"
"DE5 3TF",10,440090,349571,"E92000001","E19000001","E18000004","E10000007","E07000032","E05003296"
"DE5 3TG",10,439554,351422,"E92000001","E19000001","E18000004","E10000007","E07000032","E05003296"
"DE5 3TH",10,440136,349603,"E92000001","E19000001","E18000004","E10000007","E07000032","E05003296"
"DE5 3TJ",10,440203,349581,"E92000001","E19000001","E18000004","E10000007","E07000032","E05003296"
"DE5 3TL",10,440176,349676,"E92000001","E19000001","E18000004","E10000007","E07000032","E05003296"
"DE5 3TP",10,440179,349454,"E92000001","E19000001","E18000004","E10000007","E07000032","E05003296"
"DE5 3TQ",10,440741,350432,"E92000001","E19000001","E18000004","E10000007","E07000032","E05003296"
"DE5 3TR",10,440239,349460,"E92000001","E19000001","E18000004","E10000007","E07000032","E05003296"
"DE5 3TS",10,440187,350136,"E92000001","E19000001","E18000004","E10000007","E07000032","E05003296"
"DE5 3TU",10,439770,350489,"E92000001","E19000001","E18000004","E10000007","E07000032","E05003297"
"DE5 3TW",10,439575,350349,"E92000001","E19000001","E18000004","E10000007","E07000032","E05003297"
"DE5 3TX",10,440368,350738,"E92000001","E19000001","E18000004","E10000007","E07000032","E05003296"
"DE5 3TY",10,440846,350285,"E92000001","E19000001","E18000004","E10000007","E07000032","E05003296"
"DE5 3TZ",10,438715,352053,"E92000001","E19000001","E18000004","E10000007","E07000032","E05003302"
"DE5 3UA",10,440971,350187,"E92000001","E19000001","E18000004","E10000007","E07000032","E05003296"
"DE5 3UB",10,440263,351696,"E92000001","E19000001","E18000004","E10000007","E07000032","E05003296"
"DE5 3UD",10,439752,350352,"E92000001","E19000001","E18000004","E10000007","E07000032","E05003297"
"DE5 3UE",10,439704,351502,"E92000001","E19000001","E18000004","E10000007","E07000032","E05003296"
"DE5 3UF",10,439692,351475,"E92000001","E19000001","E18000004","E10000007","E07000032","E05003296"
"DE5 3UG",10,440320,351664,"E92000001","E19000001","E18000004","E10000007","E07000032","E05003296"
"DE5 3UH",10,440378,351587,"E92000001","E19000001","E18000004","E10000007","E07000032","E05003296"
"DE5 3UJ",10,440371,351690,"E92000001","E19000001","E18000004","E10000007","E07000032","E05003296"
"DE5 3UL",10,439735,350640,"E92000001","E19000001","E18000004","E10000007","E07000032","E05003296"
"DE5 3UN",10,439716,350750,"E92000001","E19000001","E18000004","E10000007","E07000032","E05003296"
"DE5 3UP",10,440290,351560,"E92000001","E19000001","E18000004","E10000007","E07000032","E05003296"
"DE5 3UQ",10,440236,351597,"E92000001","E19000001","E18000004","E10000007","E07000032","E05003296"
"DE5 3US",10,439372,351808,"E92000001","E19000001","E18000004","E10000007","E07000032","E05003302"
"DE5 3UW",10,439709,350713,"E92000001","E19000001","E18000004","E10000007","E07000032","E05003296"
"DE5 3UX",10,439979,349716,"E92000001","E19000001","E18000004","E10000007","E07000032","E05003297"
"DE5 3UZ",10,439992,351628,"E92000001","E19000001","E18000004","E10000007","E07000032","E05003296"
"DE5 3WB",10,440606,350295,"E92000001","E19000001","E18000004","E10000007","E07000032","E05003296"
"DE5 3WG",10,439983,350877,"E92000001","E19000001","E18000004","E10000007","E07000032","E05003296"
"DE5 3WZ",10,439770,350489,"E92000001","E19000001","E18000004","E10000007","E07000032","E05003297"
"DE5 3XB",10,439770,350489,"E92000001","E19000001","E18000004","E10000007","E07000032","E05003297"
"DE5 3XD",10,439770,350489,"E92000001","E19000001","E18000004","E10000007","E07000032","E05003297"
"DE5 3XE",10,439770,350489,"E92000001","E19000001","E18000004","E10000007","E07000032","E05003297"
"DE5 3XG",10,439770,350489,"E92000001","E19000001","E18000004","E10000007","E07000032","E05003297"
"DE5 3XR",10,439770,350489,"E92000001","E19000001","E18000004","E10000007","E07000032","E05003297"
"DE5 3YA",10,439932,350332,"E92000001","E19000001","E18000004","E10000007","E07000032","E05003296"
"DE5 3YJ",10,439770,350489,"E92000001","E19000001","E18000004","E10000007","E07000032","E05003297"
"DE5 3YL",10,439770,350489,"E92000001","E19000001","E18000004","E10000007","E07000032","E05003297"
"DE5 3YN",10,439770,350489,"E92000001","E19000001","E18000004","E10000007","E07000032","E05003297"
"DE5 3YQ",10,439770,350489,"E92000001","E19000001","E18000004","E10000007","E07000032","E05003297"
"DE5 3YX",10,439770,350489,"E92000001","E19000001","E18000004","E10000007","E07000032","E05003297"
"DE5 3ZG",10,439770,350489,"E92000001","E19000001","E18000004","E10000007","E07000032","E05003297"
"DE5 3ZT",10,439770,350489,"E92000001","E19000001","E18000004","E10000007","E07000032","E05003297"
"DE5 3ZZ",10,439770,350489,"E92000001","E19000001","E18000004","E10000007","E07000032","E05003297"
"DE5 4AB",10,439770,350489,"E92000001","E19000001","E18000004","E10000007","E07000032","E05003297"
"DE5 4AD",10,439770,350489,"E92000001","E19000001","E18000004","E10000007","E07000032","E05003297"
"DE5 4AL",10,439770,350489,"E92000001","E19000001","E18000004","E10000007","E07000032","E05003297"
"DE5 4BB",10,439770,350489,"E92000001","E19000001","E18000004","E10000007","E07000032","E05003297"
"DE5 4BP",10,439770,350489,"E92000001","E19000001","E18000004","E10000007","E07000032","E05003297"
"DE5 4BU",10,439770,350489,"E92000001","E19000001","E18000004","E10000007","E07000032","E05003297"
"DE5 4SA",10,439809,350525,"E92000001","E19000001","E18000004","E10000007","E07000032","E05003297"
"DE5 4SB",10,439755,350519,"E92000001","E19000001","E18000004","E10000007","E07000032","E05003297"
"DE5 4SD",10,439755,350519,"E92000001","E19000001","E18000004","E10000007","E07000032","E05003297"
"DE5 4SE",10,439755,350519,"E92000001","E19000001","E18000004","E10000007","E07000032","E05003297"
"DE5 4SF",10,439755,350519,"E92000001","E19000001","E18000004","E10000007","E07000032","E05003297"
"DE5 4SG",10,439755,350519,"E92000001","E19000001","E18000004","E10000007","E07000032","E05003297"
"DE5 4SH",10,439755,350519,"E92000001","E19000001","E18000004","E10000007","E07000032","E05003297"
"DE5 4SJ",10,439755,350519,"E92000001","E19000001","E18000004","E10000007","E07000032","E05003297"
"DE5 4SL",10,439755,350519,"E92000001","E19000001","E18000004","E10000007","E07000032","E05003297"
"DE5 4SN",10,439755,350519,"E92000001","E19000001","E18000004","E10000007","E07000032","E05003297"
"DE5 4SP",10,439755,350519,"E92000001","E19000001","E18000004","E10000007","E07000032","E05003297"
"DE5 4SQ",10,439755,350519,"E92000001","E19000001","E18000004","E10000007","E07000032","E05003297"
"DE5 4SR",10,439755,350519,"E92000001","E19000001","E18000004","E10000007","E07000032","E05003297"
"DE5 4SS",10,439755,350519,"E92000001","E19000001","E18000004","E10000007","E07000032","E05003297"
"DE5 4ST",10,439755,350519,"E92000001","E19000001","E18000004","E10000007","E07000032","E05003297"
"DE5 4SU",10,439755,350519,"E92000001","E19000001","E18000004","E10000007","E07000032","E05003297"
"DE5 4SW",10,439755,350519,"E92000001","E19000001","E18000004","E10000007","E07000032","E05003297"
"DE5 4SX",10,439755,350519,"E92000001","E19000001","E18000004","E10000007","E07000032","E05003297"
"DE5 4SY",10,439755,350519,"E92000001","E19000001","E18000004","E10000007","E07000032","E05003297"
"DE5 4SZ",10,439755,350519,"E92000001","E19000001","E18000004","E10000007","E07000032","E05003297"
"DE5 4TA",10,439755,350519,"E92000001","E19000001","E18000004","E10000007","E07000032","E05003297"
"DE5 4TB",10,439755,350519,"E92000001","E19000001","E18000004","E10000007","E07000032","E05003297"
"DE5 4TD",10,439755,350519,"E92000001","E19000001","E18000004","E10000007","E07000032","E05003297"
"DE5 4TE",10,439755,350519,"E92000001","E19000001","E18000004","E10000007","E07000032","E05003297"
"DE5 4TF",50,439755,350519,"E92000001","E19000001","E18000004","E10000007","E07000032","E05003297"
"DE5 4TG",50,439755,350519,"E92000001","E19000001","E18000004","E10000007","E07000032","E05003297"
"DE5 4TH",50,439755,350519,"E92000001","E19000001","E18000004","E10000007","E07000032","E05003297"
"DE5 4ZY",10,439755,350519,"E92000001","E19000001","E18000004","E10000007","E07000032","E05003297"
"DE5 4ZZ",50,439755,350519,"E92000001","E19000001","E18000004","E10000007","E07000032","E05003297"
"DE5 8AF",10,439924,348560,"E92000001","E19000001","E18000004","E10000007","E07000032","E05003297"
"DE5 8HN",10,440095,349099,"E92000001","E19000001","E18000004","E10000007","E07000032","E05003296"
"DE5 8HP",10,439957,348770,"E92000001","E19000001","E18000004","E10000007","E07000032","E05003297"
"DE5 8HQ",10,439978,349298,"E92000001","E19000001","E18000004","E10000007","E07000032","E05003297"
"DE5 8HR",10,439956,348838,"E92000001","E19000001","E18000004","E10000007","E07000032","E05003297"
"DE5 8HS",10,439935,348907,"E92000001","E19000001","E18000004","E10000007","E07000032","E05003297"
"DE5 8HT",10,438424,349591,"E92000001","E19000001","E18000004","E10000007","E07000032","E05003289"
"DE5 8HU",10,440014,349369,"E92000001","E19000001","E18000004","E10000007","E07000032","E05003296"
"DE5 8HW",10,439889,348788,"E92000001","E19000001","E18000004","E10000007","E07000032","E05003297"
"DE5 8HX",10,440018,349127,"E92000001","E19000001","E18000004","E10000007","E07000032","E05003297"
"DE5 8HY",10,440042,349440,"E92000001","E19000001","E18000004","E10000007","E07000032","E05003296"
"DE5 8HZ",10,439902,349193,"E92000001","E19000001","E18000004","E10000007","E07000032","E05003297"
"DE5 8JA",10,439846,349458,"E92000001","E19000001","E18000004","E10000007","E07000032","E05003297"
"DE5 8JB",10,439753,349168,"E92000001","E19000001","E18000004","E10000007","E07000032","E05003297"
"DE5 8JD",10,439916,349039,"E92000001","E19000001","E18000004","E10000007","E07000032","E05003297"
"DE5 8JE",10,439821,348838,"E92000001","E19000001","E18000004","E10000007","E07000032","E05003297"
"DE5 8JF",10,439657,348578,"E92000001","E19000001","E18000004","E10000007","E07000032","E05003297"
"DE5 8JG",10,439384,348622,"E92000001","E19000001","E18000004","E10000007","E07000032","E05003297"
"DE5 8JJ",10,439868,349339,"E92000001","E19000001","E18000004","E10000007","E07000032","E05003297"
"DE5 8JL",10,439806,349312,"E92000001","E19000001","E18000004","E10000007","E07000032","E05003297"
"DE5 8JN",10,439975,348613,"E92000001","E19000001","E18000004","E10000007","E07000032","E05003297"
"DE5 8JP",10,439486,348565,"E92000001","E19000001","E18000004","E10000007","E07000032","E05003297"
"DE5 8JQ",10,439408,348551,"E92000001","E19000001","E18000004","E10000007","E07000032","E05003297"
"DE5 8JR",10,439715,349404,"E92000001","E19000001","E18000004","E10000007","E07000032","E05003297"
"DE5 8JS",10,438437,346192,"E92000001","E19000001","E18000004","E10000007","E07000032","E05008523"
"DE5 8JT",10,439779,348804,"E92000001","E19000001","E18000004","E10000007","E07000032","E05003297"
"DE5 8JU",10,439806,348519,"E92000001","E19000001","E18000004","E10000007","E07000032","E05003297"
"DE5 8JW",10,439914,349091,"E92000001","E19000001","E18000004","E10000007","E07000032","E05003297"
"DE5 8JX",10,439494,348227,"E92000001","E19000001","E18000004","E10000007","E07000032","E05008523"
"DE5 8JY",10,439535,348346,"E92000001","E19000001","E18000004","E10000007","E07000032","E05008523"
"DE5 8JZ",10,439337,347836,"E92000001","E19000001","E18000004","E10000007","E07000032","E05008523"
"DE5 8LA",10,439855,348310,"E92000001","E19000001","E18000004","E10000007","E07000032","E05008523"
"DE5 8LB",10,439827,348375,"E92000001","E19000001","E18000004","E10000007","E07000032","E05008523"
"DE5 8LD",10,439803,348386,"E92000001","E19000001","E18000004","E10000007","E07000032","E05008523"
"DE5 8LE",10,439761,348307,"E92000001","E19000001","E18000004","E10000007","E07000032","E05008523"
"DE5 8LG",10,437930,346270,"E92000001","E19000001","E18000004","E10000007","E07000032","E05008523"
"DE5 8LH",10,439652,348294,"E92000001","E19000001","E18000004","E10000007","E07000032","E05008523"
"DE5 8LJ",10,439652,348294,"E92000001","E19000001","E18000004","E10000007","E07000032","E05008523"
"DE5 8NA",10,438701,347092,"E92000001","E19000001","E18000004","E10000007","E07000032","E05008523"
"DE5 8NB",10,438150,347414,"E92000001","E19000001","E18000004","E10000007","E07000032","E05008523"
"DE5 8ND",10,438625,347247,"E92000001","E19000001","E18000004","E10000007","E07000032","E05008523"
"DE5 8NE",10,438543,348481,"E92000001","E19000001","E18000004","E10000007","E07000032","E05003289"
"DE5 8NF",10,438482,348740,"E92000001","E19000001","E18000004","E10000007","E07000032","E05003289"
"DE5 8NJ",10,439413,347564,"E92000001","E19000001","E18000004","E10000007","E07000032","E05008523"
"DE5 8NL",10,438806,346933,"E92000001","E19000001","E18000004","E10000007","E07000032","E05008523"
"DE5 8NN",10,439494,347698,"E92000001","E19000001","E18000004","E10000007","E07000032","E05008523"
"DE5 8NP",10,438605,347015,"E92000001","E19000001","E18000004","E10000007","E07000032","E05008523"
"DE5 8NQ",10,438206,346607,"E92000001","E19000001","E18000004","E10000007","E07000032","E05008523"
"DE5 8NR",10,438269,346653,"E92000001","E19000001","E18000004","E10000007","E07000032","E05008523"
"DE5 8NS",10,438299,346558,"E92000001","E19000001","E18000004","E10000007","E07000032","E05008523"
"DE5 8NT",10,438385,346594,"E92000001","E19000001","E18000004","E10000007","E07000032","E05008523"
"DE5 8NU",10,438817,347012,"E92000001","E19000001","E18000004","E10000007","E07000032","E05008523"
"DE5 8NW",10,438708,346832,"E92000001","E19000001","E18000004","E10000007","E07000032","E05008523"
"DE5 8NX",10,439217,347416,"E92000001","E19000001","E18000004","E10000007","E07000032","E05008523"
"DE5 8PA",10,439450,346305,"E92000001","E19000001","E18000004","E10000007","E07000032","E05008523"
"DE5 8PB",10,439489,346242,"E92000001","E19000001","E18000004","E10000007","E07000032","E05008523"
"DE5 8PD",10,440108,346508,"E92000001","E19000001","E18000004","E10000007","E07000032","E05008523"
"DE5 8PE",10,439668,346224,"E92000001","E19000001","E18000004","E10000007","E07000032","E05008523"
"DE5 8PF",10,440569,346038,"E92000001","E19000001","E18000004","E10000007","E07000032","E05008523"
"DE5 8PG",10,439800,346484,"E92000001","E19000001","E18000004","E10000007","E07000032","E05008523"
"DE5 8PH",10,439692,346449,"E92000001","E19000001","E18000004","E10000007","E07000032","E05008523"
"DE5 8PJ",10,440125,346584,"E92000001","E19000001","E18000004","E10000007","E07000032","E05008523"
"DE5 8PL",10,440606,346856,"E92000001","E19000001","E18000004","E10000007","E07000032","E05008523"
"DE5 8PN",10,441129,347415,"E92000001","E19000001","E18000004","E10000007","E07000032","E05008523"
"DE5 8PP",10,441419,347606,"E92000001","E19000001","E18000004","E10000007","E07000032","E05003290"
"DE5 8PQ",10,441439,347764,"E92000001","E19000001","E18000004","E10000007","E07000032","E05003290"
"DE5 8PR",10,441405,347687,"E92000001","E19000001","E18000004","E10000007","E07000032","E05003290"
"DE5 8PS",10,441018,347502,"E92000001","E19000001","E18000004","E10000007","E07000032","E05008523"
"DE5 8PT",10,441072,347848,"E92000001","E19000001","E18000004","E10000007","E07000032","E05008523"
"DE5 8PW",10,440923,347158,"E92000001","E19000001","E18000004","E10000007","E07000032","E05008523"
"DE5 8PX",10,438144,347410,"E92000001","E19000001","E18000004","E10000007","E07000032","E05008523"
"DE5 8PY",10,439669,346525,"E92000001","E19000001","E18000004","E10000007","E07000032","E05008523"
"DE5 8RA",10,438028,346359,"E92000001","E19000001","E18000004","E10000007","E07000032","E05008523"
"DE5 8RB",10,438016,346432,"E92000001","E19000001","E18000004","E10000007","E07000032","E05008523"
"DE5 8RD",10,438057,346477,"E92000001","E19000001","E18000004","E10000007","E07000032","E05008523"
"DE5 8RE",10,438245,346227,"E92000001","E19000001","E18000004","E10000007","E07000032","E05008523"
"DE5 8RF",10,438155,346369,"E92000001","E19000001","E18000004","E10000007","E07000032","E05008523"
"DE5 8RG",10,438256,346449,"E92000001","E19000001","E18000004","E10000007","E07000032","E05008523"
"DE5 8RH",10,437984,346592,"E92000001","E19000001","E18000004","E10000007","E07000032","E05008523"
"DE5 9AB",10,441922,348839,"E92000001","E19000001","E18000004","E10000007","E07000032","E05003286"
"DE5 9AD",10,441971,349385,"E92000001","E19000001","E18000004","E10000007","E07000032","E05003286"
"DE5 9AE",10,441842,349983,"E92000001","E19000001","E18000004","E10000007","E07000032","E05003286"
"DE5 9AN",10,441183,349305,"E92000001","E19000001","E18000004","E10000007","E07000032","E05003286"
"DE5 9PN",10,441402,349640,"E92000001","E19000001","E18000004","E10000007","E07000032","E05003286"
"DE5 9PP",10,441633,350113,"E92000001","E19000001","E18000004","E10000007","E07000032","E05003286"
"DE5 9PW",10,441397,349706,"E92000001","E19000001","E18000004","E10000007","E07000032","E05003286"
"DE5 9QA",10,441986,349617,"E92000001","E19000001","E18000004","E10000007","E07000032","E05003286"
"DE5 9QB",10,441955,349752,"E92000001","E19000001","E18000004","E10000007","E07000032","E05003286"
"DE5 9QD",10,441895,349724,"E92000001","E19000001","E18000004","E10000007","E07000032","E05003286"
"DE5 9QF",10,441868,349669,"E92000001","E19000001","E18000004","E10000007","E07000032","E05003286"
"DE5 9QG",10,441616,349688,"E92000001","E19000001","E18000004","E10000007","E07000032","E05003286"
"DE5 9QH",10,441575,349757,"E92000001","E19000001","E18000004","E10000007","E07000032","E05003286"
"DE5 9QJ",10,441582,349780,"E92000001","E19000001","E18000004","E10000007","E07000032","E05003286"
"DE5 9QL",10,441584,349894,"E92000001","E19000001","E18000004","E10000007","E07000032","E05003286"
"DE5 9QN",10,441643,349886,"E92000001","E19000001","E18000004","E10000007","E07000032","E05003286"
"DE5 9QP",10,441764,349912,"E92000001","E19000001","E18000004","E10000007","E07000032","E05003286"
"DE5 9QQ",10,441786,349851,"E92000001","E19000001","E18000004","E10000007","E07000032","E05003286"
"DE5 9QR",10,441823,349802,"E92000001","E19000001","E18000004","E10000007","E07000032","E05003286"
"DE5 9QS",10,441891,349978,"E92000001","E19000001","E18000004","E10000007","E07000032","E05003286"
"DE5 9QT",10,441932,349950,"E92000001","E19000001","E18000004","E10000007","E07000032","E05003286"
"DE5 9QU",10,441737,350146,"E92000001","E19000001","E18000004","E10000007","E07000032","E05003286"
"DE5 9QW",10,441754,350201,"E92000001","E19000001","E18000004","E10000007","E07000032","E05003286"
"DE5 9QX",10,442396,350590,"E92000001","E19000001","E18000004","E10000007","E07000032","E05003293"
"DE5 9QY",10,442051,349857,"E92000001","E19000001","E18000004","E10000007","E07000032","E05003286"
"DE5 9QZ",10,442050,350019,"E92000001","E19000001","E18000004","E10000007","E07000032","E05003286"
"DE5 9RA",10,441708,350075,"E92000001","E19000001","E18000004","E10000007","E07000032","E05003286"
"DE5 9RB",10,441672,349979,"E92000001","E19000001","E18000004","E10000007","E07000032","E05003286"
"DE5 9RD",10,441764,350027,"E92000001","E19000001","E18000004","E10000007","E07000032","E05003286"
"DE5 9RE",10,441978,349559,"E92000001","E19000001","E18000004","E10000007","E07000032","E05003286"
"DE5 9RF",10,441458,349846,"E92000001","E19000001","E18000004","E10000007","E07000032","E05003286"
"DE5 9RG",10,442187,349517,"E92000001","E19000001","E18000004","E10000007","E07000032","E05003286"
"DE5 9RH",10,442166,349404,"E92000001","E19000001","E18000004","E10000007","E07000032","E05003286"
"DE5 9RJ",10,442316,349368,"E92000001","E19000001","E18000004","E10000007","E07000032","E05003286"
"DE5 9RL",10,442692,349190,"E92000001","E19000001","E18000004","E10000007","E07000032","E05003286"
"DE5 9RN",10,441868,349423,"E92000001","E19000001","E18000004","E10000007","E07000032","E05003286"
"DE5 9RP",10,441669,349420,"E92000001","E19000001","E18000004","E10000007","E07000032","E05003286"
"DE5 9RQ",10,441781,349545,"E92000001","E19000001","E18000004","E10000007","E07000032","E05003286"
"DE5 9RR",10,441660,349568,"E92000001","E19000001","E18000004","E10000007","E07000032","E05003286"
"DE5 9RS",10,441585,349486,"E92000001","E19000001","E18000004","E10000007","E07000032","E05003286"
"DE5 9RT",10,441522,349324,"E92000001","E19000001","E18000004","E10000007","E07000032","E05003286"
"DE5 9RU",10,441481,349471,"E92000001","E19000001","E18000004","E10000007","E07000032","E05003286"
"DE5 9RW",10,441621,349305,"E92000001","E19000001","E18000004","E10000007","E07000032","E05003286"
"DE5 9RX",10,441757,349182,"E92000001","E19000001","E18000004","E10000007","E07000032","E05003286"
"DE5 9RY",10,441861,349231,"E92000001","E19000001","E18000004","E10000007","E07000032","E05003286"
"DE5 9RZ",10,441861,349114,"E92000001","E19000001","E18000004","E10000007","E07000032","E05003286"
"DE5 9SA",10,441559,349620,"E92000001","E19000001","E18000004","E10000007","E07000032","E05003286"
"DE5 9SB",10,441492,349591,"E92000001","E19000001","E18000004","E10000007","E07000032","E05003286"
"DE5 9SD",10,441603,349630,"E92000001","E19000001","E18000004","E10000007","E07000032","E05003286"
"DE5 9SE",10,441611,350047,"E92000001","E19000001","E18000004","E10000007","E07000032","E05003286"
"DE5 9SF",10,441993,349452,"E92000001","E19000001","E18000004","E10000007","E07000032","E05003286"
"DE5 9SG",10,441843,349289,"E92000001","E19000001","E18000004","E10000007","E07000032","E05003286"
"DE5 9SH",10,441972,349201,"E92000001","E19000001","E18000004","E10000007","E07000032","E05003286"
"DE5 9SJ",10,441799,350058,"E92000001","E19000001","E18000004","E10000007","E07000032","E05003286"
"DE5 9SL",10,441773,348846,"E92000001","E19000001","E18000004","E10000007","E07000032","E05003286"
"DE5 9SN",10,441757,348694,"E92000001","E19000001","E18000004","E10000007","E07000032","E05003286"
"DE5 9SP",10,441591,348512,"E92000001","E19000001","E18000004","E10000007","E07000032","E05003286"
"DE5 9SQ",10,441926,348701,"E92000001","E19000001","E18000004","E10000007","E07000032","E05003286"
"DE5 9SR",10,441974,348446,"E92000001","E19000001","E18000004","E10000007","E07000032","E05003286"
"DE5 9SS",10,441786,348473,"E92000001","E19000001","E18000004","E10000007","E07000032","E05003286"
"DE5 9ST",10,441448,349521,"E92000001","E19000001","E18000004","E10000007","E07000032","E05003286"
"DE5 9SW",10,441828,349398,"E92000001","E19000001","E18000004","E10000007","E07000032","E05003286"
"DE5 9SY",10,442059,349565,"E92000001","E19000001","E18000004","E10000007","E07000032","E05003286"
"DE5 9TA",10,440998,349711,"E92000001","E19000001","E18000004","E10000007","E07000032","E05003286"
"DE5 9TB",10,441050,349731,"E92000001","E19000001","E18000004","E10000007","E07000032","E05003286"
"DE5 9TD",10,441199,349476,"E92000001","E19000001","E18000004","E10000007","E07000032","E05003286"
"DE5 9TE",10,441264,349247,"E92000001","E19000001","E18000004","E10000007","E07000032","E05003286"
"DE5 9TF",10,441424,349054,"E92000001","E19000001","E18000004","E10000007","E07000032","E05003286"
"DE5 9TG",10,441223,349130,"E92000001","E19000001","E18000004","E10000007","E07000032","E05003286"
"DE5 9TJ",10,441023,349198,"E92000001","E19000001","E18000004","E10000007","E07000032","E05003286"
"DE5 9TL",10,441122,349366,"E92000001","E19000001","E18000004","E10000007","E07000032","E05003286"
"DE5 9TN",10,441276,349385,"E92000001","E19000001","E18000004","E10000007","E07000032","E05003286"
"DE5 9TP",10,441085,349474,"E92000001","E19000001","E18000004","E10000007","E07000032","E05003286"
"DE5 9TQ",10,441165,348608,"E92000001","E19000001","E18000004","E10000007","E07000032","E05003286"
"DE5 9TR",10,441041,349429,"E92000001","E19000001","E18000004","E10000007","E07000032","E05003286"
"DE5 9TU",10,441171,349675,"E92000001","E19000001","E18000004","E10000007","E07000032","E05003286"
"DE5 9TW",10,441160,349429,"E92000001","E19000001","E18000004","E10000007","E07000032","E05003286"
"DE5 9TX",10,441249,349350,"E92000001","E19000001","E18000004","E10000007","E07000032","E05003286"
"DE5 9TY",10,441115,349753,"E92000001","E19000001","E18000004","E10000007","E07000032","E05003286"
"DE5 9YR",10,439770,350489,"E92000001","E19000001","E18000004","E10000007","E07000032","E05003297"
"DE5 9ZR",10,439770,350489,"E92000001","E19000001","E18000004","E10000007","E07000032","E05003297"
"DE551AA",10,440293,353389,"E92000001","E19000001","E18000004","E10000007","E07000032","E05003301"
"DE551AB",10,440381,353356,"E92000001","E19000001","E18000004","E10000007","E07000032","E05003301"
"DE551AD",10,440333,352945,"E92000001","E19000001","E18000004","E10000007","E07000032","E05003301"
"DE551AE",10,440498,353165,"E92000001","E19000001","E18000004","E10000007","E07000032","E05003301"
"DE551AF",10,440606,352642,"E92000001","E19000001","E18000004","E10000007","E07000032","E05003301"
"DE551AG",10,440829,352834,"E92000001","E19000001","E18000004","E10000007","E07000032","E05003301"
"DE551AH",10,440532,352675,"E92000001","E19000001","E18000004","E10000007","E07000032","E05003301"
"DE551AJ",10,440981,353274,"E92000001","E19000001","E18000004","E10000007","E07000032","E05003301"
"DE551AN",10,440478,353256,"E92000001","E19000001","E18000004","E10000007","E07000032","E05003301"
"DE551AP",10,440627,353171,"E92000001","E19000001","E18000004","E10000007","E07000032","E05003301"
"DE551AQ",10,440903,353044,"E92000001","E19000001","E18000004","E10000007","E07000032","E05003301"
"DE551AR",10,441061,353128,"E92000001","E19000001","E18000004","E10000007","E07000032","E05003301"
"DE551AS",10,441373,353087,"E92000001","E19000001","E18000004","E10000007","E07000032","E05003301"
"DE551AT",10,440957,352939,"E92000001","E19000001","E18000004","E10000007","E07000032","E05003301"
"DE551AU",10,441015,352659,"E92000001","E19000001","E18000004","E10000007","E07000032","E05003301"
"DE551AW",10,440503,353369,"E92000001","E19000001","E18000004","E10000007","E07000032","E05003301"
"DE551AX",10,440597,353378,"E92000001","E19000001","E18000004","E10000007","E07000032","E05003301"
"DE551AY",10,440638,353306,"E92000001","E19000001","E18000004","E10000007","E07000032","E05003301"
"DE551AZ",10,440719,353286,"E92000001","E19000001","E18000004","E10000007","E07000032","E05003301"
"DE551BA",10,440663,353230,"E92000001","E19000001","E18000004","E10000007","E07000032","E05003301"
"DE551BB",10,440960,352999,"E92000001","E19000001","E18000004","E10000007","E07000032","E05003301"
"DE551BD",10,440623,353435,"E92000001","E19000001","E18000004","E10000007","E07000032","E05003301"
"DE551BE",10,440708,353411,"E92000001","E19000001","E18000004","E10000007","E07000032","E05003301"
"DE551BG",10,440408,353658,"E92000001","E19000001","E18000004","E10000007","E07000032","E05003301"
"DE551BH",10,440485,354392,"E92000001","E19000001","E18000004","E10000007","E07000032","E05003301"
"DE551BJ",10,440447,353538,"E92000001","E19000001","E18000004","E10000007","E07000032","E05003301"
"DE551BL",10,440314,353282,"E92000001","E19000001","E18000004","E10000007","E07000032","E05003301"
"DE551BN",10,440183,353231,"E92000001","E19000001","E18000004","E10000007","E07000032","E05003301"
"DE551BP",10,440143,353290,"E92000001","E19000001","E18000004","E10000007","E07000032","E05003301"
"DE551BQ",10,439966,353237,"E92000001","E19000001","E18000004","E10000007","E07000032","E05003301"
"DE551BR",10,440013,353272,"E92000001","E19000001","E18000004","E10000007","E07000032","E05003301"
"DE551BS",10,439826,353165,"E92000001","E19000001","E18000004","E10000007","E07000032","E05003301"
"DE551BT",10,440073,353303,"E92000001","E19000001","E18000004","E10000007","E07000032","E05003301"
"DE551BU",10,439874,353076,"E92000001","E19000001","E18000004","E10000007","E07000032","E05003301"
"DE551BW",10,439789,352986,"E92000001","E19000001","E18000004","E10000007","E07000032","E05003301"
"DE551BX",10,440048,353143,"E92000001","E19000001","E18000004","E10000007","E07000032","E05003301"
"DE551BY",10,440702,353174,"E92000001","E19000001","E18000004","E10000007","E07000032","E05003301"
"DE551BZ",10,440048,353037,"E92000001","E19000001","E18000004","E10000007","E07000032","E05003301"
"DE551DA",10,439902,353067,"E92000001","E19000001","E18000004","E10000007","E07000032","E05003301"
"DE551DB",10,439802,353274,"E92000001","E19000001","E18000004","E10000007","E07000032","E05003301"
"DE551DD",10,440625,353736,"E92000001","E19000001","E18000004","E10000007","E07000032","E05003301"
"DE551DE",10,439983,353172,"E92000001","E19000001","E18000004","E10000007","E07000032","E05003301"
"DE551DF",10,440697,353742,"E92000001","E19000001","E18000004","E10000007","E07000032","E05003301"
"DE551DG",10,440843,353368,"E92000001","E19000001","E18000004","E10000007","E07000032","E05003301"
"DE551DH",10,439992,353026,"E92000001","E19000001","E18000004","E10000007","E07000032","E05003301"
"DE551DJ",10,440782,353773,"E92000001","E19000001","E18000004","E10000007","E07000032","E05003301"
"DE551DL",10,440529,353669,"E92000001","E19000001","E18000004","E10000007","E07000032","E05003301"
"DE551DN",10,441175,353245,"E92000001","E19000001","E18000004","E10000007","E07000032","E05003301"
"DE551DP",10,441047,353456,"E92000001","E19000001","E18000004","E10000007","E07000032","E05003301"
"DE551DQ",10,440894,353356,"E92000001","E19000001","E18000004","E10000007","E07000032","E05003301"
"DE551DR",10,441108,353510,"E92000001","E19000001","E18000004","E10000007","E07000032","E05003301"
"DE551DS",10,440832,353782,"E92000001","E19000001","E18000004","E10000007","E07000032","E05003301"
"DE551DT",10,440804,353661,"E92000001","E19000001","E18000004","E10000007","E07000032","E05003301"
"DE551DU",10,441137,353563,"E92000001","E19000001","E18000004","E10000007","E07000032","E05003301"
"DE551DW",10,440964,353447,"E92000001","E19000001","E18000004","E10000007","E07000032","E05003301"
"DE551DX",10,440891,353601,"E92000001","E19000001","E18000004","E10000007","E07000032","E05003301"
"DE551DY",10,440977,353912,"E92000001","E19000001","E18000004","E10000007","E07000032","E05003301"
"DE551DZ",10,440579,353922,"E92000001","E19000001","E18000004","E10000007","E07000032","E05003301"
"DE551EA",10,440503,353297,"E92000001","E19000001","E18000004","E10000007","E07000032","E05003301"
"DE551EB",10,441131,353360,"E92000001","E19000001","E18000004","E10000007","E07000032","E05003301"
"DE551ED",10,441156,353278,"E92000001","E19000001","E18000004","E10000007","E07000032","E05003301"
"DE551EE",10,440986,353388,"E92000001","E19000001","E18000004","E10000007","E07000032","E05003301"
"DE551EF",10,441018,353306,"E92000001","E19000001","E18000004","E10000007","E07000032","E05003301"
"DE551EG",10,441157,353462,"E92000001","E19000001","E18000004","E10000007","E07000032","E05003301"
"DE551EH",10,440729,353503,"E92000001","E19000001","E18000004","E10000007","E07000032","E05003301"
"DE551EJ",10,440861,353446,"E92000001","E19000001","E18000004","E10000007","E07000032","E05003301"
"DE551EL",10,440907,353496,"E92000001","E19000001","E18000004","E10000007","E07000032","E05003301"
"DE551EN",10,440957,353526,"E92000001","E19000001","E18000004","E10000007","E07000032","E05003301"
"DE551EP",10,440791,353525,"E92000001","E19000001","E18000004","E10000007","E07000032","E05003301"
"DE551EQ",10,440751,353916,"E92000001","E19000001","E18000004","E10000007","E07000032","E05003301"
"DE551ER",10,441152,353183,"E92000001","E19000001","E18000004","E10000007","E07000032","E05003301"
"DE551ES",10,440908,353675,"E92000001","E19000001","E18000004","E10000007","E07000032","E05003301"
"DE551ET",10,440068,353071,"E92000001","E19000001","E18000004","E10000007","E07000032","E05003301"
"DE551EU",10,440720,353639,"E92000001","E19000001","E18000004","E10000007","E07000032","E05003301"
"DE551EW",10,440943,353589,"E92000001","E19000001","E18000004","E10000007","E07000032","E05003301"
"DE551EX",10,440745,353588,"E92000001","E19000001","E18000004","E10000007","E07000032","E05003301"
"DE551EY",10,440154,353147,"E92000001","E19000001","E18000004","E10000007","E07000032","E05003301"
"DE551FB",10,440292,353227,"E92000001","E19000001","E18000004","E10000007","E07000032","E05003301"
"DE551FD",10,440225,353149,"E92000001","E19000001","E18000004","E10000007","E07000032","E05003301"
"DE551FE",10,440284,353140,"E92000001","E19000001","E18000004","E10000007","E07000032","E05003301"
"DE551FG",10,441200,353696,"E92000001","E19000001","E18000004","E10000007","E07000032","E05003301"
"DE551FH",10,440607,353594,"E92000001","E19000001","E18000004","E10000007","E07000032","E05003301"
"DE551GA",10,440402,353574,"E92000001","E19000001","E18000004","E10000007","E07000032","E05003301"
"DE551GB",10,440163,353224,"E92000001","E19000001","E18000004","E10000007","E07000032","E05003301"
"DE551HA",10,441112,353025,"E92000001","E19000001","E18000004","E10000007","E07000032","E05003301"
"DE551HB",10,440801,353415,"E92000001","E19000001","E18000004","E10000007","E07000032","E05003301"
"DE551HD",10,440730,353451,"E92000001","E19000001","E18000004","E10000007","E07000032","E05003301"
"DE551HF",10,440472,353618,"E92000001","E19000001","E18000004","E10000007","E07000032","E05003301"
"DE551HG",10,440974,353185,"E92000001","E19000001","E18000004","E10000007","E07000032","E05003301"
"DE551HH",10,440945,353212,"E92000001","E19000001","E18000004","E10000007","E07000032","E05003301"
"DE551HJ",10,440652,354642,"E92000001","E19000001","E18000004","E10000007","E07000032","E05003301"
"DE551LA",10,442095,353474,"E92000001","E19000001","E18000004","E10000007","E07000032","E05003299"
"DE551LB",10,442182,353600,"E92000001","E19000001","E18000004","E10000007","E07000032","E05003299"
"DE551LD",10,441997,353508,"E92000001","E19000001","E18000004","E10000007","E07000032","E05003299"
"DE551LE",10,442012,353573,"E92000001","E19000001","E18000004","E10000007","E07000032","E05003299"
"DE551LF",10,441955,353566,"E92000001","E19000001","E18000004","E10000007","E07000032","E05003299"
"DE551LG",10,441933,353401,"E92000001","E19000001","E18000004","E10000007","E07000032","E05003299"
"DE551LH",10,441998,353418,"E92000001","E19000001","E18000004","E10000007","E07000032","E05003299"
"DE551LJ",10,441905,353305,"E92000001","E19000001","E18000004","E10000007","E07000032","E05003293"
"DE551LL",10,441757,353253,"E92000001","E19000001","E18000004","E10000007","E07000032","E05003293"
"DE551LN",10,441506,353150,"E92000001","E19000001","E18000004","E10000007","E07000032","E05003301"
"DE551LP",10,441457,353238,"E92000001","E19000001","E18000004","E10000007","E07000032","E05003301"
"DE551LQ",10,441379,353223,"E92000001","E19000001","E18000004","E10000007","E07000032","E05003301"
"DE551LR",10,441902,353159,"E92000001","E19000001","E18000004","E10000007","E07000032","E05003293"
"DE551LS",10,441808,353113,"E92000001","E19000001","E18000004","E10000007","E07000032","E05003293"
"DE551LT",10,442058,353347,"E92000001","E19000001","E18000004","E10000007","E07000032","E05003299"
"DE551LU",10,442156,353197,"E92000001","E19000001","E18000004","E10000007","E07000032","E05003293"
"DE551LW",10,442449,353258,"E92000001","E19000001","E18000004","E10000007","E07000032","E05003299"
"DE551LX",10,442102,353314,"E92000001","E19000001","E18000004","E10000007","E07000032","E05003293"
"DE551LY",10,442359,353192,"E92000001","E19000001","E18000004","E10000007","E07000032","E05003299"
"DE551LZ",10,442279,353238,"E92000001","E19000001","E18000004","E10000007","E07000032","E05003293"
"DE551NA",10,442183,353261,"E92000001","E19000001","E18000004","E10000007","E07000032","E05003293"
"DE551ND",10,442054,353707,"E92000001","E19000001","E18000004","E10000007","E07000032","E05003299"
"DE551NG",10,442143,354426,"E92000001","E19000001","E18000004","E10000007","E07000032","E05003299"
"DE551PQ",10,441317,353848,"E92000001","E19000001","E18000004","E10000007","E07000032","E05003301"
"DE551RA",10,442102,354021,"E92000001","E19000001","E18000004","E10000007","E07000032","E05003299"
"DE551RB",10,442062,353911,"E92000001","E19000001","E18000004","E10000007","E07000032","E05003299"
"DE551RD",10,442116,353786,"E92000001","E19000001","E18000004","E10000007","E07000032","E05003299"
"DE551RE",10,441829,353907,"E92000001","E19000001","E18000004","E10000007","E07000032","E05003299"
"DE551RF",10,441790,353957,"E92000001","E19000001","E18000004","E10000007","E07000032","E05003299"
"DE551RG",10,441560,353943,"E92000001","E19000001","E18000004","E10000007","E07000032","E05003299"
"DE551RH",10,441025,353983,"E92000001","E19000001","E18000004","E10000007","E07000032","E05003301"
"DE551RJ",10,440851,353942,"E92000001","E19000001","E18000004","E10000007","E07000032","E05003301"
"DE551RL",10,441981,353741,"E92000001","E19000001","E18000004","E10000007","E07000032","E05003299"
"DE551RN",10,441130,353846,"E92000001","E19000001","E18000004","E10000007","E07000032","E05003301"
"DE551RP",10,441059,353946,"E92000001","E19000001","E18000004","E10000007","E07000032","E05003301"
"DE551RQ",10,441097,353945,"E92000001","E19000001","E18000004","E10000007","E07000032","E05003301"
"DE551RR",10,441296,353735,"E92000001","E19000001","E18000004","E10000007","E07000032","E05003301"
"DE551RS",10,441216,353813,"E92000001","E19000001","E18000004","E10000007","E07000032","E05003301"
"DE551RT",10,441103,353765,"E92000001","E19000001","E18000004","E10000007","E07000032","E05003301"
"DE551RU",10,441122,353744,"E92000001","E19000001","E18000004","E10000007","E07000032","E05003301"
"DE551RW",10,441290,353751,"E92000001","E19000001","E18000004","E10000007","E07000032","E05003301"
"DE551RX",10,440975,353769,"E92000001","E19000001","E18000004","E10000007","E07000032","E05003301"
"DE551RY",10,441023,353677,"E92000001","E19000001","E18000004","E10000007","E07000032","E05003301"
"DE551RZ",10,441127,353664,"E92000001","E19000001","E18000004","E10000007","E07000032","E05003301"
"DE551SA",10,441274,353669,"E92000001","E19000001","E18000004","E10000007","E07000032","E05003301"
"DE551SB",10,442160,353973,"E92000001","E19000001","E18000004","E10000007","E07000032","E05003299"
"DE551SD",10,442034,353995,"E92000001","E19000001","E18000004","E10000007","E07000032","E05003299"
"DE551SE",10,441963,353991,"E92000001","E19000001","E18000004","E10000007","E07000032","E05003299"
"DE551SF",10,442036,354084,"E92000001","E19000001","E18000004","E10000007","E07000032","E05003299"
"DE551SG",10,441464,353992,"E92000001","E19000001","E18000004","E10000007","E07000032","E05003299"
"DE551ZP",10,442143,354426,"E92000001","E19000001","E18000004","E10000007","E07000032","E05003299"
"DE552AA",10,444095,356598,"E92000001","E19000001","E18000004","E10000007","E07000033","E05003320"
"DE552AB",10,444025,356279,"E92000001","E19000001","E18000004","E10000007","E07000033","E05003320"
"DE552AD",10,444010,356597,"E92000001","E19000001","E18000004","E10000007","E07000033","E05003320"
"DE552AE",10,444154,356592,"E92000001","E19000001","E18000004","E10000007","E07000033","E05003320"
"DE552AF",10,443966,356372,"E92000001","E19000001","E18000004","E10000007","E07000033","E05003320"
"DE552AG",10,443932,356436,"E92000001","E19000001","E18000004","E10000007","E07000033","E05003320"
"DE552AH",10,443964,356335,"E92000001","E19000001","E18000004","E10000007","E07000033","E05003320"
"DE552AJ",10,443899,356283,"E92000001","E19000001","E18000004","E10000007","E07000033","E05003320"
"DE552AL",10,443961,356275,"E92000001","E19000001","E18000004","E10000007","E07000033","E05003320"
"DE552AN",10,443952,356215,"E92000001","E19000001","E18000004","E10000007","E07000033","E05003320"
"DE552AP",10,443813,356085,"E92000001","E19000001","E18000004","E10000007","E07000033","E05003320"
"DE552AQ",10,443834,356168,"E92000001","E19000001","E18000004","E10000007","E07000033","E05003320"
"DE552AR",10,444055,356484,"E92000001","E19000001","E18000004","E10000007","E07000033","E05003320"
"DE552AS",10,443521,356116,"E92000001","E19000001","E18000004","E10000007","E07000033","E05003320"
"DE552AT",10,443231,356125,"E92000001","E19000001","E18000004","E10000007","E07000033","E05003320"
"DE552AU",10,444200,356893,"E92000001","E19000001","E18000004","E10000007","E07000033","E05003320"
"DE552AW",10,443729,355989,"E92000001","E19000001","E18000004","E10000007","E07000033","E05003320"
"DE552AX",10,443605,355957,"E92000001","E19000001","E18000004","E10000007","E07000033","E05003320"
"DE552AY",10,443525,355969,"E92000001","E19000001","E18000004","E10000007","E07000033","E05003320"
"DE552AZ",10,443620,356212,"E92000001","E19000001","E18000004","E10000007","E07000033","E05003320"
"DE552BA",10,443756,356173,"E92000001","E19000001","E18000004","E10000007","E07000033","E05003320"
"DE552BB",10,443617,356296,"E92000001","E19000001","E18000004","E10000007","E07000033","E05003320"
"DE552BD",10,443653,356228,"E92000001","E19000001","E18000004","E10000007","E07000033","E05003320"
"DE552BE",10,442571,356041,"E92000001","E19000001","E18000004","E10000007","E07000033","E05003320"
"DE552BG",10,443814,356279,"E92000001","E19000001","E18000004","E10000007","E07000033","E05003320"
"DE552BH",10,443724,356272,"E92000001","E19000001","E18000004","E10000007","E07000033","E05003320"
"DE552BJ",10,443609,356073,"E92000001","E19000001","E18000004","E10000007","E07000033","E05003320"
"DE552BL",10,443372,356058,"E92000001","E19000001","E18000004","E10000007","E07000033","E05003320"
"DE552BN",10,444111,356771,"E92000001","E19000001","E18000004","E10000007","E07000033","E05003320"
"DE552BP",10,444153,356866,"E92000001","E19000001","E18000004","E10000007","E07000033","E05003320"
"DE552BQ",10,444049,356988,"E92000001","E19000001","E18000004","E10000007","E07000033","E05003320"
"DE552BR",10,444116,357154,"E92000001","E19000001","E18000004","E10000007","E07000033","E05003320"
"DE552BS",10,444115,357029,"E92000001","E19000001","E18000004","E10000007","E07000033","E05003320"
"DE552BT",10,444345,356960,"E92000001","E19000001","E18000004","E10000007","E07000033","E05003319"
"DE552BU",10,444328,356845,"E92000001","E19000001","E18000004","E10000007","E07000033","E05003319"
"DE552BW",10,444398,356666,"E92000001","E19000001","E18000004","E10000007","E07000033","E05003319"
"DE552BX",10,444408,356884,"E92000001","E19000001","E18000004","E10000007","E07000033","E05003319"
"DE552BY",10,444467,356721,"E92000001","E19000001","E18000004","E10000007","E07000033","E05003319"
"DE552BZ",10,444555,356578,"E92000001","E19000001","E18000004","E10000007","E07000033","E05003319"
"DE552DA",10,444624,356691,"E92000001","E19000001","E18000004","E10000007","E07000033","E05003319"
"DE552DB",10,444514,356783,"E92000001","E19000001","E18000004","E10000007","E07000033","E05003319"
"DE552DD",10,444530,356841,"E92000001","E19000001","E18000004","E10000007","E07000033","E05003319"
"DE552DE",10,444584,356787,"E92000001","E19000001","E18000004","E10000007","E07000033","E05003319"
"DE552DF",10,444659,356741,"E92000001","E19000001","E18000004","E10000007","E07000033","E05003319"
"DE552DG",10,444711,356772,"E92000001","E19000001","E18000004","E10000007","E07000033","E05003319"
"DE552DH",10,444548,356939,"E92000001","E19000001","E18000004","E10000007","E07000033","E05003319"
"DE552DJ",10,444444,357152,"E92000001","E19000001","E18000004","E10000007","E07000033","E05003319"
"DE552DL",10,444351,357149,"E92000001","E19000001","E18000004","E10000007","E07000033","E05003319"
"DE552DN",10,444338,357242,"E92000001","E19000001","E18000004","E10000007","E07000033","E05003319"
"DE552DP",10,444162,357234,"E92000001","E19000001","E18000004","E10000007","E07000033","E05003319"
"DE552DQ",10,444224,357285,"E92000001","E19000001","E18000004","E10000007","E07000033","E05003319"
"DE552DR",10,444207,356802,"E92000001","E19000001","E18000004","E10000007","E07000033","E05003320"
"DE552DS",10,445698,356884,"E92000001","E19000001","E18000004","E10000007","E07000033","E05003319"
"DE552DT",10,445356,357214,"E92000001","E19000001","E18000004","E10000007","E07000033","E05003319"
"DE552DU",10,445032,356137,"E92000001","E19000001","E18000004","E10000007","E07000033","E05003320"
"DE552DW",10,445092,356265,"E92000001","E19000001","E18000004","E10000007","E07000033","E05003320"
"DE552DX",10,445017,356354,"E92000001","E19000001","E18000004","E10000007","E07000033","E05003320"
"DE552DY",10,445463,356664,"E92000001","E19000001","E18000004","E10000007","E07000033","E05003319"
"DE552DZ",10,445594,356920,"E92000001","E19000001","E18000004","E10000007","E07000033","E05003319"
"DE552EA",10,446253,357265,"E92000001","E19000001","E18000004","E10000007","E07000033","E05003319"
"DE552EB",10,445418,356928,"E92000001","E19000001","E18000004","E10000007","E07000033","E05003319"
"DE552ED",10,444985,356800,"E92000001","E19000001","E18000004","E10000007","E07000033","E05003319"
"DE552EE",10,444835,356762,"E92000001","E19000001","E18000004","E10000007","E07000033","E05003319"
"DE552EF",10,445939,357196,"E92000001","E19000001","E18000004","E10000007","E07000033","E05003319"
"DE552EH",10,445370,356460,"E92000001","E19000001","E18000004","E10000007","E07000033","E05003319"
"DE552EJ",10,444119,356593,"E92000001","E19000001","E18000004","E10000007","E07000033","E05003320"
"DE552EL",10,444061,356290,"E92000001","E19000001","E18000004","E10000007","E07000033","E05003320"
"DE552EN",10,444186,356152,"E92000001","E19000001","E18000004","E10000007","E07000033","E05003320"
"DE552EP",10,444480,356127,"E92000001","E19000001","E18000004","E10000007","E07000033","E05003320"
"DE552EQ",10,444648,357006,"E92000001","E19000001","E18000004","E10000007","E07000033","E05003319"
"DE552ER",10,444788,356146,"E92000001","E19000001","E18000004","E10000007","E07000033","E05003320"
"DE552ES",10,443986,356097,"E92000001","E19000001","E18000004","E10000007","E07000033","E05003320"
"DE552ET",10,444631,357099,"E92000001","E19000001","E18000004","E10000007","E07000033","E05003319"
"DE552EU",10,444719,357089,"E92000001","E19000001","E18000004","E10000007","E07000033","E05003319"
"DE552EW",10,444696,357147,"E92000001","E19000001","E18000004","E10000007","E07000033","E05003319"
"DE552EX",10,444766,357169,"E92000001","E19000001","E18000004","E10000007","E07000033","E05003319"
"DE552EY",10,444751,357243,"E92000001","E19000001","E18000004","E10000007","E07000033","E05003319"
"DE552EZ",10,444610,357216,"E92000001","E19000001","E18000004","E10000007","E07000033","E05003319"
"DE552FB",10,445356,356744,"E92000001","E19000001","E18000004","E10000007","E07000033","E05003319"
"DE552FD",10,445478,356827,"E92000001","E19000001","E18000004","E10000007","E07000033","E05003319"
"DE552FE",10,445399,356829,"E92000001","E19000001","E18000004","E10000007","E07000033","E05003319"
"DE552FF",10,445414,356730,"E92000001","E19000001","E18000004","E10000007","E07000033","E05003319"
"DE552FG",10,443999,357159,"E92000001","E19000001","E18000004","E10000007","E07000033","E05003320"
"DE552FH",10,445220,357603,"E92000001","E19000001","E18000004","E10000007","E07000033","E05003319"
"DE552FJ",10,445293,356811,"E92000001","E19000001","E18000004","E10000007","E07000033","E05003319"
"DE552FL",10,445069,356690,"E92000001","E19000001","E18000004","E10000007","E07000033","E05003319"
"DE552FN",10,445340,356679,"E92000001","E19000001","E18000004","E10000007","E07000033","E05003319"
"DE552FP",10,444127,356067,"E92000001","E19000001","E18000004","E10000007","E07000033","E05003320"
"DE552FQ",10,445431,356592,"E92000001","E19000001","E18000004","E10000007","E07000033","E05003319"
"DE552FR",10,444545,357089,"E92000001","E19000001","E18000004","E10000007","E07000033","E05003319"
"DE552FS",10,444896,356868,"E92000001","E19000001","E18000004","E10000007","E07000033","E05003319"
"DE552FT",10,445036,356683,"E92000001","E19000001","E18000004","E10000007","E07000033","E05003319"
"DE552FW",10,445725,357562,"E92000001","E19000001","E18000004","E10000007","E07000033","E05003319"
"DE552FX",10,445535,357365,"E92000001","E19000001","E18000004","E10000007","E07000033","E05003319"
"DE552FY",10,444004,356733,"E92000001","E19000001","E18000004","E10000007","E07000033","E05003320"
"DE552FZ",10,444984,356664,"E92000001","E19000001","E18000004","E10000007","E07000033","E05003319"
"DE552GA",10,445064,356541,"E92000001","E19000001","E18000004","E10000007","E07000033","E05003319"
"DE552GB",10,445730,357038,"E92000001","E19000001","E18000004","E10000007","E07000033","E05003319"
"DE552GD",10,445635,357011,"E92000001","E19000001","E18000004","E10000007","E07000033","E05003319"
"DE552GE",10,444624,356850,"E92000001","E19000001","E18000004","E10000007","E07000033","E05003319"
"DE552GF",10,445694,357130,"E92000001","E19000001","E18000004","E10000007","E07000033","E05003319"
"DE552GG",10,445160,356327,"E92000001","E19000001","E18000004","E10000007","E07000033","E05003320"
"DE552HA",10,444215,356539,"E92000001","E19000001","E18000004","E10000007","E07000033","E05003320"
"DE552HB",10,444206,356575,"E92000001","E19000001","E18000004","E10000007","E07000033","E05003320"
"DE552HD",10,444437,356532,"E92000001","E19000001","E18000004","E10000007","E07000033","E05003319"
"DE552HE",10,444262,356814,"E92000001","E19000001","E18000004","E10000007","E07000033","E05003319"
"DE552HF",10,444295,356654,"E92000001","E19000001","E18000004","E10000007","E07000033","E05003320"
"DE552HG",10,444424,356472,"E92000001","E19000001","E18000004","E10000007","E07000033","E05003319"
"DE552HH",10,444481,357018,"E92000001","E19000001","E18000004","E10000007","E07000033","E05003319"
"DE552HL",10,444279,357110,"E92000001","E19000001","E18000004","E10000007","E07000033","E05003319"
"DE552HN",10,444602,356438,"E92000001","E19000001","E18000004","E10000007","E07000033","E05003319"
"DE552HP",10,444488,356328,"E92000001","E19000001","E18000004","E10000007","E07000033","E05003319"
"DE552HQ",10,444456,356281,"E92000001","E19000001","E18000004","E10000007","E07000033","E05003320"
"DE552HR",10,444616,356288,"E92000001","E19000001","E18000004","E10000007","E07000033","E05003319"
"DE552HS",10,444758,356481,"E92000001","E19000001","E18000004","E10000007","E07000033","E05003319"
"DE552HT",10,444542,356391,"E92000001","E19000001","E18000004","E10000007","E07000033","E05003319"
"DE552HU",10,444211,357163,"E92000001","E19000001","E18000004","E10000007","E07000033","E05003319"
"DE552HW",10,444779,356438,"E92000001","E19000001","E18000004","E10000007","E07000033","E05003319"
"DE552HX",10,444743,356325,"E92000001","E19000001","E18000004","E10000007","E07000033","E05003319"
"DE552HY",10,444739,356262,"E92000001","E19000001","E18000004","E10000007","E07000033","E05003319"
"DE552JA",10,444372,356351,"E92000001","E19000001","E18000004","E10000007","E07000033","E05003320"
"DE552JB",10,444190,356457,"E92000001","E19000001","E18000004","E10000007","E07000033","E05003320"
"DE552JD",10,444877,356604,"E92000001","E19000001","E18000004","E10000007","E07000033","E05003319"
"DE552JE",10,444974,356485,"E92000001","E19000001","E18000004","E10000007","E07000033","E05003319"
"DE552JF",10,444905,356454,"E92000001","E19000001","E18000004","E10000007","E07000033","E05003319"
"DE552JG",10,444865,356283,"E92000001","E19000001","E18000004","E10000007","E07000033","E05003319"
"DE552JH",10,444720,357309,"E92000001","E19000001","E18000004","E10000007","E07000033","E05003319"
"DE552JJ",10,445364,357310,"E92000001","E19000001","E18000004","E10000007","E07000033","E05003319"
"DE552JL",10,445694,357130,"E92000001","E19000001","E18000004","E10000007","E07000033","E05003319"
"DE552JN",10,444346,356243,"E92000001","E19000001","E18000004","E10000007","E07000033","E05003320"
"DE552JW",10,446254,356862,"E92000001","E19000001","E18000004","E10000007","E07000033","E05003311"
"DE552JX",10,445828,356317,"E92000001","E19000001","E18000004","E10000007","E07000033","E05003311"
"DE552JZ",10,444060,357194,"E92000001","E19000001","E18000004","E10000007","E07000033","E05003320"
"DE552LA",10,444682,356947,"E92000001","E19000001","E18000004","E10000007","E07000033","E05003319"
"DE552LB",10,444720,356916,"E92000001","E19000001","E18000004","E10000007","E07000033","E05003319"
"DE552LD",10,444787,356934,"E92000001","E19000001","E18000004","E10000007","E07000033","E05003319"
"DE552LE",10,444700,357212,"E92000001","E19000001","E18000004","E10000007","E07000033","E05003319"
"DE552LF",10,444618,357281,"E92000001","E19000001","E18000004","E10000007","E07000033","E05003319"
"DE552LG",10,444484,357296,"E92000001","E19000001","E18000004","E10000007","E07000033","E05003319"
"DE552LJ",10,444720,356850,"E92000001","E19000001","E18000004","E10000007","E07000033","E05003319"
"DE553AA",10,444777,355803,"E92000001","E19000001","E18000004","E10000007","E07000033","E05003320"
"DE553AB",10,445036,355857,"E92000001","E19000001","E18000004","E10000007","E07000033","E05003320"
"DE553AD",10,444857,355832,"E92000001","E19000001","E18000004","E10000007","E07000033","E05003320"
"DE553AE",10,444492,356020,"E92000001","E19000001","E18000004","E10000007","E07000033","E05003320"
"DE553AF",10,444897,355881,"E92000001","E19000001","E18000004","E10000007","E07000033","E05003320"
"DE553AG",10,444696,355875,"E92000001","E19000001","E18000004","E10000007","E07000033","E05003320"
"DE553AH",10,444567,355930,"E92000001","E19000001","E18000004","E10000007","E07000033","E05003320"
"DE553AJ",10,444733,355714,"E92000001","E19000001","E18000004","E10000007","E07000033","E05003320"
"DE553AL",10,444764,355753,"E92000001","E19000001","E18000004","E10000007","E07000033","E05003320"
"DE553AN",10,444651,355457,"E92000001","E19000001","E18000004","E10000007","E07000033","E05003320"
"DE553AP",10,444682,356055,"E92000001","E19000001","E18000004","E10000007","E07000033","E05003320"
"DE553AQ",10,444870,355609,"E92000001","E19000001","E18000004","E10000007","E07000033","E05003320"
"DE553AR",10,444749,355926,"E92000001","E19000001","E18000004","E10000007","E07000033","E05003320"
"DE553AS",10,443593,355821,"E92000001","E19000001","E18000004","E10000007","E07000033","E05003320"
"DE553AT",10,443700,355757,"E92000001","E19000001","E18000004","E10000007","E07000033","E05003320"
"DE553AU",10,444952,355716,"E92000001","E19000001","E18000004","E10000007","E07000033","E05003320"
"DE553AW",10,445066,355784,"E92000001","E19000001","E18000004","E10000007","E07000033","E05003320"
"DE553AX",10,445060,355705,"E92000001","E19000001","E18000004","E10000007","E07000033","E05003320"
"DE553AY",10,444995,355722,"E92000001","E19000001","E18000004","E10000007","E07000033","E05003320"
"DE553AZ",10,444995,355657,"E92000001","E19000001","E18000004","E10000007","E07000033","E05003320"
"DE553BA",10,444587,355615,"E92000001","E19000001","E18000004","E10000007","E07000033","E05003320"
"DE553BB",10,444636,355632,"E92000001","E19000001","E18000004","E10000007","E07000033","E05003320"
"DE553BD",10,444645,355661,"E92000001","E19000001","E18000004","E10000007","E07000033","E05003320"
"DE553BE",10,444726,355585,"E92000001","E19000001","E18000004","E10000007","E07000033","E05003320"
"DE553BG",10,444655,355485,"E92000001","E19000001","E18000004","E10000007","E07000033","E05003320"
"DE553BH",10,444698,356024,"E92000001","E19000001","E18000004","E10000007","E07000033","E05003320"
"DE553BJ",10,444651,355911,"E92000001","E19000001","E18000004","E10000007","E07000033","E05003320"
"DE553BL",10,444975,355629,"E92000001","E19000001","E18000004","E10000007","E07000033","E05003320"
"DE553BN",10,444450,355667,"E92000001","E19000001","E18000004","E10000007","E07000033","E05003320"
"DE553BP",10,444500,355543,"E92000001","E19000001","E18000004","E10000007","E07000033","E05003320"
"DE553BQ",10,444893,355637,"E92000001","E19000001","E18000004","E10000007","E07000033","E05003320"
"DE553BS",10,443712,355690,"E92000001","E19000001","E18000004","E10000007","E07000033","E05003320"
"DE553BT",10,443712,355822,"E92000001","E19000001","E18000004","E10000007","E07000033","E05003320"
"DE553BW",10,444553,355578,"E92000001","E19000001","E18000004","E10000007","E07000033","E05003320"
"DE553DA",10,443892,355992,"E92000001","E19000001","E18000004","E10000007","E07000033","E05003320"
"DE553DB",10,443885,355769,"E92000001","E19000001","E18000004","E10000007","E07000033","E05003320"
"DE553DD",10,443893,355510,"E92000001","E19000001","E18000004","E10000007","E07000033","E05003320"
"DE553DE",10,443816,355201,"E92000001","E19000001","E18000004","E10000007","E07000033","E05003311"
"DE553DH",10,443834,355937,"E92000001","E19000001","E18000004","E10000007","E07000033","E05003320"
"DE553DL",10,443801,355849,"E92000001","E19000001","E18000004","E10000007","E07000033","E05003320"
"DE553EL",10,443855,356068,"E92000001","E19000001","E18000004","E10000007","E07000033","E05003320"
"DE553EN",10,443404,356017,"E92000001","E19000001","E18000004","E10000007","E07000033","E05003320"
"DE553HA",10,443729,355495,"E92000001","E19000001","E18000004","E10000007","E07000033","E05003320"
"DE553HB",10,443533,355452,"E92000001","E19000001","E18000004","E10000007","E07000033","E05003320"
"DE553HD",10,443754,355631,"E92000001","E19000001","E18000004","E10000007","E07000033","E05003320"
"DE553LA",10,444797,355865,"E92000001","E19000001","E18000004","E10000007","E07000033","E05003320"
"DE553LE",10,444327,355426,"E92000001","E19000001","E18000004","E10000007","E07000033","E05003320"
"DE553LG",10,445030,355898,"E92000001","E19000001","E18000004","E10000007","E07000033","E05003320"
"DE553LH",10,444336,355895,"E92000001","E19000001","E18000004","E10000007","E07000033","E05003320"
"DE553LR",10,444238,355560,"E92000001","E19000001","E18000004","E10000007","E07000033","E05003320"
"DE553LS",10,444207,355642,"E92000001","E19000001","E18000004","E10000007","E07000033","E05003320"
"DE553LT",10,444159,355928,"E92000001","E19000001","E18000004","E10000007","E07000033","E05003320"
"DE553LX",10,444436,355523,"E92000001","E19000001","E18000004","E10000007","E07000033","E05003320"
"DE553NA",10,444284,355654,"E92000001","E19000001","E18000004","E10000007","E07000033","E05003320"
"DE553NB",10,444033,355748,"E92000001","E19000001","E18000004","E10000007","E07000033","E05003320"
"DE553ND",10,444292,355762,"E92000001","E19000001","E18000004","E10000007","E07000033","E05003320"
"DE553NF",10,443987,355938,"E92000001","E19000001","E18000004","E10000007","E07000033","E05003320"
"DE553NG",10,443993,355761,"E92000001","E19000001","E18000004","E10000007","E07000033","E05003320"
"DE553NH",10,444043,355975,"E92000001","E19000001","E18000004","E10000007","E07000033","E05003320"
"DE553NL",10,444142,355783,"E92000001","E19000001","E18000004","E10000007","E07000033","E05003320"
"DE553NN",10,444221,355814,"E92000001","E19000001","E18000004","E10000007","E07000033","E05003320"
"DE553NP",10,444111,355999,"E92000001","E19000001","E18000004","E10000007","E07000033","E05003320"
"DE553NQ",10,444006,355849,"E92000001","E19000001","E18000004","E10000007","E07000033","E05003320"
"DE553NR",10,443969,355571,"E92000001","E19000001","E18000004","E10000007","E07000033","E05003320"
"DE553NS",10,444052,355432,"E92000001","E19000001","E18000004","E10000007","E07000033","E05003320"
"DE553NT",10,444173,355482,"E92000001","E19000001","E18000004","E10000007","E07000033","E05003320"
"DE553NU",10,444092,355461,"E92000001","E19000001","E18000004","E10000007","E07000033","E05003320"
"DE553NW",10,444207,355691,"E92000001","E19000001","E18000004","E10000007","E07000033","E05003320"
"DE553NX",10,444636,355839,"E92000001","E19000001","E18000004","E10000007","E07000033","E05003320"
"DE553NY",10,444354,355692,"E92000001","E19000001","E18000004","E10000007","E07000033","E05003320"
"DE553NZ",10,444346,355625,"E92000001","E19000001","E18000004","E10000007","E07000033","E05003320"
"DE553PA",10,444448,355596,"E92000001","E19000001","E18000004","E10000007","E07000033","E05003320"
"DE553ZD",10,442143,354426,"E92000001","E19000001","E18000004","E10000007","E07000032","E05003299"
"DE553ZP",10,442143,354426,"E92000001","E19000001","E18000004","E10000007","E07000032","E05003299"
"DE553ZU",10,442143,354426,"E92000001","E19000001","E18000004","E10000007","E07000032","E05003299"
"DE554AA",10,442969,352664,"E92000001","E19000001","E18000004","E10000007","E07000032","E05003293"
"DE554AB",10,442211,352937,"E92000001","E19000001","E18000004","E10000007","E07000032","E05003293"
"DE554AD",10,442202,352894,"E92000001","E19000001","E18000004","E10000007","E07000032","E05003293"
"DE554AE",10,442059,353048,"E92000001","E19000001","E18000004","E10000007","E07000032","E05003293"
"DE554AF",10,441999,352983,"E92000001","E19000001","E18000004","E10000007","E07000032","E05003293"
"DE554AG",10,442013,352945,"E92000001","E19000001","E18000004","E10000007","E07000032","E05003293"
"DE554AH",10,442033,352867,"E92000001","E19000001","E18000004","E10000007","E07000032","E05003293"
"DE554AJ",10,442113,352895,"E92000001","E19000001","E18000004","E10000007","E07000032","E05003293"
"DE554AL",10,442232,352771,"E92000001","E19000001","E18000004","E10000007","E07000032","E05003293"
"DE554AN",10,442077,352817,"E92000001","E19000001","E18000004","E10000007","E07000032","E05003293"
"DE554AP",10,442076,352736,"E92000001","E19000001","E18000004","E10000007","E07000032","E05003293"
"DE554AQ",10,442117,352777,"E92000001","E19000001","E18000004","E10000007","E07000032","E05003293"
"DE554AR",10,441908,352907,"E92000001","E19000001","E18000004","E10000007","E07000032","E05003293"
"DE554AS",10,442352,352725,"E92000001","E19000001","E18000004","E10000007","E07000032","E05003293"
"DE554AT",10,442209,352636,"E92000001","E19000001","E18000004","E10000007","E07000032","E05003293"
"DE554AU",10,442577,352621,"E92000001","E19000001","E18000004","E10000007","E07000032","E05003293"
"DE554AW",10,442503,353199,"E92000001","E19000001","E18000004","E10000007","E07000032","E05003299"
"DE554AX",10,442392,352684,"E92000001","E19000001","E18000004","E10000007","E07000032","E05003293"
"DE554AY",10,442444,352454,"E92000001","E19000001","E18000004","E10000007","E07000032","E05003293"
"DE554AZ",10,442487,352524,"E92000001","E19000001","E18000004","E10000007","E07000032","E05003293"
"DE554BD",10,442014,352635,"E92000001","E19000001","E18000004","E10000007","E07000032","E05003293"
"DE554BE",10,442530,352553,"E92000001","E19000001","E18000004","E10000007","E07000032","E05003293"
"DE554BG",10,442532,352634,"E92000001","E19000001","E18000004","E10000007","E07000032","E05003293"
"DE554BH",10,442605,352486,"E92000001","E19000001","E18000004","E10000007","E07000032","E05003293"
"DE554BJ",10,442727,352409,"E92000001","E19000001","E18000004","E10000007","E07000032","E05003293"
"DE554BL",10,442771,352366,"E92000001","E19000001","E18000004","E10000007","E07000032","E05003293"
"DE554BN",10,442957,352494,"E92000001","E19000001","E18000004","E10000007","E07000032","E05003293"
"DE554BP",10,443043,352464,"E92000001","E19000001","E18000004","E10000007","E07000032","E05003293"
"DE554BQ",10,443090,352567,"E92000001","E19000001","E18000004","E10000007","E07000032","E05003293"
"DE554BR",10,441978,352387,"E92000001","E19000001","E18000004","E10000007","E07000032","E05003293"
"DE554BS",10,443239,352588,"E92000001","E19000001","E18000004","E10000007","E07000032","E05003293"
"DE554BT",10,443369,352441,"E92000001","E19000001","E18000004","E10000007","E07000032","E05003293"
"DE554BW",10,442688,352707,"E92000001","E19000001","E18000004","E10000007","E07000032","E05003293"
"DE554BX",10,443069,352708,"E92000001","E19000001","E18000004","E10000007","E07000032","E05003293"
"DE554BZ",10,443613,352629,"E92000001","E19000001","E18000004","E10000007","E07000032","E05003293"
"DE554DA",10,442074,352368,"E92000001","E19000001","E18000004","E10000007","E07000032","E05003293"
"DE554DB",10,442410,353018,"E92000001","E19000001","E18000004","E10000007","E07000032","E05003293"
"DE554DD",10,442977,352806,"E92000001","E19000001","E18000004","E10000007","E07000032","E05003293"
"DE554DE",10,442546,352497,"E92000001","E19000001","E18000004","E10000007","E07000032","E05003293"
"DE554DF",10,442964,352608,"E92000001","E19000001","E18000004","E10000007","E07000032","E05003293"
"DE554DG",10,443128,352524,"E92000001","E19000001","E18000004","E10000007","E07000032","E05003293"
"DE554DH",10,443044,352567,"E92000001","E19000001","E18000004","E10000007","E07000032","E05003293"
"DE554DJ",10,442277,353090,"E92000001","E19000001","E18000004","E10000007","E07000032","E05003293"
"DE554DL",10,442702,352402,"E92000001","E19000001","E18000004","E10000007","E07000032","E05003293"
"DE554DN",10,442376,353139,"E92000001","E19000001","E18000004","E10000007","E07000032","E05003293"
"DE554DP",10,442498,352585,"E92000001","E19000001","E18000004","E10000007","E07000032","E05003293"
"DE554DQ",10,442379,353071,"E92000001","E19000001","E18000004","E10000007","E07000032","E05003293"
"DE554DS",10,442406,352651,"E92000001","E19000001","E18000004","E10000007","E07000032","E05003293"
"DE554DT",10,442439,352587,"E92000001","E19000001","E18000004","E10000007","E07000032","E05003293"
"DE554DU",10,442517,353499,"E92000001","E19000001","E18000004","E10000007","E07000032","E05003299"
"DE554DW",10,442459,352682,"E92000001","E19000001","E18000004","E10000007","E07000032","E05003293"
"DE554EA",10,442832,352702,"E92000001","E19000001","E18000004","E10000007","E07000032","E05003293"
"DE554EB",10,443038,352605,"E92000001","E19000001","E18000004","E10000007","E07000032","E05003293"
"DE554ED",10,442990,352717,"E92000001","E19000001","E18000004","E10000007","E07000032","E05003293"
"DE554EE",10,442633,352160,"E92000001","E19000001","E18000004","E10000007","E07000032","E05003293"
"DE554EF",10,442516,352116,"E92000001","E19000001","E18000004","E10000007","E07000032","E05003293"
"DE554EG",10,442496,352495,"E92000001","E19000001","E18000004","E10000007","E07000032","E05003293"
"DE554EH",10,442546,352435,"E92000001","E19000001","E18000004","E10000007","E07000032","E05003293"
"DE554EJ",10,442542,352349,"E92000001","E19000001","E18000004","E10000007","E07000032","E05003293"
"DE554EL",10,442504,352257,"E92000001","E19000001","E18000004","E10000007","E07000032","E05003293"
"DE554EP",10,442467,352052,"E92000001","E19000001","E18000004","E10000007","E07000032","E05003293"
"DE554EQ",10,442430,352189,"E92000001","E19000001","E18000004","E10000007","E07000032","E05003293"
"DE554ER",10,442408,351825,"E92000001","E19000001","E18000004","E10000007","E07000032","E05003293"
"DE554ES",10,442439,351210,"E92000001","E19000001","E18000004","E10000007","E07000032","E05003293"
"DE554ET",10,441894,352171,"E92000001","E19000001","E18000004","E10000007","E07000032","E05003293"
"DE554EU",10,442539,352012,"E92000001","E19000001","E18000004","E10000007","E07000032","E05003293"
"DE554EW",10,442454,352787,"E92000001","E19000001","E18000004","E10000007","E07000032","E05003293"
"DE554EX",10,442298,352939,"E92000001","E19000001","E18000004","E10000007","E07000032","E05003293"
"DE554EY",10,442355,352933,"E92000001","E19000001","E18000004","E10000007","E07000032","E05003293"
"DE554EZ",10,442369,352896,"E92000001","E19000001","E18000004","E10000007","E07000032","E05003293"
"DE554FD",50,441026,354495,"E92000001","E19000001","E18000004","E10000007","E07000032","E05003301"
"DE554GA",10,442443,353308,"E92000001","E19000001","E18000004","E10000007","E07000032","E05003299"
"DE554GB",10,442529,353347,"E92000001","E19000001","E18000004","E10000007","E07000032","E05003299"
"DE554GD",10,442457,353394,"E92000001","E19000001","E18000004","E10000007","E07000032","E05003299"
"DE554GR",10,441982,354720,"E92000001","E19000001","E18000004","E10000007","E07000032","E05003299"
"DE554HA",10,442223,353801,"E92000001","E19000001","E18000004","E10000007","E07000032","E05003299"
"DE554HB",10,442143,353736,"E92000001","E19000001","E18000004","E10000007","E07000032","E05003299"
"DE554HD",10,442231,353888,"E92000001","E19000001","E18000004","E10000007","E07000032","E05003299"
"DE554HG",10,441869,354028,"E92000001","E19000001","E18000004","E10000007","E07000032","E05003299"
"DE554HH",10,442332,353978,"E92000001","E19000001","E18000004","E10000007","E07000032","E05003299"
"DE554HL",10,442596,353504,"E92000001","E19000001","E18000004","E10000007","E07000032","E05003299"
"DE554HN",10,442383,353687,"E92000001","E19000001","E18000004","E10000007","E07000032","E05003299"
"DE554HP",10,442350,353588,"E92000001","E19000001","E18000004","E10000007","E07000032","E05003299"
"DE554HQ",10,442007,354451,"E92000001","E19000001","E18000004","E10000007","E07000032","E05003299"
"DE554HS",10,442730,353701,"E92000001","E19000001","E18000004","E10000007","E07000032","E05003299"
"DE554HT",10,442411,353708,"E92000001","E19000001","E18000004","E10000007","E07000032","E05003299"
"DE554HU",10,442502,353692,"E92000001","E19000001","E18000004","E10000007","E07000032","E05003299"
"DE554HW",10,442473,353652,"E92000001","E19000001","E18000004","E10000007","E07000032","E05003299"
"DE554HX",10,442518,353729,"E92000001","E19000001","E18000004","E10000007","E07000032","E05003299"
"DE554HY",10,442478,353555,"E92000001","E19000001","E18000004","E10000007","E07000032","E05003299"
"DE554HZ",10,442401,353427,"E92000001","E19000001","E18000004","E10000007","E07000032","E05003299"
"DE554JB",10,442562,353445,"E92000001","E19000001","E18000004","E10000007","E07000032","E05003299"
"DE554JD",10,442360,353448,"E92000001","E19000001","E18000004","E10000007","E07000032","E05003299"
"DE554JE",10,442439,353630,"E92000001","E19000001","E18000004","E10000007","E07000032","E05003299"
"DE554JF",10,442363,354012,"E92000001","E19000001","E18000004","E10000007","E07000032","E05003299"
"DE554JG",10,442344,353906,"E92000001","E19000001","E18000004","E10000007","E07000032","E05003299"
"DE554JH",10,442182,354070,"E92000001","E19000001","E18000004","E10000007","E07000032","E05003299"
"DE554JJ",10,442123,354085,"E92000001","E19000001","E18000004","E10000007","E07000032","E05003299"
"DE554JL",10,442608,353456,"E92000001","E19000001","E18000004","E10000007","E07000032","E05003299"
"DE554JN",10,441970,354348,"E92000001","E19000001","E18000004","E10000007","E07000032","E05003299"
"DE554JP",10,442885,353805,"E92000001","E19000001","E18000004","E10000007","E07000032","E05003299"
"DE554JQ",10,442793,353723,"E92000001","E19000001","E18000004","E10000007","E07000032","E05003299"
"DE554JR",10,442742,353673,"E92000001","E19000001","E18000004","E10000007","E07000032","E05003299"
"DE554JS",10,442678,353554,"E92000001","E19000001","E18000004","E10000007","E07000032","E05003299"
"DE554JT",10,442644,353655,"E92000001","E19000001","E18000004","E10000007","E07000032","E05003299"
"DE554JU",10,442571,353582,"E92000001","E19000001","E18000004","E10000007","E07000032","E05003299"
"DE554JW",10,442870,353497,"E92000001","E19000001","E18000004","E10000007","E07000032","E05003299"
"DE554JX",10,442713,353579,"E92000001","E19000001","E18000004","E10000007","E07000032","E05003299"
"DE554JY",10,442975,353270,"E92000001","E19000001","E18000004","E10000007","E07000032","E05003299"
"DE554JZ",10,442844,353217,"E92000001","E19000001","E18000004","E10000007","E07000032","E05003299"
"DE554LA",10,442634,353123,"E92000001","E19000001","E18000004","E10000007","E07000032","E05003299"
"DE554LB",10,442708,353174,"E92000001","E19000001","E18000004","E10000007","E07000032","E05003299"
"DE554LD",10,442606,353202,"E92000001","E19000001","E18000004","E10000007","E07000032","E05003299"
"DE554LE",10,442778,353227,"E92000001","E19000001","E18000004","E10000007","E07000032","E05003299"
"DE554LF",10,442781,353360,"E92000001","E19000001","E18000004","E10000007","E07000032","E05003299"
"DE554LG",10,442626,353313,"E92000001","E19000001","E18000004","E10000007","E07000032","E05003299"
"DE554LH",10,442690,353381,"E92000001","E19000001","E18000004","E10000007","E07000032","E05003299"
"DE554LJ",10,442609,353829,"E92000001","E19000001","E18000004","E10000007","E07000032","E05003299"
"DE554LL",10,442740,353805,"E92000001","E19000001","E18000004","E10000007","E07000032","E05003299"
"DE554LN",10,442646,353753,"E92000001","E19000001","E18000004","E10000007","E07000032","E05003299"
"DE554LP",10,443016,353354,"E92000001","E19000001","E18000004","E10000007","E07000032","E05003299"
"DE554LR",10,441819,354347,"E92000001","E19000001","E18000004","E10000007","E07000032","E05003299"
"DE554LS",10,441807,354440,"E92000001","E19000001","E18000004","E10000007","E07000032","E05003299"
"DE554LT",10,442463,353918,"E92000001","E19000001","E18000004","E10000007","E07000032","E05003299"
"DE554LU",10,442481,354060,"E92000001","E19000001","E18000004","E10000007","E07000032","E05003299"
"DE554LW",10,442596,354041,"E92000001","E19000001","E18000004","E10000007","E07000032","E05003299"
"DE554LX",10,442557,353951,"E92000001","E19000001","E18000004","E10000007","E07000032","E05003299"
"DE554LY",10,442305,353894,"E92000001","E19000001","E18000004","E10000007","E07000032","E05003299"
"DE554LZ",10,442541,353862,"E92000001","E19000001","E18000004","E10000007","E07000032","E05003299"
"DE554NA",10,442492,353911,"E92000001","E19000001","E18000004","E10000007","E07000032","E05003299"
"DE554NB",10,442693,353893,"E92000001","E19000001","E18000004","E10000007","E07000032","E05003299"
"DE554ND",10,442679,353967,"E92000001","E19000001","E18000004","E10000007","E07000032","E05003299"
"DE554NE",10,443100,354013,"E92000001","E19000001","E18000004","E10000007","E07000032","E05003299"
"DE554NF",10,443297,354053,"E92000001","E19000001","E18000004","E10000007","E07000032","E05003299"
"DE554NG",10,443592,353957,"E92000001","E19000001","E18000004","E10000007","E07000032","E05003299"
"DE554NH",10,443368,354389,"E92000001","E19000001","E18000004","E10000007","E07000032","E05003299"
"DE554NJ",10,442664,354723,"E92000001","E19000001","E18000004","E10000007","E07000032","E05003299"
"DE554NL",10,441739,354495,"E92000001","E19000001","E18000004","E10000007","E07000032","E05003299"
"DE554NN",10,442427,354726,"E92000001","E19000001","E18000004","E10000007","E07000032","E05003299"
"DE554NP",10,442815,353925,"E92000001","E19000001","E18000004","E10000007","E07000032","E05003299"
"DE554NQ",10,443142,353299,"E92000001","E19000001","E18000004","E10000007","E07000032","E05003299"
"DE554NR",10,443125,353376,"E92000001","E19000001","E18000004","E10000007","E07000032","E05003299"
"DE554NS",10,443119,353345,"E92000001","E19000001","E18000004","E10000007","E07000032","E05003299"
"DE554NT",10,443359,353355,"E92000001","E19000001","E18000004","E10000007","E07000032","E05003299"
"DE554NU",10,443561,352847,"E92000001","E19000001","E18000004","E10000007","E07000032","E05003299"
"DE554NW",10,443990,352942,"E92000001","E19000001","E18000004","E10000007","E07000032","E05003299"
"DE554NX",10,443577,352845,"E92000001","E19000001","E18000004","E10000007","E07000032","E05003299"
"DE554NY",10,444111,352927,"E92000001","E19000001","E18000004","E10000007","E07000032","E05003299"
"DE554NZ",10,444118,352878,"E92000001","E19000001","E18000004","E10000007","E07000032","E05003299"
"DE554PA",10,442358,354937,"E92000001","E19000001","E18000004","E10000007","E07000032","E05003299"
"DE554PB",10,444669,352784,"E92000001","E19000001","E18000004","E10000024","E07000170","E05010683"
"DE554PD",10,443466,353125,"E92000001","E19000001","E18000004","E10000007","E07000032","E05003299"
"DE554PE",10,444157,352875,"E92000001","E19000001","E18000004","E10000007","E07000032","E05003299"
"DE554PF",10,444018,353027,"E92000001","E19000001","E18000004","E10000007","E07000032","E05003299"
"DE554PL",10,442199,354698,"E92000001","E19000001","E18000004","E10000007","E07000032","E05003299"
"DE554QH",10,442550,354994,"E92000001","E19000001","E18000004","E10000007","E07000032","E05003299"
"DE554QJ",10,442155,354460,"E92000001","E19000001","E18000004","E10000007","E07000032","E05003299"
"DE554QQ",10,442597,354308,"E92000001","E19000001","E18000004","E10000007","E07000032","E05003299"
"DE554QR",10,442573,354235,"E92000001","E19000001","E18000004","E10000007","E07000032","E05003299"
"DE554QS",10,442143,354426,"E92000001","E19000001","E18000004","E10000007","E07000032","E05003299"
"DE554QT",10,443635,354766,"E92000001","E19000001","E18000004","E10000007","E07000033","E05003311"
"DE554QX",10,443188,355112,"E92000001","E19000001","E18000004","E10000007","E07000033","E05003320"
"DE554RA",10,443207,355016,"E92000001","E19000001","E18000004","E10000007","E07000033","E05003320"
"DE554RD",10,443378,354836,"E92000001","E19000001","E18000004","E10000007","E07000033","E05003320"
"DE554RF",10,443049,354986,"E92000001","E19000001","E18000004","E10000007","E07000033","E05003320"
"DE554RH",10,443694,355252,"E92000001","E19000001","E18000004","E10000007","E07000033","E05003320"
"DE554SW",10,443589,355008,"E92000001","E19000001","E18000004","E10000007","E07000033","E05003311"
"DE554TB",10,442344,354060,"E92000001","E19000001","E18000004","E10000007","E07000032","E05003299"
"DE554TD",10,442839,353442,"E92000001","E19000001","E18000004","E10000007","E07000032","E05003299"
"DE554TE",10,442928,353444,"E92000001","E19000001","E18000004","E10000007","E07000032","E05003299"
"DE554TF",10,442951,353751,"E92000001","E19000001","E18000004","E10000007","E07000032","E05003299"
"DE554TG",10,442833,353701,"E92000001","E19000001","E18000004","E10000007","E07000032","E05003299"
"DE554TH",10,442833,353621,"E92000001","E19000001","E18000004","E10000007","E07000032","E05003299"
"DE554TJ",10,442860,353580,"E92000001","E19000001","E18000004","E10000007","E07000032","E05003299"
"DE554TL",10,442905,353607,"E92000001","E19000001","E18000004","E10000007","E07000032","E05003299"
"DE554TQ",10,442937,353672,"E92000001","E19000001","E18000004","E10000007","E07000032","E05003299"
"DE554UE",10,442143,354426,"E92000001","E19000001","E18000004","E10000007","E07000032","E05003299"
"DE554WB",10,442143,354426,"E92000001","E19000001","E18000004","E10000007","E07000032","E05003299"
"DE554WR",10,442143,354426,"E92000001","E19000001","E18000004","E10000007","E07000032","E05003299"
"DE554WT",10,442143,354426,"E92000001","E19000001","E18000004","E10000007","E07000032","E05003299"
"DE554XJ",10,441026,354495,"E92000001","E19000001","E18000004","E10000007","E07000032","E05003301"
"DE554ZR",10,442143,354426,"E92000001","E19000001","E18000004","E10000007","E07000032","E05003299"
"DE554ZW",10,442143,354426,"E92000001","E19000001","E18000004","E10000007","E07000032","E05003299"
"DE554ZX",10,442143,354426,"E92000001","E19000001","E18000004","E10000007","E07000032","E05003299"
"DE554ZY",10,442143,354426,"E92000001","E19000001","E18000004","E10000007","E07000032","E05003299"
"DE555AA",10,442316,357946,"E92000001","E19000001","E18000004","E10000007","E07000033","E05003304"
"DE555AB",10,442311,358412,"E92000001","E19000001","E18000004","E10000007","E07000033","E05003304"
"DE555AD",10,442270,358330,"E92000001","E19000001","E18000004","E10000007","E07000033","E05003304"
"DE555AE",10,442290,358339,"E92000001","E19000001","E18000004","E10000007","E07000033","E05003304"
"DE555AF",10,442244,358301,"E92000001","E19000001","E18000004","E10000007","E07000033","E05003304"
"DE555AG",10,442455,358161,"E92000001","E19000001","E18000004","E10000007","E07000033","E05003304"
"DE555AH",10,442218,357787,"E92000001","E19000001","E18000004","E10000007","E07000033","E05003304"
"DE555AJ",10,442111,357640,"E92000001","E19000001","E18000004","E10000007","E07000033","E05003304"
"DE555AL",10,442094,357481,"E92000001","E19000001","E18000004","E10000007","E07000033","E05003304"
"DE555AQ",10,442242,358026,"E92000001","E19000001","E18000004","E10000007","E07000033","E05003304"
"DE555AR",10,442213,358083,"E92000001","E19000001","E18000004","E10000007","E07000033","E05003304"
"DE555AS",10,442226,358075,"E92000001","E19000001","E18000004","E10000007","E07000033","E05003304"
"DE555AT",10,442253,358122,"E92000001","E19000001","E18000004","E10000007","E07000033","E05003304"
"DE555AW",10,444111,359069,"E92000001","E19000001","E18000004","E10000007","E07000033","E05003304"
"DE555AX",10,442129,358024,"E92000001","E19000001","E18000004","E10000007","E07000033","E05003304"
"DE555BD",10,443935,360648,"E92000001","E19000001","E18000004","E10000007","E07000033","E05003321"
"DE555BH",10,443648,358411,"E92000001","E19000001","E18000004","E10000007","E07000033","E05003304"
"DE555BL",10,443652,358337,"E92000001","E19000001","E18000004","E10000007","E07000033","E05003304"
"DE555GX",10,443629,358206,"E92000001","E19000001","E18000004","E10000007","E07000033","E05003304"
"DE555GY",10,443719,358208,"E92000001","E19000001","E18000004","E10000007","E07000033","E05003304"
"DE555GZ",10,443537,358121,"E92000001","E19000001","E18000004","E10000007","E07000033","E05003304"
"DE555HA",10,443392,358421,"E92000001","E19000001","E18000004","E10000007","E07000033","E05003304"
"DE555HB",10,443486,358334,"E92000001","E19000001","E18000004","E10000007","E07000033","E05003304"
"DE555HD",10,443423,358381,"E92000001","E19000001","E18000004","E10000007","E07000033","E05003304"
"DE555HE",10,443334,358307,"E92000001","E19000001","E18000004","E10000007","E07000033","E05003304"
"DE555HF",10,445223,358041,"E92000001","E19000001","E18000004","E10000007","E07000033","E05003304"
"DE555HG",10,445238,357914,"E92000001","E19000001","E18000004","E10000007","E07000033","E05003304"
"DE555HH",10,443405,358246,"E92000001","E19000001","E18000004","E10000007","E07000033","E05003304"
"DE555HJ",10,443563,358334,"E92000001","E19000001","E18000004","E10000007","E07000033","E05003304"
"DE555HL",10,445239,358111,"E92000001","E19000001","E18000004","E10000007","E07000033","E05003304"
"DE555HN",10,444298,358407,"E92000001","E19000001","E18000004","E10000007","E07000033","E05003304"
"DE555HQ",10,445552,358184,"E92000001","E19000001","E18000004","E10000007","E07000033","E05003304"
"DE555HR",10,444597,358070,"E92000001","E19000001","E18000004","E10000007","E07000033","E05003304"
"DE555HS",10,445119,358069,"E92000001","E19000001","E18000004","E10000007","E07000033","E05003304"
"DE555HT",10,445150,358157,"E92000001","E19000001","E18000004","E10000007","E07000033","E05003304"
"DE555HU",10,445293,357966,"E92000001","E19000001","E18000004","E10000007","E07000033","E05003304"
"DE555HW",10,445391,358123,"E92000001","E19000001","E18000004","E10000007","E07000033","E05003304"
"DE555HX",10,445493,358738,"E92000001","E19000001","E18000004","E10000007","E07000033","E05003304"
"DE555HY",10,444636,358629,"E92000001","E19000001","E18000004","E10000007","E07000033","E05003304"
"DE555HZ",10,444475,358588,"E92000001","E19000001","E18000004","E10000007","E07000033","E05003304"
"DE555JA",10,444636,361228,"E92000001","E19000001","E18000004","E10000007","E07000033","E05003321"
"DE555JE",10,443461,358308,"E92000001","E19000001","E18000004","E10000007","E07000033","E05003304"
"DE555JF",10,443623,358255,"E92000001","E19000001","E18000004","E10000007","E07000033","E05003304"
"DE555JG",10,443486,358377,"E92000001","E19000001","E18000004","E10000007","E07000033","E05003304"
"DE555JH",10,443438,358533,"E92000001","E19000001","E18000004","E10000007","E07000033","E05003304"
"DE555JJ",10,443187,358418,"E92000001","E19000001","E18000004","E10000007","E07000033","E05003304"
"DE555JL",10,443156,358376,"E92000001","E19000001","E18000004","E10000007","E07000033","E05003304"
"DE555JN",10,443150,358268,"E92000001","E19000001","E18000004","E10000007","E07000033","E05003304"
"DE555JP",10,443115,358167,"E92000001","E19000001","E18000004","E10000007","E07000033","E05003304"
"DE555JQ",10,443026,358104,"E92000001","E19000001","E18000004","E10000007","E07000033","E05003304"
"DE555JR",10,443192,358030,"E92000001","E19000001","E18000004","E10000007","E07000033","E05003304"
"DE555JS",10,443250,358173,"E92000001","E19000001","E18000004","E10000007","E07000033","E05003304"
"DE555JT",10,443278,358206,"E92000001","E19000001","E18000004","E10000007","E07000033","E05003304"
"DE555JU",10,443291,358156,"E92000001","E19000001","E18000004","E10000007","E07000033","E05003304"
"DE555JW",10,443197,358113,"E92000001","E19000001","E18000004","E10000007","E07000033","E05003304"
"DE555JX",10,443187,358218,"E92000001","E19000001","E18000004","E10000007","E07000033","E05003304"
"DE555JY",10,443813,357876,"E92000001","E19000001","E18000004","E10000007","E07000033","E05003304"
"DE555LA",10,443868,360813,"E92000001","E19000001","E18000004","E10000007","E07000033","E05003321"
"DE555LB",10,443631,360519,"E92000001","E19000001","E18000004","E10000007","E07000033","E05003321"
"DE555LD",10,443721,358345,"E92000001","E19000001","E18000004","E10000007","E07000033","E05003304"
"DE555LE",10,443677,360241,"E92000001","E19000001","E18000004","E10000007","E07000033","E05003321"
"DE555LF",10,444702,361214,"E92000001","E19000001","E18000004","E10000007","E07000033","E05003321"
"DE555LG",10,444703,361238,"E92000001","E19000001","E18000004","E10000007","E07000033","E05003321"
"DE555LH",10,444578,361256,"E92000001","E19000001","E18000004","E10000007","E07000033","E05003321"
"DE555LJ",10,444677,361281,"E92000001","E19000001","E18000004","E10000007","E07000033","E05003321"
"DE555LL",10,442965,358299,"E92000001","E19000001","E18000004","E10000007","E07000033","E05003304"
"DE555LN",10,443803,360682,"E92000001","E19000001","E18000004","E10000007","E07000033","E05003321"
"DE555LP",10,443022,358303,"E92000001","E19000001","E18000004","E10000007","E07000033","E05003304"
"DE555LQ",10,443742,360711,"E92000001","E19000001","E18000004","E10000007","E07000033","E05003321"
"DE555LR",10,443830,360887,"E92000001","E19000001","E18000004","E10000007","E07000033","E05003321"
"DE555LS",10,443664,360818,"E92000001","E19000001","E18000004","E10000007","E07000033","E05003321"
"DE555LT",10,443776,360958,"E92000001","E19000001","E18000004","E10000007","E07000033","E05003321"
"DE555LU",10,443724,360789,"E92000001","E19000001","E18000004","E10000007","E07000033","E05003321"
"DE555LW",10,443040,358357,"E92000001","E19000001","E18000004","E10000007","E07000033","E05003304"
"DE555LX",10,443572,360534,"E92000001","E19000001","E18000004","E10000007","E07000033","E05003321"
"DE555LY",10,443665,360682,"E92000001","E19000001","E18000004","E10000007","E07000033","E05003321"
"DE555LZ",10,442863,360366,"E92000001","E19000001","E18000004","E10000007","E07000033","E05003321"
"DE555NA",10,444071,360752,"E92000001","E19000001","E18000004","E10000007","E07000033","E05003321"
"DE555NB",10,444714,361412,"E92000001","E19000001","E18000004","E10000007","E07000033","E05003321"
"DE555ND",10,444451,361171,"E92000001","E19000001","E18000004","E10000007","E07000033","E05003321"
"DE555NE",10,444427,361282,"E92000001","E19000001","E18000004","E10000007","E07000033","E05003321"
"DE555NF",10,444712,361342,"E92000001","E19000001","E18000004","E10000007","E07000033","E05003321"
"DE555NG",10,445025,361225,"E92000001","E19000001","E18000004","E10000007","E07000033","E05003321"
"DE555NH",10,445193,360922,"E92000001","E19000001","E18000004","E10000007","E07000033","E05003321"
"DE555NJ",10,444520,361621,"E92000001","E19000001","E18000004","E10000007","E07000033","E05003321"
"DE555NL",10,444572,361669,"E92000001","E19000001","E18000004","E10000007","E07000033","E05003321"
"DE555NN",10,444579,361821,"E92000001","E19000001","E18000004","E10000007","E07000033","E05003321"
"DE555NP",10,444284,362418,"E92000001","E19000001","E18000004","E10000007","E07000033","E05003321"
"DE555NQ",10,445270,361047,"E92000001","E19000001","E18000004","E10000007","E07000033","E05003321"
"DE555NR",10,443597,360364,"E92000001","E19000001","E18000004","E10000007","E07000033","E05003321"
"DE555NS",10,444980,357844,"E92000001","E19000001","E18000004","E10000007","E07000033","E05003304"
"DE555NT",10,444215,360952,"E92000001","E19000001","E18000004","E10000007","E07000033","E05003321"
"DE555NU",10,444032,360893,"E92000001","E19000001","E18000004","E10000007","E07000033","E05003321"
"DE555NW",10,443785,361087,"E92000001","E19000001","E18000004","E10000007","E07000033","E05003321"
"DE555NX",10,443882,360697,"E92000001","E19000001","E18000004","E10000007","E07000033","E05003321"
"DE555NY",10,443727,360421,"E92000001","E19000001","E18000004","E10000007","E07000033","E05003321"
"DE555NZ",10,443491,360262,"E92000001","E19000001","E18000004","E10000007","E07000033","E05003321"
"DE555PA",10,443536,360238,"E92000001","E19000001","E18000004","E10000007","E07000033","E05003321"
"DE555PB",10,443563,360212,"E92000001","E19000001","E18000004","E10000007","E07000033","E05003321"
"DE555PD",10,443485,360068,"E92000001","E19000001","E18000004","E10000007","E07000033","E05003321"
"DE555PE",10,445347,358133,"E92000001","E19000001","E18000004","E10000007","E07000033","E05003304"
"DE555PF",10,443876,360187,"E92000001","E19000001","E18000004","E10000007","E07000033","E05003321"
"DE555PG",10,444024,360046,"E92000001","E19000001","E18000004","E10000007","E07000033","E05003321"
"DE555PH",10,443596,360127,"E92000001","E19000001","E18000004","E10000007","E07000033","E05003321"
"DE555PJ",10,443945,360403,"E92000001","E19000001","E18000004","E10000007","E07000033","E05003321"
"DE555PL",10,443818,360390,"E92000001","E19000001","E18000004","E10000007","E07000033","E05003321"
"DE555PN",10,443882,360396,"E92000001","E19000001","E18000004","E10000007","E07000033","E05003321"
"DE555PP",10,444236,361017,"E92000001","E19000001","E18000004","E10000007","E07000033","E05003321"
"DE555PQ",10,443932,360665,"E92000001","E19000001","E18000004","E10000007","E07000033","E05003321"
"DE555PR",10,443713,360584,"E92000001","E19000001","E18000004","E10000007","E07000033","E05003321"
"DE555PS",10,444320,361212,"E92000001","E19000001","E18000004","E10000007","E07000033","E05003321"
"DE555PT",10,444362,361287,"E92000001","E19000001","E18000004","E10000007","E07000033","E05003321"
"DE555PU",10,444392,361340,"E92000001","E19000001","E18000004","E10000007","E07000033","E05003321"
"DE555PW",10,444333,360924,"E92000001","E19000001","E18000004","E10000007","E07000033","E05003321"
"DE555PX",10,444377,360908,"E92000001","E19000001","E18000004","E10000007","E07000033","E05003321"
"DE555PY",10,444454,360906,"E92000001","E19000001","E18000004","E10000007","E07000033","E05003321"
"DE555PZ",10,444375,360815,"E92000001","E19000001","E18000004","E10000007","E07000033","E05003321"
"DE555QA",10,444408,360948,"E92000001","E19000001","E18000004","E10000007","E07000033","E05003321"
"DE555QB",10,444276,360870,"E92000001","E19000001","E18000004","E10000007","E07000033","E05003321"
"DE555QD",10,444278,360792,"E92000001","E19000001","E18000004","E10000007","E07000033","E05003321"
"DE555QE",10,443829,360194,"E92000001","E19000001","E18000004","E10000007","E07000033","E05003321"
"DE555QF",10,444260,360961,"E92000001","E19000001","E18000004","E10000007","E07000033","E05003321"
"DE555QG",10,444174,360877,"E92000001","E19000001","E18000004","E10000007","E07000033","E05003321"
"DE555QH",10,444464,360990,"E92000001","E19000001","E18000004","E10000007","E07000033","E05003321"
"DE555QJ",10,443427,360185,"E92000001","E19000001","E18000004","E10000007","E07000033","E05003321"
"DE555QN",10,443652,360087,"E92000001","E19000001","E18000004","E10000007","E07000033","E05003321"
"DE555QP",10,443746,360212,"E92000001","E19000001","E18000004","E10000007","E07000033","E05003321"
"DE555QR",10,443820,360272,"E92000001","E19000001","E18000004","E10000007","E07000033","E05003321"
"DE555QS",10,443903,360236,"E92000001","E19000001","E18000004","E10000007","E07000033","E05003321"
"DE555QT",10,444499,360848,"E92000001","E19000001","E18000004","E10000007","E07000033","E05003321"
"DE555QW",10,443700,360131,"E92000001","E19000001","E18000004","E10000007","E07000033","E05003321"
"DE555QX",10,443865,360464,"E92000001","E19000001","E18000004","E10000007","E07000033","E05003321"
"DE555QY",10,443890,360514,"E92000001","E19000001","E18000004","E10000007","E07000033","E05003321"
"DE555SA",10,444626,359416,"E92000001","E19000001","E18000004","E10000007","E07000033","E05003304"
"DE555SB",10,444558,359382,"E92000001","E19000001","E18000004","E10000007","E07000033","E05003304"
"DE555SD",10,444904,359466,"E92000001","E19000001","E18000004","E10000007","E07000033","E05003304"
"DE555SE",10,444577,359659,"E92000001","E19000001","E18000004","E10000007","E07000033","E05003304"
"DE555SF",10,443431,359569,"E92000001","E19000001","E18000004","E10000007","E07000033","E05003321"
"DE555SG",10,445348,360273,"E92000001","E19000001","E18000004","E10000007","E07000033","E05003304"
"DE555SH",10,444537,359278,"E92000001","E19000001","E18000004","E10000007","E07000033","E05003304"
"DE555SJ",10,444726,359403,"E92000001","E19000001","E18000004","E10000007","E07000033","E05003304"
"DE555SL",10,444493,359342,"E92000001","E19000001","E18000004","E10000007","E07000033","E05003304"
"DE555SZ",10,444731,360096,"E92000001","E19000001","E18000004","E10000007","E07000033","E05003321"
"DE555TA",10,444152,359083,"E92000001","E19000001","E18000004","E10000007","E07000033","E05003304"
"DE555TB",10,444242,359104,"E92000001","E19000001","E18000004","E10000007","E07000033","E05003304"
"DE555TD",10,444014,359417,"E92000001","E19000001","E18000004","E10000007","E07000033","E05003304"
"DE555TE",10,444234,359535,"E92000001","E19000001","E18000004","E10000007","E07000033","E05003304"
"DE555TF",10,444076,359633,"E92000001","E19000001","E18000004","E10000007","E07000033","E05003304"
"DE555TG",10,444160,359499,"E92000001","E19000001","E18000004","E10000007","E07000033","E05003304"
"DE555TH",10,444043,359515,"E92000001","E19000001","E18000004","E10000007","E07000033","E05003304"
"DE555TJ",10,444339,359423,"E92000001","E19000001","E18000004","E10000007","E07000033","E05003304"
"DE555TL",10,444372,359320,"E92000001","E19000001","E18000004","E10000007","E07000033","E05003304"
"DE555TN",10,444408,359183,"E92000001","E19000001","E18000004","E10000007","E07000033","E05003304"
"DE555TP",10,444186,359208,"E92000001","E19000001","E18000004","E10000007","E07000033","E05003304"
"DE555TQ",10,443962,359003,"E92000001","E19000001","E18000004","E10000007","E07000033","E05003304"
"DE555TR",10,443719,358709,"E92000001","E19000001","E18000004","E10000007","E07000033","E05003304"
"DE555TS",10,443799,358889,"E92000001","E19000001","E18000004","E10000007","E07000033","E05003304"
"DE555TT",10,443732,358824,"E92000001","E19000001","E18000004","E10000007","E07000033","E05003304"
"DE555TU",10,444185,359414,"E92000001","E19000001","E18000004","E10000007","E07000033","E05003304"
"DE555TW",10,444257,359375,"E92000001","E19000001","E18000004","E10000007","E07000033","E05003304"
"DE555TX",10,444252,359449,"E92000001","E19000001","E18000004","E10000007","E07000033","E05003304"
"DE555TY",10,444605,359554,"E92000001","E19000001","E18000004","E10000007","E07000033","E05003304"
"DE555TZ",10,444750,359882,"E92000001","E19000001","E18000004","E10000007","E07000033","E05003321"
"DE555UA",10,444086,359452,"E92000001","E19000001","E18000004","E10000007","E07000033","E05003304"
"DE555UB",10,444216,359336,"E92000001","E19000001","E18000004","E10000007","E07000033","E05003304"
"DE555UD",10,444051,359232,"E92000001","E19000001","E18000004","E10000007","E07000033","E05003304"
"DE555UE",10,444105,359344,"E92000001","E19000001","E18000004","E10000007","E07000033","E05003304"
"DE555UF",10,444058,359335,"E92000001","E19000001","E18000004","E10000007","E07000033","E05003304"
"DE555UG",10,444255,359152,"E92000001","E19000001","E18000004","E10000007","E07000033","E05003304"
"DE555UH",10,444212,359077,"E92000001","E19000001","E18000004","E10000007","E07000033","E05003304"
"DE555UL",10,444247,359046,"E92000001","E19000001","E18000004","E10000007","E07000033","E05003304"
"DE555UN",10,444183,359010,"E92000001","E19000001","E18000004","E10000007","E07000033","E05003304"
"DE555UQ",10,444155,359272,"E92000001","E19000001","E18000004","E10000007","E07000033","E05003304"
"DE555ZU",10,442143,354426,"E92000001","E19000001","E18000004","E10000007","E07000032","E05003299"
"DE556AA",10,439647,358363,"E92000001","E19000001","E18000004","E10000007","E07000038","E05003437"
"DE556AB",10,439424,358318,"E92000001","E19000001","E18000004","E10000007","E07000038","E05003437"
"DE556AD",10,439399,358433,"E92000001","E19000001","E18000004","E10000007","E07000038","E05003437"
"DE556AE",10,439458,358487,"E92000001","E19000001","E18000004","E10000007","E07000038","E05003437"
"DE556AF",10,439342,358367,"E92000001","E19000001","E18000004","E10000007","E07000038","E05003437"
"DE556AG",10,439203,358340,"E92000001","E19000001","E18000004","E10000007","E07000038","E05003437"
"DE556AH",10,438703,358376,"E92000001","E19000001","E18000004","E10000007","E07000038","E05003437"
"DE556AJ",10,438347,357994,"E92000001","E19000001","E18000004","E10000007","E07000038","E05003437"
"DE556AL",10,437743,358330,"E92000001","E19000001","E18000004","E10000007","E07000038","E05003437"
"DE556AN",10,437462,358890,"E92000001","E19000001","E18000004","E10000007","E07000038","E05003437"
"DE556AP",10,437788,359728,"E92000001","E19000001","E18000004","E10000007","E07000038","E05003437"
"DE556AQ",10,436864,358947,"E92000001","E19000001","E18000004","E10000007","E07000038","E05003437"
"DE556AR",10,436843,358628,"E92000001","E19000001","E18000004","E10000007","E07000038","E05003437"
"DE556AS",10,437038,358141,"E92000001","E19000001","E18000004","E10000007","E07000038","E05003437"
"DE556AT",10,439865,358163,"E92000001","E19000001","E18000004","E10000007","E07000038","E05003437"
"DE556AU",10,439745,357484,"E92000001","E19000001","E18000004","E10000007","E07000038","E05003437"
"DE556AW",10,440915,357264,"E92000001","E19000001","E18000004","E10000007","E07000038","E05003437"
"DE556AX",10,441310,357689,"E92000001","E19000001","E18000004","E10000007","E07000038","E05003437"
"DE556AY",10,440453,358244,"E92000001","E19000001","E18000004","E10000007","E07000038","E05003437"
"DE556AZ",10,440288,358142,"E92000001","E19000001","E18000004","E10000007","E07000038","E05003437"
"DE556BA",10,440173,358173,"E92000001","E19000001","E18000004","E10000007","E07000038","E05003437"
"DE556BB",10,439885,358614,"E92000001","E19000001","E18000004","E10000007","E07000038","E05003437"
"DE556BD",10,440225,358191,"E92000001","E19000001","E18000004","E10000007","E07000038","E05003437"
"DE556BE",10,440168,358213,"E92000001","E19000001","E18000004","E10000007","E07000038","E05003437"
"DE556BG",10,440131,358254,"E92000001","E19000001","E18000004","E10000007","E07000038","E05003437"
"DE556BH",10,440172,358265,"E92000001","E19000001","E18000004","E10000007","E07000038","E05003437"
"DE556BJ",10,440003,358547,"E92000001","E19000001","E18000004","E10000007","E07000038","E05003437"
"DE556BL",10,439770,358952,"E92000001","E19000001","E18000004","E10000007","E07000038","E05003437"
"DE556BN",10,439533,358990,"E92000001","E19000001","E18000004","E10000007","E07000038","E05003437"
"DE556BP",10,439495,358899,"E92000001","E19000001","E18000004","E10000007","E07000038","E05003437"
"DE556BQ",10,439436,358951,"E92000001","E19000001","E18000004","E10000007","E07000038","E05003437"
"DE556BR",10,439660,359006,"E92000001","E19000001","E18000004","E10000007","E07000038","E05003437"
"DE556BS",10,439957,359144,"E92000001","E19000001","E18000004","E10000007","E07000038","E05003437"
"DE556BT",10,440365,359290,"E92000001","E19000001","E18000004","E10000007","E07000038","E05003437"
"DE556BU",10,439594,359071,"E92000001","E19000001","E18000004","E10000007","E07000038","E05003437"
"DE556BW",10,439655,359135,"E92000001","E19000001","E18000004","E10000007","E07000038","E05003437"
"DE556BX",10,439723,358923,"E92000001","E19000001","E18000004","E10000007","E07000038","E05003437"
"DE556BY",10,436623,357720,"E92000001","E19000001","E18000004","E10000007","E07000038","E05003437"
"DE556DA",10,435663,358399,"E92000001","E19000001","E18000004","E10000007","E07000038","E05003437"
"DE556DB",10,435220,358837,"E92000001","E19000001","E18000004","E10000007","E07000038","E05003417"
"DE556DD",10,436184,358737,"E92000001","E19000001","E18000004","E10000007","E07000038","E05003437"
"DE556DE",10,435975,359095,"E92000001","E19000001","E18000004","E10000007","E07000038","E05003437"
"DE556DF",10,436513,358945,"E92000001","E19000001","E18000004","E10000007","E07000038","E05003437"
"DE556DG",10,436594,359095,"E92000001","E19000001","E18000004","E10000007","E07000038","E05003437"
"DE556DH",10,439278,358336,"E92000001","E19000001","E18000004","E10000007","E07000038","E05003437"
"DE556DJ",10,437695,357625,"E92000001","E19000001","E18000004","E10000007","E07000038","E05003437"
"DE556DL",10,437778,357751,"E92000001","E19000001","E18000004","E10000007","E07000038","E05003437"
"DE556DN",10,437881,357285,"E92000001","E19000001","E18000004","E10000007","E07000038","E05003437"
"DE556DP",10,437328,357610,"E92000001","E19000001","E18000004","E10000007","E07000038","E05003437"
"DE556DQ",10,437137,357763,"E92000001","E19000001","E18000004","E10000007","E07000038","E05003437"
"DE556DR",10,437320,357804,"E92000001","E19000001","E18000004","E10000007","E07000038","E05003437"
"DE556DS",10,436870,357942,"E92000001","E19000001","E18000004","E10000007","E07000038","E05003437"
"DE556DT",10,436933,357954,"E92000001","E19000001","E18000004","E10000007","E07000038","E05003437"
"DE556DU",10,436955,357345,"E92000001","E19000001","E18000004","E10000007","E07000038","E05003437"
"DE556DW",10,436962,357935,"E92000001","E19000001","E18000004","E10000007","E07000038","E05003437"
"DE556DX",10,437061,357914,"E92000001","E19000001","E18000004","E10000007","E07000038","E05003437"
"DE556DY",10,437102,357994,"E92000001","E19000001","E18000004","E10000007","E07000038","E05003437"
"DE556DZ",10,437180,357937,"E92000001","E19000001","E18000004","E10000007","E07000038","E05003437"
"DE556EA",10,437202,357848,"E92000001","E19000001","E18000004","E10000007","E07000038","E05003437"
"DE556EB",10,437151,357809,"E92000001","E19000001","E18000004","E10000007","E07000038","E05003437"
"DE556ED",10,435875,358915,"E92000001","E19000001","E18000004","E10000007","E07000038","E05003437"
"DE556EE",10,435701,359197,"E92000001","E19000001","E18000004","E10000007","E07000038","E05003437"
"DE556EF",10,439067,359347,"E92000001","E19000001","E18000004","E10000007","E07000038","E05003437"
"DE556EG",10,439191,359339,"E92000001","E19000001","E18000004","E10000007","E07000038","E05003437"
"DE556EH",10,439006,359001,"E92000001","E19000001","E18000004","E10000007","E07000038","E05003437"
"DE556EJ",10,439202,358896,"E92000001","E19000001","E18000004","E10000007","E07000038","E05003437"
"DE556EL",10,438118,360070,"E92000001","E19000001","E18000004","E10000007","E07000038","E05003434"
"DE556EN",10,439557,359939,"E92000001","E19000001","E18000004","E10000007","E07000038","E05003437"
"DE556EP",10,439523,359074,"E92000001","E19000001","E18000004","E10000007","E07000038","E05003437"
"DE556EQ",10,439992,358628,"E92000001","E19000001","E18000004","E10000007","E07000038","E05003437"
"DE556ER",10,434758,359243,"E92000001","E19000001","E18000004","E10000007","E07000038","E05003417"
"DE556ES",10,439508,360241,"E92000001","E19000001","E18000004","E10000007","E07000038","E05003437"
"DE556ET",10,439333,360995,"E92000001","E19000001","E18000004","E10000007","E07000038","E05003437"
"DE556EU",10,439225,361240,"E92000001","E19000001","E18000004","E10000007","E07000038","E05003434"
"DE556EW",10,439318,361549,"E92000001","E19000001","E18000004","E10000007","E07000038","E05003434"
"DE556EX",10,439599,361469,"E92000001","E19000001","E18000004","E10000007","E07000038","E05003434"
"DE556EY",10,439699,358973,"E92000001","E19000001","E18000004","E10000007","E07000038","E05003437"
"DE556EZ",10,436939,357773,"E92000001","E19000001","E18000004","E10000007","E07000038","E05003437"
"DE556FB",10,439364,361881,"E92000001","E19000001","E18000004","E10000007","E07000038","E05003434"
"DE556FD",10,439032,361693,"E92000001","E19000001","E18000004","E10000007","E07000038","E05003434"
"DE556FE",10,438748,361431,"E92000001","E19000001","E18000004","E10000007","E07000038","E05003434"
"DE556FF",10,436890,361539,"E92000001","E19000001","E18000004","E10000007","E07000038","E05003434"
"DE556FG",10,436738,361445,"E92000001","E19000001","E18000004","E10000007","E07000038","E05003434"
"DE556FH",10,436898,361401,"E92000001","E19000001","E18000004","E10000007","E07000038","E05003434"
"DE556FJ",10,437162,361175,"E92000001","E19000001","E18000004","E10000007","E07000038","E05003434"
"DE556FL",10,437201,361018,"E92000001","E19000001","E18000004","E10000007","E07000038","E05003434"
"DE556FN",10,437133,360399,"E92000001","E19000001","E18000004","E10000007","E07000038","E05003437"
"DE556FP",10,437987,360604,"E92000001","E19000001","E18000004","E10000007","E07000038","E05003434"
"DE556FQ",10,436893,357804,"E92000001","E19000001","E18000004","E10000007","E07000038","E05003437"
"DE556FR",10,438157,361343,"E92000001","E19000001","E18000004","E10000007","E07000038","E05003434"
"DE556FS",10,439583,358953,"E92000001","E19000001","E18000004","E10000007","E07000038","E05003437"
"DE556FT",10,439023,360163,"E92000001","E19000001","E18000004","E10000007","E07000038","E05003437"
"DE556FW",10,439215,360368,"E92000001","E19000001","E18000004","E10000007","E07000038","E05003437"
"DE556FX",10,439153,360177,"E92000001","E19000001","E18000004","E10000007","E07000038","E05003437"
"DE556FY",10,439105,360125,"E92000001","E19000001","E18000004","E10000007","E07000038","E05003437"
"DE556FZ",10,439076,360357,"E92000001","E19000001","E18000004","E10000007","E07000038","E05003437"
"DE556GA",10,439093,360274,"E92000001","E19000001","E18000004","E10000007","E07000038","E05003437"
"DE556GB",10,439052,360045,"E92000001","E19000001","E18000004","E10000007","E07000038","E05003437"
"DE556GD",10,439035,359904,"E92000001","E19000001","E18000004","E10000007","E07000038","E05003437"
"DE556GE",10,439038,359817,"E92000001","E19000001","E18000004","E10000007","E07000038","E05003437"
"DE556GF",10,439095,359854,"E92000001","E19000001","E18000004","E10000007","E07000038","E05003437"
"DE556GG",10,439148,359831,"E92000001","E19000001","E18000004","E10000007","E07000038","E05003437"
"DE556GH",10,439139,359909,"E92000001","E19000001","E18000004","E10000007","E07000038","E05003437"
"DE556GJ",10,439207,360123,"E92000001","E19000001","E18000004","E10000007","E07000038","E05003437"
"DE556GL",10,439144,360139,"E92000001","E19000001","E18000004","E10000007","E07000038","E05003437"
"DE556GN",10,439017,359769,"E92000001","E19000001","E18000004","E10000007","E07000038","E05003437"
"DE556GP",10,439070,359705,"E92000001","E19000001","E18000004","E10000007","E07000038","E05003437"
"DE556GQ",10,439172,359742,"E92000001","E19000001","E18000004","E10000007","E07000038","E05003437"
"DE556GR",10,440991,360206,"E92000001","E19000001","E18000004","E10000007","E07000038","E05003434"
"DE556GS",10,440945,360111,"E92000001","E19000001","E18000004","E10000007","E07000038","E05003434"
"DE556GT",10,440899,360206,"E92000001","E19000001","E18000004","E10000007","E07000038","E05003434"
"DE556GU",10,440793,359992,"E92000001","E19000001","E18000004","E10000007","E07000038","E05003434"
"DE556GW",10,440508,360314,"E92000001","E19000001","E18000004","E10000007","E07000038","E05003434"
"DE556GX",10,440084,360488,"E92000001","E19000001","E18000004","E10000007","E07000038","E05003434"
"DE556GY",10,440084,360388,"E92000001","E19000001","E18000004","E10000007","E07000038","E05003434"
"DE556GZ",10,440647,360370,"E92000001","E19000001","E18000004","E10000007","E07000038","E05003434"
"DE556HA",10,440696,360401,"E92000001","E19000001","E18000004","E10000007","E07000038","E05003434"
"DE556HB",10,441094,361390,"E92000001","E19000001","E18000004","E10000007","E07000038","E05003434"
"DE556HD",10,440106,360700,"E92000001","E19000001","E18000004","E10000007","E07000038","E05003434"
"DE556HE",10,440741,360261,"E92000001","E19000001","E18000004","E10000007","E07000038","E05003434"
"DE556HF",10,440168,360385,"E92000001","E19000001","E18000004","E10000007","E07000038","E05003434"
"DE556HG",10,439060,360170,"E92000001","E19000001","E18000004","E10000007","E07000038","E05003437"
"DE556HH",10,441140,360111,"E92000001","E19000001","E18000004","E10000007","E07000038","E05003434"
"DE556HJ",10,441449,360123,"E92000001","E19000001","E18000004","E10000007","E07000038","E05003434"
"DE556HL",10,441353,360141,"E92000001","E19000001","E18000004","E10000007","E07000038","E05003434"
"DE556HN",10,441631,360214,"E92000001","E19000001","E18000004","E10000007","E07000038","E05003434"
"DE556HP",10,441680,360291,"E92000001","E19000001","E18000004","E10000007","E07000038","E05003434"
"DE556HQ",10,441542,361019,"E92000001","E19000001","E18000004","E10000007","E07000038","E05003434"
"DE556HR",10,441609,360354,"E92000001","E19000001","E18000004","E10000007","E07000038","E05003434"
"DE556HS",10,441672,360376,"E92000001","E19000001","E18000004","E10000007","E07000038","E05003434"
"DE556HT",10,441777,360269,"E92000001","E19000001","E18000004","E10000007","E07000038","E05003434"
"DE556HU",10,440928,359350,"E92000001","E19000001","E18000004","E10000007","E07000038","E05003437"
"DE556HW",10,440941,359147,"E92000001","E19000001","E18000004","E10000007","E07000038","E05003437"
"DE556HX",10,440963,359304,"E92000001","E19000001","E18000004","E10000007","E07000038","E05003437"
"DE556HY",10,441008,359127,"E92000001","E19000001","E18000004","E10000007","E07000038","E05003437"
"DE556HZ",10,440754,359058,"E92000001","E19000001","E18000004","E10000007","E07000038","E05003437"
"DE556JA",10,440844,359291,"E92000001","E19000001","E18000004","E10000007","E07000038","E05003437"
"DE556JB",10,440706,359291,"E92000001","E19000001","E18000004","E10000007","E07000038","E05003437"
"DE556JD",10,440743,359226,"E92000001","E19000001","E18000004","E10000007","E07000038","E05003437"
"DE556JE",10,440822,359253,"E92000001","E19000001","E18000004","E10000007","E07000038","E05003437"
"DE556JF",10,440704,359143,"E92000001","E19000001","E18000004","E10000007","E07000038","E05003437"
"DE556JG",10,440802,359150,"E92000001","E19000001","E18000004","E10000007","E07000038","E05003437"
"DE556JH",10,440805,359126,"E92000001","E19000001","E18000004","E10000007","E07000038","E05003437"
"DE556JJ",10,440833,359077,"E92000001","E19000001","E18000004","E10000007","E07000038","E05003437"
"DE556JL",10,440697,358994,"E92000001","E19000001","E18000004","E10000007","E07000038","E05003437"
"DE556JP",10,441965,359988,"E92000001","E19000001","E18000004","E10000007","E07000033","E05003321"
"DE556JQ",10,442002,360039,"E92000001","E19000001","E18000004","E10000007","E07000033","E05003321"
"DE556JR",10,441988,360213,"E92000001","E19000001","E18000004","E10000007","E07000033","E05003321"
"DE556JS",10,442124,360234,"E92000001","E19000001","E18000004","E10000007","E07000033","E05003321"
"DE556JT",10,441587,359748,"E92000001","E19000001","E18000004","E10000007","E07000038","E05003437"
"DE556JU",10,441551,359678,"E92000001","E19000001","E18000004","E10000007","E07000038","E05003437"
"DE556JW",10,441638,359704,"E92000001","E19000001","E18000004","E10000007","E07000038","E05003437"
"DE556JX",10,441378,359708,"E92000001","E19000001","E18000004","E10000007","E07000038","E05003437"
"DE556JY",10,441200,359558,"E92000001","E19000001","E18000004","E10000007","E07000038","E05003437"
"DE556JZ",10,441474,359120,"E92000001","E19000001","E18000004","E10000007","E07000038","E05003437"
"DE556LA",10,440925,359418,"E92000001","E19000001","E18000004","E10000007","E07000038","E05003437"
"DE556LB",10,440817,359454,"E92000001","E19000001","E18000004","E10000007","E07000038","E05003437"
"DE556LD",10,440720,359332,"E92000001","E19000001","E18000004","E10000007","E07000038","E05003437"
"DE556LE",10,440643,359212,"E92000001","E19000001","E18000004","E10000007","E07000038","E05003437"
"DE556LF",10,440598,359204,"E92000001","E19000001","E18000004","E10000007","E07000038","E05003437"
"DE556LG",10,440524,359217,"E92000001","E19000001","E18000004","E10000007","E07000038","E05003437"
"DE556LH",10,440482,359158,"E92000001","E19000001","E18000004","E10000007","E07000038","E05003437"
"DE556LJ",10,440923,359550,"E92000001","E19000001","E18000004","E10000007","E07000038","E05003437"
"DE556LL",10,441694,359782,"E92000001","E19000001","E18000004","E10000007","E07000038","E05003437"
"DE556LP",10,440875,359501,"E92000001","E19000001","E18000004","E10000007","E07000038","E05003437"
"DE556LQ",10,441515,359892,"E92000001","E19000001","E18000004","E10000007","E07000038","E05003437"
"DE556LR",10,441298,359614,"E92000001","E19000001","E18000004","E10000007","E07000038","E05003437"
"DE556LS",10,440578,359372,"E92000001","E19000001","E18000004","E10000007","E07000038","E05003437"
"DE556LU",10,439599,358409,"E92000001","E19000001","E18000004","E10000007","E07000038","E05003437"
"DE556LW",10,441898,360213,"E92000001","E19000001","E18000004","E10000007","E07000033","E05003321"
"DE556LX",10,439554,358400,"E92000001","E19000001","E18000004","E10000007","E07000038","E05003437"
"DE556LY",10,439583,358438,"E92000001","E19000001","E18000004","E10000007","E07000038","E05003437"
"DE556LZ",10,442175,360970,"E92000001","E19000001","E18000004","E10000007","E07000038","E05003434"
"DE557AD",10,440707,354579,"E92000001","E19000001","E18000004","E10000007","E07000032","E05003301"
"DE557AE",10,440931,355728,"E92000001","E19000001","E18000004","E10000007","E07000032","E05003280"
"DE557AF",10,440919,355685,"E92000001","E19000001","E18000004","E10000007","E07000032","E05003280"
"DE557AG",10,440892,355725,"E92000001","E19000001","E18000004","E10000007","E07000032","E05003280"
"DE557AH",10,440818,355787,"E92000001","E19000001","E18000004","E10000007","E07000032","E05003280"
"DE557AJ",10,440885,355792,"E92000001","E19000001","E18000004","E10000007","E07000032","E05003280"
"DE557AL",10,440514,355474,"E92000001","E19000001","E18000004","E10000007","E07000032","E05003280"
"DE557AN",10,440307,355171,"E92000001","E19000001","E18000004","E10000007","E07000032","E05003280"
"DE557AP",10,439903,355310,"E92000001","E19000001","E18000004","E10000007","E07000032","E05003302"
"DE557AQ",10,440702,355124,"E92000001","E19000001","E18000004","E10000007","E07000032","E05003280"
"DE557AS",10,440777,354650,"E92000001","E19000001","E18000004","E10000007","E07000032","E05003301"
"DE557AT",10,440701,354902,"E92000001","E19000001","E18000004","E10000007","E07000032","E05003280"
"DE557AU",10,440761,355001,"E92000001","E19000001","E18000004","E10000007","E07000032","E05003280"
"DE557AW",10,440796,355177,"E92000001","E19000001","E18000004","E10000007","E07000032","E05003280"
"DE557AX",10,440775,355163,"E92000001","E19000001","E18000004","E10000007","E07000032","E05003280"
"DE557AY",10,440851,355157,"E92000001","E19000001","E18000004","E10000007","E07000032","E05003280"
"DE557AZ",10,440956,355116,"E92000001","E19000001","E18000004","E10000007","E07000032","E05003280"
"DE557BB",10,440984,355748,"E92000001","E19000001","E18000004","E10000007","E07000032","E05003280"
"DE557BD",10,440726,355680,"E92000001","E19000001","E18000004","E10000007","E07000032","E05003280"
"DE557BE",10,441165,355765,"E92000001","E19000001","E18000004","E10000007","E07000032","E05003280"
"DE557BH",10,441164,355739,"E92000001","E19000001","E18000004","E10000007","E07000032","E05003280"
"DE557BJ",10,441130,355681,"E92000001","E19000001","E18000004","E10000007","E07000032","E05003280"
"DE557BL",10,441043,355735,"E92000001","E19000001","E18000004","E10000007","E07000032","E05003280"
"DE557BN",10,440992,355752,"E92000001","E19000001","E18000004","E10000007","E07000032","E05003280"
"DE557BP",10,440997,355706,"E92000001","E19000001","E18000004","E10000007","E07000032","E05003280"
"DE557BQ",10,441067,355672,"E92000001","E19000001","E18000004","E10000007","E07000032","E05003280"
"DE557BR",10,441260,355674,"E92000001","E19000001","E18000004","E10000007","E07000032","E05003280"
"DE557BT",10,441145,355547,"E92000001","E19000001","E18000004","E10000007","E07000032","E05003280"
"DE557BU",10,441032,355593,"E92000001","E19000001","E18000004","E10000007","E07000032","E05003280"
"DE557BW",10,441111,355476,"E92000001","E19000001","E18000004","E10000007","E07000032","E05003280"
"DE557BY",10,440902,355616,"E92000001","E19000001","E18000004","E10000007","E07000032","E05003280"
"DE557DB",10,440937,355759,"E92000001","E19000001","E18000004","E10000007","E07000032","E05003280"
"DE557DD",10,440866,355580,"E92000001","E19000001","E18000004","E10000007","E07000032","E05003280"
"DE557DE",10,440841,355376,"E92000001","E19000001","E18000004","E10000007","E07000032","E05003280"
"DE557DF",10,440755,355309,"E92000001","E19000001","E18000004","E10000007","E07000032","E05003280"
"DE557DG",10,440914,355311,"E92000001","E19000001","E18000004","E10000007","E07000032","E05003280"
"DE557DH",10,440909,355369,"E92000001","E19000001","E18000004","E10000007","E07000032","E05003280"
"DE557DJ",10,440872,355053,"E92000001","E19000001","E18000004","E10000007","E07000032","E05003280"
"DE557DL",10,440959,355963,"E92000001","E19000001","E18000004","E10000007","E07000032","E05003280"
"DE557DN",10,440984,355784,"E92000001","E19000001","E18000004","E10000007","E07000032","E05003280"
"DE557DP",10,441160,355788,"E92000001","E19000001","E18000004","E10000007","E07000032","E05003280"
"DE557DQ",10,440854,355648,"E92000001","E19000001","E18000004","E10000007","E07000032","E05003280"
"DE557DR",10,440995,355789,"E92000001","E19000001","E18000004","E10000007","E07000032","E05003280"
"DE557DS",10,440979,355840,"E92000001","E19000001","E18000004","E10000007","E07000032","E05003280"
"DE557DT",10,440889,355911,"E92000001","E19000001","E18000004","E10000007","E07000032","E05003280"
"DE557DU",10,440842,355461,"E92000001","E19000001","E18000004","E10000007","E07000032","E05003280"
"DE557DW",10,441084,355874,"E92000001","E19000001","E18000004","E10000007","E07000032","E05003280"
"DE557DY",10,441043,356019,"E92000001","E19000001","E18000004","E10000007","E07000032","E05003280"
"DE557DZ",10,441093,355954,"E92000001","E19000001","E18000004","E10000007","E07000032","E05003280"
"DE557EA",10,441040,356020,"E92000001","E19000001","E18000004","E10000007","E07000032","E05003280"
"DE557EB",10,441076,356147,"E92000001","E19000001","E18000004","E10000007","E07000032","E05003280"
"DE557ED",10,440953,356161,"E92000001","E19000001","E18000004","E10000007","E07000032","E05003280"
"DE557EE",10,441094,356182,"E92000001","E19000001","E18000004","E10000007","E07000032","E05003280"
"DE557EF",10,441116,356251,"E92000001","E19000001","E18000004","E10000007","E07000032","E05003280"
"DE557EG",10,442094,356438,"E92000001","E19000001","E18000004","E10000007","E07000032","E05003280"
"DE557EH",10,441521,355663,"E92000001","E19000001","E18000004","E10000007","E07000032","E05003280"
"DE557EJ",10,441729,355419,"E92000001","E19000001","E18000004","E10000007","E07000032","E05003280"
"DE557EL",10,441364,355968,"E92000001","E19000001","E18000004","E10000007","E07000032","E05003280"
"DE557EN",10,441343,356150,"E92000001","E19000001","E18000004","E10000007","E07000032","E05003280"
"DE557EP",10,441395,355992,"E92000001","E19000001","E18000004","E10000007","E07000032","E05003280"
"DE557EQ",10,441519,356076,"E92000001","E19000001","E18000004","E10000007","E07000032","E05003280"
"DE557ER",10,441404,356032,"E92000001","E19000001","E18000004","E10000007","E07000032","E05003280"
"DE557ES",10,441610,356041,"E92000001","E19000001","E18000004","E10000007","E07000032","E05003280"
"DE557ET",10,441406,356132,"E92000001","E19000001","E18000004","E10000007","E07000032","E05003280"
"DE557EU",10,441505,356155,"E92000001","E19000001","E18000004","E10000007","E07000032","E05003280"
"DE557EW",10,441577,356184,"E92000001","E19000001","E18000004","E10000007","E07000032","E05003280"
"DE557EX",10,441516,356255,"E92000001","E19000001","E18000004","E10000007","E07000032","E05003280"
"DE557EY",10,441549,355963,"E92000001","E19000001","E18000004","E10000007","E07000032","E05003280"
"DE557EZ",10,441752,356062,"E92000001","E19000001","E18000004","E10000007","E07000032","E05003280"
"DE557FA",10,441883,354737,"E92000001","E19000001","E18000004","E10000007","E07000032","E05003299"
"DE557FB",10,441472,355947,"E92000001","E19000001","E18000004","E10000007","E07000032","E05003280"
"DE557FD",10,441910,356324,"E92000001","E19000001","E18000004","E10000007","E07000032","E05003280"
"DE557FE",10,441975,356365,"E92000001","E19000001","E18000004","E10000007","E07000032","E05003280"
"DE557FF",10,441292,356102,"E92000001","E19000001","E18000004","E10000007","E07000032","E05003280"
"DE557FH",10,441806,356222,"E92000001","E19000001","E18000004","E10000007","E07000032","E05003280"
"DE557FJ",10,442024,356059,"E92000001","E19000001","E18000004","E10000007","E07000032","E05003280"
"DE557FL",10,441866,355223,"E92000001","E19000001","E18000004","E10000007","E07000032","E05003280"
"DE557FP",10,441820,355244,"E92000001","E19000001","E18000004","E10000007","E07000032","E05003280"
"DE557FQ",10,441789,354895,"E92000001","E19000001","E18000004","E10000007","E07000032","E05003299"
"DE557FR",10,441703,355289,"E92000001","E19000001","E18000004","E10000007","E07000032","E05003280"
"DE557FS",10,441765,355203,"E92000001","E19000001","E18000004","E10000007","E07000032","E05003280"
"DE557FT",10,441689,355137,"E92000001","E19000001","E18000004","E10000007","E07000032","E05003280"
"DE557FU",10,441326,355857,"E92000001","E19000001","E18000004","E10000007","E07000032","E05003280"
"DE557FW",10,441575,355155,"E92000001","E19000001","E18000004","E10000007","E07000032","E05003280"
"DE557FX",10,441666,355119,"E92000001","E19000001","E18000004","E10000007","E07000032","E05003280"
"DE557FY",10,441590,355199,"E92000001","E19000001","E18000004","E10000007","E07000032","E05003280"
"DE557FZ",10,441632,355357,"E92000001","E19000001","E18000004","E10000007","E07000032","E05003280"
"DE557GA",10,441606,355381,"E92000001","E19000001","E18000004","E10000007","E07000032","E05003280"
"DE557GB",10,441689,355358,"E92000001","E19000001","E18000004","E10000007","E07000032","E05003280"
"DE557GD",10,441441,355206,"E92000001","E19000001","E18000004","E10000007","E07000032","E05003280"
"DE557GE",10,441440,355121,"E92000001","E19000001","E18000004","E10000007","E07000032","E05003280"
"DE557GF",10,441558,355093,"E92000001","E19000001","E18000004","E10000007","E07000032","E05003280"
"DE557GG",10,441535,355256,"E92000001","E19000001","E18000004","E10000007","E07000032","E05003280"
"DE557GL",10,441635,355581,"E92000001","E19000001","E18000004","E10000007","E07000032","E05003280"
"DE557GN",10,441701,354804,"E92000001","E19000001","E18000004","E10000007","E07000032","E05003299"
"DE557GQ",10,441806,355463,"E92000001","E19000001","E18000004","E10000007","E07000032","E05003280"
"DE557GR",10,441691,355602,"E92000001","E19000001","E18000004","E10000007","E07000032","E05003280"
"DE557GS",10,441604,355525,"E92000001","E19000001","E18000004","E10000007","E07000032","E05003280"
"DE557GT",10,441643,355692,"E92000001","E19000001","E18000004","E10000007","E07000032","E05003280"
"DE557GU",10,441709,355756,"E92000001","E19000001","E18000004","E10000007","E07000032","E05003280"
"DE557GW",10,441702,355666,"E92000001","E19000001","E18000004","E10000007","E07000032","E05003280"
"DE557GX",10,441750,355652,"E92000001","E19000001","E18000004","E10000007","E07000032","E05003280"
"DE557GY",10,441807,355795,"E92000001","E19000001","E18000004","E10000007","E07000032","E05003280"
"DE557GZ",10,441950,355518,"E92000001","E19000001","E18000004","E10000007","E07000032","E05003280"
"DE557HA",10,442061,355422,"E92000001","E19000001","E18000004","E10000007","E07000032","E05003280"
"DE557HB",10,442138,355229,"E92000001","E19000001","E18000004","E10000007","E07000032","E05003280"
"DE557HD",10,441958,355222,"E92000001","E19000001","E18000004","E10000007","E07000032","E05003280"
"DE557HE",10,441993,355489,"E92000001","E19000001","E18000004","E10000007","E07000032","E05003280"
"DE557HF",10,442113,355296,"E92000001","E19000001","E18000004","E10000007","E07000032","E05003280"
"DE557HG",10,442210,355351,"E92000001","E19000001","E18000004","E10000007","E07000032","E05003280"
"DE557HH",10,441282,355762,"E92000001","E19000001","E18000004","E10000007","E07000032","E05003280"
"DE557HJ",10,442070,355378,"E92000001","E19000001","E18000004","E10000007","E07000032","E05003280"
"DE557HL",10,441460,355709,"E92000001","E19000001","E18000004","E10000007","E07000032","E05003280"
"DE557HP",10,441315,355712,"E92000001","E19000001","E18000004","E10000007","E07000032","E05003280"
"DE557HQ",10,441292,355737,"E92000001","E19000001","E18000004","E10000007","E07000032","E05003280"
"DE557HR",10,441363,355615,"E92000001","E19000001","E18000004","E10000007","E07000032","E05003280"
"DE557HS",10,441431,355771,"E92000001","E19000001","E18000004","E10000007","E07000032","E05003280"
"DE557HT",10,441399,355613,"E92000001","E19000001","E18000004","E10000007","E07000032","E05003280"
"DE557HU",10,441519,355765,"E92000001","E19000001","E18000004","E10000007","E07000032","E05003280"
"DE557HW",10,441617,355751,"E92000001","E19000001","E18000004","E10000007","E07000032","E05003280"
"DE557HX",10,441490,355585,"E92000001","E19000001","E18000004","E10000007","E07000032","E05003280"
"DE557HY",10,441546,355602,"E92000001","E19000001","E18000004","E10000007","E07000032","E05003280"
"DE557HZ",10,441055,355391,"E92000001","E19000001","E18000004","E10000007","E07000032","E05003280"
"DE557JA",10,441213,355419,"E92000001","E19000001","E18000004","E10000007","E07000032","E05003280"
"DE557JB",10,441373,355470,"E92000001","E19000001","E18000004","E10000007","E07000032","E05003280"
"DE557JD",10,441009,355198,"E92000001","E19000001","E18000004","E10000007","E07000032","E05003280"
"DE557JE",10,440896,355231,"E92000001","E19000001","E18000004","E10000007","E07000032","E05003280"
"DE557JF",10,441951,356064,"E92000001","E19000001","E18000004","E10000007","E07000032","E05003280"
"DE557JG",10,442201,355414,"E92000001","E19000001","E18000004","E10000007","E07000032","E05003280"
"DE557JH",10,441032,354965,"E92000001","E19000001","E18000004","E10000007","E07000032","E05003280"
"DE557JJ",10,441571,355871,"E92000001","E19000001","E18000004","E10000007","E07000032","E05003280"
"DE557JL",10,441540,355833,"E92000001","E19000001","E18000004","E10000007","E07000032","E05003280"
"DE557JN",10,441778,355916,"E92000001","E19000001","E18000004","E10000007","E07000032","E05003280"
"DE557JP",10,441914,355891,"E92000001","E19000001","E18000004","E10000007","E07000032","E05003280"
"DE557JQ",10,442144,355985,"E92000001","E19000001","E18000004","E10000007","E07000032","E05003280"
"DE557JR",10,442127,356188,"E92000001","E19000001","E18000004","E10000007","E07000032","E05003280"
"DE557JS",10,441846,355972,"E92000001","E19000001","E18000004","E10000007","E07000032","E05003280"
"DE557JT",10,441910,356019,"E92000001","E19000001","E18000004","E10000007","E07000032","E05003280"
"DE557JU",10,442030,356001,"E92000001","E19000001","E18000004","E10000007","E07000032","E05003280"
"DE557JW",10,442122,356035,"E92000001","E19000001","E18000004","E10000007","E07000032","E05003280"
"DE557JX",10,441915,355803,"E92000001","E19000001","E18000004","E10000007","E07000032","E05003280"
"DE557JY",10,441820,355603,"E92000001","E19000001","E18000004","E10000007","E07000032","E05003280"
"DE557JZ",10,441949,355558,"E92000001","E19000001","E18000004","E10000007","E07000032","E05003280"
"DE557LA",10,442040,355712,"E92000001","E19000001","E18000004","E10000007","E07000032","E05003280"
"DE557LB",10,441969,355704,"E92000001","E19000001","E18000004","E10000007","E07000032","E05003280"
"DE557LD",10,441967,355672,"E92000001","E19000001","E18000004","E10000007","E07000032","E05003280"
"DE557LE",10,441531,355543,"E92000001","E19000001","E18000004","E10000007","E07000032","E05003280"
"DE557LF",10,442159,355255,"E92000001","E19000001","E18000004","E10000007","E07000032","E05003280"
"DE557LG",10,442189,355226,"E92000001","E19000001","E18000004","E10000007","E07000032","E05003280"
"DE557LH",10,439174,355693,"E92000001","E19000001","E18000004","E10000007","E07000032","E05003302"
"DE557LJ",10,438613,355638,"E92000001","E19000001","E18000004","E10000007","E07000032","E05003302"
"DE557LL",10,438675,356922,"E92000001","E19000001","E18000004","E10000007","E07000038","E05003437"
"DE557LN",10,438903,356015,"E92000001","E19000001","E18000004","E10000007","E07000032","E05003302"
"DE557LP",10,438882,355066,"E92000001","E19000001","E18000004","E10000007","E07000032","E05003302"
"DE557LQ",10,439581,356313,"E92000001","E19000001","E18000004","E10000007","E07000032","E05003302"
"DE557LR",10,437227,354058,"E92000001","E19000001","E18000004","E10000007","E07000032","E05003302"
"DE557LS",10,437142,353688,"E92000001","E19000001","E18000004","E10000007","E07000032","E05003302"
"DE557LT",10,436227,353829,"E92000001","E19000001","E18000004","E10000007","E07000032","E05003302"
"DE557LU",10,437273,354015,"E92000001","E19000001","E18000004","E10000007","E07000032","E05003302"
"DE557LW",10,437467,355546,"E92000001","E19000001","E18000004","E10000007","E07000032","E05003302"
"DE557LX",10,437652,355733,"E92000001","E19000001","E18000004","E10000007","E07000032","E05003302"
"DE557LY",10,437909,356106,"E92000001","E19000001","E18000004","E10000007","E07000032","E05003302"
"DE557LZ",10,438245,356420,"E92000001","E19000001","E18000004","E10000007","E07000032","E05003302"
"DE557NA",10,438580,356596,"E92000001","E19000001","E18000004","E10000007","E07000038","E05003437"
"DE557NB",10,437835,356105,"E92000001","E19000001","E18000004","E10000007","E07000032","E05003302"
"DE557ND",10,437986,356431,"E92000001","E19000001","E18000004","E10000007","E07000032","E05003302"
"DE557NE",10,437988,356292,"E92000001","E19000001","E18000004","E10000007","E07000032","E05003302"
"DE557NF",10,438991,355876,"E92000001","E19000001","E18000004","E10000007","E07000032","E05003302"
"DE557NG",10,437637,355532,"E92000001","E19000001","E18000004","E10000007","E07000032","E05003302"
"DE557NH",10,437512,355193,"E92000001","E19000001","E18000004","E10000007","E07000032","E05003302"
"DE557NJ",10,437843,355562,"E92000001","E19000001","E18000004","E10000007","E07000032","E05003302"
"DE557NL",10,437871,355392,"E92000001","E19000001","E18000004","E10000007","E07000032","E05003302"
"DE557NN",10,437710,355308,"E92000001","E19000001","E18000004","E10000007","E07000032","E05003302"
"DE557NP",10,437769,355385,"E92000001","E19000001","E18000004","E10000007","E07000032","E05003302"
"DE557NQ",10,438448,355318,"E92000001","E19000001","E18000004","E10000007","E07000032","E05003302"
"DE557NR",10,438844,355747,"E92000001","E19000001","E18000004","E10000007","E07000032","E05003302"
"DE557NS",10,437947,356213,"E92000001","E19000001","E18000004","E10000007","E07000032","E05003302"
"DE557NU",10,436105,356090,"E92000001","E19000001","E18000004","E10000007","E07000032","E05003302"
"DE557NW",10,436132,356694,"E92000001","E19000001","E18000004","E10000007","E07000032","E05003302"
"DE557NX",10,438007,356460,"E92000001","E19000001","E18000004","E10000007","E07000032","E05003302"
"DE557NY",10,438437,355748,"E92000001","E19000001","E18000004","E10000007","E07000032","E05003302"
"DE557NZ",10,437485,355319,"E92000001","E19000001","E18000004","E10000007","E07000032","E05003302"
"DE557PA",10,441007,354949,"E92000001","E19000001","E18000004","E10000007","E07000032","E05003280"
"DE557PB",10,440897,354885,"E92000001","E19000001","E18000004","E10000007","E07000032","E05003280"
"DE557PD",10,440837,355025,"E92000001","E19000001","E18000004","E10000007","E07000032","E05003280"
"DE557PE",10,439006,355175,"E92000001","E19000001","E18000004","E10000007","E07000032","E05003302"
"DE557PF",10,438884,355802,"E92000001","E19000001","E18000004","E10000007","E07000032","E05003302"
"DE557PG",10,437889,355488,"E92000001","E19000001","E18000004","E10000007","E07000032","E05003302"
"DE557PH",10,440802,355467,"E92000001","E19000001","E18000004","E10000007","E07000032","E05003280"
"DE557PJ",10,440754,355347,"E92000001","E19000001","E18000004","E10000007","E07000032","E05003280"
"DE557PL",10,441268,355538,"E92000001","E19000001","E18000004","E10000007","E07000032","E05003280"
"DE557PN",10,441191,355511,"E92000001","E19000001","E18000004","E10000007","E07000032","E05003280"
"DE557PP",10,437689,355310,"E92000001","E19000001","E18000004","E10000007","E07000032","E05003302"
"DE557PQ",10,440938,355862,"E92000001","E19000001","E18000004","E10000007","E07000032","E05003280"
"DE557PR",10,440438,355026,"E92000001","E19000001","E18000004","E10000007","E07000032","E05003280"
"DE557PS",10,440942,355899,"E92000001","E19000001","E18000004","E10000007","E07000032","E05003280"
"DE557PT",10,440485,354965,"E92000001","E19000001","E18000004","E10000007","E07000032","E05003280"
"DE557PZ",10,440397,355042,"E92000001","E19000001","E18000004","E10000007","E07000032","E05003280"
"DE557QA",10,442246,355329,"E92000001","E19000001","E18000004","E10000007","E07000032","E05003280"
"DE557QB",10,442151,355147,"E92000001","E19000001","E18000004","E10000007","E07000032","E05003280"
"DE557QD",10,442280,355151,"E92000001","E19000001","E18000004","E10000007","E07000032","E05003280"
"DE557QE",10,442273,355202,"E92000001","E19000001","E18000004","E10000007","E07000032","E05003280"
"DE557QF",10,442271,355235,"E92000001","E19000001","E18000004","E10000007","E07000032","E05003280"
"DE557QG",10,442306,355275,"E92000001","E19000001","E18000004","E10000007","E07000032","E05003280"
"DE557QH",10,442348,355273,"E92000001","E19000001","E18000004","E10000007","E07000032","E05003280"
"DE557QJ",10,442425,355175,"E92000001","E19000001","E18000004","E10000007","E07000032","E05003280"
"DE557QL",10,442313,355232,"E92000001","E19000001","E18000004","E10000007","E07000032","E05003280"
"DE557QN",10,440435,355047,"E92000001","E19000001","E18000004","E10000007","E07000032","E05003280"
"DE557RA",10,441433,354828,"E92000001","E19000001","E18000004","E10000007","E07000032","E05003299"
"DE557RB",10,441470,354614,"E92000001","E19000001","E18000004","E10000007","E07000032","E05003299"
"DE557RG",10,442076,356254,"E92000001","E19000001","E18000004","E10000007","E07000032","E05003280"
"DE557RH",10,441760,356434,"E92000001","E19000001","E18000004","E10000007","E07000032","E05003280"
"DE557RL",10,441984,354956,"E92000001","E19000001","E18000004","E10000007","E07000032","E05003299"
"DE557RQ",10,441626,356407,"E92000001","E19000001","E18000004","E10000007","E07000032","E05003280"
"DE557TL",10,440767,354962,"E92000001","E19000001","E18000004","E10000007","E07000032","E05003280"
"DE557TT",10,440707,355248,"E92000001","E19000001","E18000004","E10000007","E07000032","E05003280"
"DE557WH",10,440854,355501,"E92000001","E19000001","E18000004","E10000007","E07000032","E05003280"
"DE557ZR",10,440937,355801,"E92000001","E19000001","E18000004","E10000007","E07000032","E05003280"
"DE557ZT",10,442143,354426,"E92000001","E19000001","E18000004","E10000007","E07000032","E05003299"
"DE559AB",10,442143,354426,"E92000001","E19000001","E18000004","E10000007","E07000032","E05003299"
"DE559BA",10,442143,354426,"E92000001","E19000001","E18000004","E10000007","E07000032","E05003299"
"DE559BH",10,442143,354426,"E92000001","E19000001","E18000004","E10000007","E07000032","E05003299"
"DE559BP",10,442143,354426,"E92000001","E19000001","E18000004","E10000007","E07000032","E05003299"
"DE559BX",10,442143,354426,"E92000001","E19000001","E18000004","E10000007","E07000032","E05003299"
"DE559DB",10,442143,354426,"E92000001","E19000001","E18000004","E10000007","E07000032","E05003299"
"DE559DL",10,442143,354426,"E92000001","E19000001","E18000004","E10000007","E07000032","E05003299"
"DE559DQ",10,442143,354426,"E92000001","E19000001","E18000004","E10000007","E07000032","E05003299"
"DE559DU",10,442143,354426,"E92000001","E19000001","E18000004","E10000007","E07000032","E05003299"
"DE559DW",10,442143,354426,"E92000001","E19000001","E18000004","E10000007","E07000032","E05003299"
"DE559DX",10,442143,354426,"E92000001","E19000001","E18000004","E10000007","E07000032","E05003299"
"DE559DY",10,442143,354426,"E92000001","E19000001","E18000004","E10000007","E07000032","E05003299"
"DE559DZ",10,442143,354426,"E92000001","E19000001","E18000004","E10000007","E07000032","E05003299"
"DE559EA",10,442143,354426,"E92000001","E19000001","E18000004","E10000007","E07000032","E05003299"
"DE559EB",10,442143,354426,"E92000001","E19000001","E18000004","E10000007","E07000032","E05003299"
"DE559EE",10,442143,354426,"E92000001","E19000001","E18000004","E10000007","E07000032","E05003299"
"DE559EH",10,442143,354426,"E92000001","E19000001","E18000004","E10000007","E07000032","E05003299"
"DE559EL",10,442143,354426,"E92000001","E19000001","E18000004","E10000007","E07000032","E05003299"
"DE559EN",10,442143,354426,"E92000001","E19000001","E18000004","E10000007","E07000032","E05003299"
"DE559EP",10,442143,354426,"E92000001","E19000001","E18000004","E10000007","E07000032","E05003299"
"DE559ER",10,442143,354426,"E92000001","E19000001","E18000004","E10000007","E07000032","E05003299"
"DE559ES",10,442143,354426,"E92000001","E19000001","E18000004","E10000007","E07000032","E05003299"
"DE560AB",10,438408,345760,"E92000001","E19000001","E18000004","E10000007","E07000032","E05008523"
"DE560AD",10,436406,348539,"E92000001","E19000001","E18000004","E10000007","E07000032","E05003283"
"DE560AE",10,436404,348565,"E92000001","E19000001","E18000004","E10000007","E07000032","E05003283"
"DE560AF",10,436357,348652,"E92000001","E19000001","E18000004","E10000007","E07000032","E05003283"
"DE560AG",10,436201,346347,"E92000001","E19000001","E18000004","E10000007","E07000032","E05008520"
"DE560AH",10,436311,348647,"E92000001","E19000001","E18000004","E10000007","E07000032","E05003283"
"DE560BA",10,437808,346454,"E92000001","E19000001","E18000004","E10000007","E07000032","E05008523"
"DE560DA",10,436656,347651,"E92000001","E19000001","E18000004","E10000007","E07000032","E05003283"
"DE560DB",10,436625,347622,"E92000001","E19000001","E18000004","E10000007","E07000032","E05003283"
"DE560DD",10,436668,347706,"E92000001","E19000001","E18000004","E10000007","E07000032","E05003283"
"DE560DE",10,436566,347655,"E92000001","E19000001","E18000004","E10000007","E07000032","E05003283"
"DE560DF",10,436866,348215,"E92000001","E19000001","E18000004","E10000007","E07000032","E05003283"
"DE560DG",10,436773,347964,"E92000001","E19000001","E18000004","E10000007","E07000032","E05003283"
"DE560DH",10,436786,348135,"E92000001","E19000001","E18000004","E10000007","E07000032","E05003283"
"DE560DJ",10,436738,347618,"E92000001","E19000001","E18000004","E10000007","E07000032","E05003283"
"DE560DL",10,437065,347938,"E92000001","E19000001","E18000004","E10000007","E07000032","E05003283"
"DE560DN",10,436998,347971,"E92000001","E19000001","E18000004","E10000007","E07000032","E05003283"
"DE560DP",10,436978,348080,"E92000001","E19000001","E18000004","E10000007","E07000032","E05003283"
"DE560DQ",10,436844,347440,"E92000001","E19000001","E18000004","E10000007","E07000032","E05003283"
"DE560DR",10,436971,347536,"E92000001","E19000001","E18000004","E10000007","E07000032","E05003283"
"DE560DS",10,437084,348075,"E92000001","E19000001","E18000004","E10000007","E07000032","E05003283"
"DE560DT",10,436814,348198,"E92000001","E19000001","E18000004","E10000007","E07000032","E05003283"
"DE560DU",10,436759,347795,"E92000001","E19000001","E18000004","E10000007","E07000032","E05003283"
"DE560DW",10,436936,347971,"E92000001","E19000001","E18000004","E10000007","E07000032","E05003283"
"DE560DX",10,436875,347564,"E92000001","E19000001","E18000004","E10000007","E07000032","E05003283"
"DE560DY",10,436825,347492,"E92000001","E19000001","E18000004","E10000007","E07000032","E05003283"
"DE560DZ",10,436817,347519,"E92000001","E19000001","E18000004","E10000007","E07000032","E05003283"
"DE560EA",10,436893,348131,"E92000001","E19000001","E18000004","E10000007","E07000032","E05003283"
"DE560EB",10,436836,348045,"E92000001","E19000001","E18000004","E10000007","E07000032","E05003283"
"DE560ED",10,436847,347952,"E92000001","E19000001","E18000004","E10000007","E07000032","E05003283"
"DE560EE",10,436862,348002,"E92000001","E19000001","E18000004","E10000007","E07000032","E05003283"
"DE560EF",10,436806,347950,"E92000001","E19000001","E18000004","E10000007","E07000032","E05003283"
"DE560EG",10,436743,348021,"E92000001","E19000001","E18000004","E10000007","E07000032","E05003283"
"DE560EH",10,436732,347839,"E92000001","E19000001","E18000004","E10000007","E07000032","E05003283"
"DE560EJ",10,436707,347949,"E92000001","E19000001","E18000004","E10000007","E07000032","E05003283"
"DE560EL",10,437026,348151,"E92000001","E19000001","E18000004","E10000007","E07000032","E05003283"
"DE560EN",10,436899,348198,"E92000001","E19000001","E18000004","E10000007","E07000032","E05003283"
"DE560EP",10,436810,347847,"E92000001","E19000001","E18000004","E10000007","E07000032","E05003283"
"DE560EQ",10,437059,348129,"E92000001","E19000001","E18000004","E10000007","E07000032","E05003283"
"DE560ER",10,436922,347741,"E92000001","E19000001","E18000004","E10000007","E07000032","E05003283"
"DE560ES",10,436982,347830,"E92000001","E19000001","E18000004","E10000007","E07000032","E05003283"
"DE560ET",10,436948,347782,"E92000001","E19000001","E18000004","E10000007","E07000032","E05003283"
"DE560EU",10,436994,347644,"E92000001","E19000001","E18000004","E10000007","E07000032","E05003283"
"DE560EW",10,436860,347856,"E92000001","E19000001","E18000004","E10000007","E07000032","E05003283"
"DE560EX",10,436876,347654,"E92000001","E19000001","E18000004","E10000007","E07000032","E05003283"
"DE560EY",10,436947,348241,"E92000001","E19000001","E18000004","E10000007","E07000032","E05003283"
"DE560FB",10,436694,348290,"E92000001","E19000001","E18000004","E10000007","E07000032","E05003283"
"DE560FD",10,436753,348279,"E92000001","E19000001","E18000004","E10000007","E07000032","E05003283"
"DE560FE",10,436745,348357,"E92000001","E19000001","E18000004","E10000007","E07000032","E05003283"
"DE560FF",10,436698,348317,"E92000001","E19000001","E18000004","E10000007","E07000032","E05003283"
"DE560FG",10,436837,348306,"E92000001","E19000001","E18000004","E10000007","E07000032","E05003283"
"DE560GX",10,436014,348238,"E92000001","E19000001","E18000004","E10000007","E07000032","E05003282"
"DE560GY",10,436223,348306,"E92000001","E19000001","E18000004","E10000007","E07000032","E05003283"
"DE560GZ",10,436052,348309,"E92000001","E19000001","E18000004","E10000007","E07000032","E05003282"
"DE560HA",10,436497,348229,"E92000001","E19000001","E18000004","E10000007","E07000032","E05003283"
"DE560HB",10,436244,347972,"E92000001","E19000001","E18000004","E10000007","E07000032","E05003282"
"DE560HD",10,436526,348169,"E92000001","E19000001","E18000004","E10000007","E07000032","E05003283"
"DE560HE",10,436316,347939,"E92000001","E19000001","E18000004","E10000007","E07000032","E05003283"
"DE560HF",10,436689,348184,"E92000001","E19000001","E18000004","E10000007","E07000032","E05003283"
"DE560HG",10,436567,348293,"E92000001","E19000001","E18000004","E10000007","E07000032","E05003283"
"DE560HH",10,436662,348300,"E92000001","E19000001","E18000004","E10000007","E07000032","E05003283"
"DE560HJ",10,437162,348560,"E92000001","E19000001","E18000004","E10000007","E07000032","E05003283"
"DE560HL",10,437155,348075,"E92000001","E19000001","E18000004","E10000007","E07000032","E05003283"
"DE560HN",10,437099,347758,"E92000001","E19000001","E18000004","E10000007","E07000032","E05003283"
"DE560HP",10,437209,348571,"E92000001","E19000001","E18000004","E10000007","E07000032","E05003283"
"DE560HR",10,436384,348480,"E92000001","E19000001","E18000004","E10000007","E07000032","E05003283"
"DE560HS",10,436175,348291,"E92000001","E19000001","E18000004","E10000007","E07000032","E05003283"
"DE560HT",10,436375,348411,"E92000001","E19000001","E18000004","E10000007","E07000032","E05003283"
"DE560HU",10,436379,348301,"E92000001","E19000001","E18000004","E10000007","E07000032","E05003283"
"DE560HW",10,437009,347435,"E92000001","E19000001","E18000004","E10000007","E07000032","E05008523"
"DE560HX",10,436434,348359,"E92000001","E19000001","E18000004","E10000007","E07000032","E05003283"
"DE560HY",10,436327,348477,"E92000001","E19000001","E18000004","E10000007","E07000032","E05003283"
"DE560HZ",10,436275,348444,"E92000001","E19000001","E18000004","E10000007","E07000032","E05003283"
"DE560JA",10,436155,346324,"E92000001","E19000001","E18000004","E10000007","E07000032","E05008520"
"DE560JB",10,436628,348331,"E92000001","E19000001","E18000004","E10000007","E07000032","E05003283"
"DE560JD",10,436987,348341,"E92000001","E19000001","E18000004","E10000007","E07000032","E05003283"
"DE560JE",10,436962,348372,"E92000001","E19000001","E18000004","E10000007","E07000032","E05003283"
"DE560JF",10,437114,347597,"E92000001","E19000001","E18000004","E10000007","E07000032","E05008523"
"DE560JG",10,437066,348353,"E92000001","E19000001","E18000004","E10000007","E07000032","E05003283"
"DE560JH",10,437131,348333,"E92000001","E19000001","E18000004","E10000007","E07000032","E05003283"
"DE560JJ",10,437120,348269,"E92000001","E19000001","E18000004","E10000007","E07000032","E05003283"
"DE560JL",10,437960,345769,"E92000001","E19000001","E18000004","E10000007","E07000032","E05008523"
"DE560JN",10,438017,345596,"E92000001","E19000001","E18000004","E10000007","E07000032","E05008523"
"DE560JP",10,438123,345478,"E92000001","E19000001","E18000004","E10000007","E07000032","E05008523"
"DE560JQ",10,437144,348393,"E92000001","E19000001","E18000004","E10000007","E07000032","E05003283"
"DE560JR",10,438210,345473,"E92000001","E19000001","E18000004","E10000007","E07000032","E05008523"
"DE560JS",10,438184,345562,"E92000001","E19000001","E18000004","E10000007","E07000032","E05008523"
"DE560JT",10,438259,345532,"E92000001","E19000001","E18000004","E10000007","E07000032","E05008523"
"DE560JU",10,438253,345451,"E92000001","E19000001","E18000004","E10000007","E07000032","E05008523"
"DE560JW",10,438060,345515,"E92000001","E19000001","E18000004","E10000007","E07000032","E05008523"
"DE560JX",10,438314,345548,"E92000001","E19000001","E18000004","E10000007","E07000032","E05008523"
"DE560JY",10,438387,345536,"E92000001","E19000001","E18000004","E10000007","E07000032","E05008523"
"DE560JZ",10,438373,345432,"E92000001","E19000001","E18000004","E10000007","E07000032","E05008523"
"DE560LA",10,438013,345912,"E92000001","E19000001","E18000004","E10000007","E07000032","E05008523"
"DE560LB",10,437690,346419,"E92000001","E19000001","E18000004","E10000007","E07000032","E05008523"
"DE560LD",10,436618,348409,"E92000001","E19000001","E18000004","E10000007","E07000032","E05003283"
"DE560LE",10,437804,346674,"E92000001","E19000001","E18000004","E10000007","E07000032","E05008523"
"DE560LF",10,437904,346598,"E92000001","E19000001","E18000004","E10000007","E07000032","E05008523"
"DE560LG",10,437409,346625,"E92000001","E19000001","E18000004","E10000007","E07000032","E05008523"
"DE560LH",10,437885,346657,"E92000001","E19000001","E18000004","E10000007","E07000032","E05008523"
"DE560LJ",10,437822,346566,"E92000001","E19000001","E18000004","E10000007","E07000032","E05008523"
"DE560LL",10,437789,346472,"E92000001","E19000001","E18000004","E10000007","E07000032","E05008523"
"DE560LN",10,437637,346410,"E92000001","E19000001","E18000004","E10000007","E07000032","E05008523"
"DE560LP",10,437445,346559,"E92000001","E19000001","E18000004","E10000007","E07000032","E05008523"
"DE560LQ",10,437803,346340,"E92000001","E19000001","E18000004","E10000007","E07000032","E05008523"
"DE560LR",10,437108,346810,"E92000001","E19000001","E18000004","E10000007","E07000032","E05008523"
"DE560LS",10,436752,346125,"E92000001","E19000001","E18000004","E10000007","E07000032","E05008523"
"DE560LT",10,437961,345808,"E92000001","E19000001","E18000004","E10000007","E07000032","E05008523"
"DE560LU",10,437775,345658,"E92000001","E19000001","E18000004","E10000007","E07000032","E05008523"
"DE560LW",10,437649,346572,"E92000001","E19000001","E18000004","E10000007","E07000032","E05008523"
"DE560LX",10,437902,345795,"E92000001","E19000001","E18000004","E10000007","E07000032","E05008523"
"DE560LY",10,437829,345618,"E92000001","E19000001","E18000004","E10000007","E07000032","E05008523"
"DE560LZ",10,437841,345817,"E92000001","E19000001","E18000004","E10000007","E07000032","E05008523"
"DE560NA",10,437940,345486,"E92000001","E19000001","E18000004","E10000007","E07000032","E05008523"
"DE560NB",10,437418,344873,"E92000001","E19000001","E18000004","E10000007","E07000032","E05008524"
"DE560ND",10,437888,345575,"E92000001","E19000001","E18000004","E10000007","E07000032","E05008523"
"DE560NE",10,437742,345401,"E92000001","E19000001","E18000004","E10000007","E07000032","E05008523"
"DE560NF",10,437667,345088,"E92000001","E19000001","E18000004","E10000007","E07000032","E05008524"
"DE560NG",10,437423,345239,"E92000001","E19000001","E18000004","E10000007","E07000032","E05008524"
"DE560NH",10,437401,344851,"E92000001","E19000001","E18000004","E10000007","E07000032","E05008524"
"DE560NJ",10,438211,345714,"E92000001","E19000001","E18000004","E10000007","E07000032","E05008523"
"DE560NL",10,438641,345582,"E92000001","E19000001","E18000004","E10000007","E07000032","E05008523"
"DE560NN",10,438502,345442,"E92000001","E19000001","E18000004","E10000007","E07000032","E05008523"
"DE560NP",10,438088,345778,"E92000001","E19000001","E18000004","E10000007","E07000032","E05008523"
"DE560NQ",10,438147,345643,"E92000001","E19000001","E18000004","E10000007","E07000032","E05008523"
"DE560NR",10,438249,345813,"E92000001","E19000001","E18000004","E10000007","E07000032","E05008523"
"DE560NS",10,438351,345744,"E92000001","E19000001","E18000004","E10000007","E07000032","E05008523"
"DE560NT",10,438439,345831,"E92000001","E19000001","E18000004","E10000007","E07000032","E05008523"
"DE560NU",10,438411,345910,"E92000001","E19000001","E18000004","E10000007","E07000032","E05008523"
"DE560NW",10,438574,345798,"E92000001","E19000001","E18000004","E10000007","E07000032","E05008523"
"DE560NX",10,438428,345733,"E92000001","E19000001","E18000004","E10000007","E07000032","E05008523"
"DE560NY",10,438519,345683,"E92000001","E19000001","E18000004","E10000007","E07000032","E05008523"
"DE560NZ",10,438343,345640,"E92000001","E19000001","E18000004","E10000007","E07000032","E05008523"
"DE560PA",10,438337,345570,"E92000001","E19000001","E18000004","E10000007","E07000032","E05008523"
"DE560PB",10,438677,345894,"E92000001","E19000001","E18000004","E10000007","E07000032","E05008523"
"DE560PD",10,438813,346050,"E92000001","E19000001","E18000004","E10000007","E07000032","E05008523"
"DE560PE",10,438768,345905,"E92000001","E19000001","E18000004","E10000007","E07000032","E05008523"
"DE560PF",10,438770,345476,"E92000001","E19000001","E18000004","E10000007","E07000032","E05008523"
"DE560PG",10,438693,345718,"E92000001","E19000001","E18000004","E10000007","E07000032","E05008523"
"DE560PH",10,438681,345778,"E92000001","E19000001","E18000004","E10000007","E07000032","E05008523"
"DE560PJ",10,438703,345667,"E92000001","E19000001","E18000004","E10000007","E07000032","E05008523"
"DE560PL",10,438578,345602,"E92000001","E19000001","E18000004","E10000007","E07000032","E05008523"
"DE560PN",10,438666,345389,"E92000001","E19000001","E18000004","E10000007","E07000032","E05008523"
"DE560PP",10,438561,345494,"E92000001","E19000001","E18000004","E10000007","E07000032","E05008523"
"DE560PQ",10,438468,345518,"E92000001","E19000001","E18000004","E10000007","E07000032","E05008523"
"DE560PR",10,438131,345560,"E92000001","E19000001","E18000004","E10000007","E07000032","E05008523"
"DE560PS",10,438020,345702,"E92000001","E19000001","E18000004","E10000007","E07000032","E05008523"
"DE560PT",10,437990,345670,"E92000001","E19000001","E18000004","E10000007","E07000032","E05008523"
"DE560PU",10,437899,345881,"E92000001","E19000001","E18000004","E10000007","E07000032","E05008523"
"DE560PW",10,438624,345347,"E92000001","E19000001","E18000004","E10000007","E07000032","E05008523"
"DE560PX",10,438579,345317,"E92000001","E19000001","E18000004","E10000007","E07000032","E05008523"
"DE560PY",10,438674,345277,"E92000001","E19000001","E18000004","E10000007","E07000032","E05008523"
"DE560PZ",10,437423,345059,"E92000001","E19000001","E18000004","E10000007","E07000032","E05008524"
"DE560QA",10,434834,344931,"E92000001","E19000001","E18000004","E10000007","E07000032","E05008520"
"DE560QB",10,438720,345455,"E92000001","E19000001","E18000004","E10000007","E07000032","E05008523"
"DE560QD",10,434636,345438,"E92000001","E19000001","E18000004","E10000007","E07000032","E05008520"
"DE560QE",10,434992,345149,"E92000001","E19000001","E18000004","E10000007","E07000032","E05008520"
"DE560QF",10,434915,345059,"E92000001","E19000001","E18000004","E10000007","E07000032","E05008520"
"DE560QG",10,434644,344461,"E92000001","E19000001","E18000004","E10000007","E07000032","E05008520"
"DE560QH",10,434805,345238,"E92000001","E19000001","E18000004","E10000007","E07000032","E05008520"
"DE560QJ",10,434701,345398,"E92000001","E19000001","E18000004","E10000007","E07000032","E05008520"
"DE560QL",10,436146,348379,"E92000001","E19000001","E18000004","E10000007","E07000032","E05003283"
"DE560QN",10,436247,348408,"E92000001","E19000001","E18000004","E10000007","E07000032","E05003283"
"DE560QP",10,436166,348330,"E92000001","E19000001","E18000004","E10000007","E07000032","E05003283"
"DE560QQ",10,434921,345170,"E92000001","E19000001","E18000004","E10000007","E07000032","E05008520"
"DE560QR",10,434804,345115,"E92000001","E19000001","E18000004","E10000007","E07000032","E05008520"
"DE560QS",10,434728,345040,"E92000001","E19000001","E18000004","E10000007","E07000032","E05008520"
"DE560QT",10,436179,346302,"E92000001","E19000001","E18000004","E10000007","E07000032","E05008520"
"DE560QU",10,435314,343921,"E92000001","E19000001","E18000004","E10000007","E07000032","E05008521"
"DE560QW",10,434869,345016,"E92000001","E19000001","E18000004","E10000007","E07000032","E05008520"
"DE560QX",10,434929,345125,"E92000001","E19000001","E18000004","E10000007","E07000032","E05008520"
"DE560QY",10,434928,345094,"E92000001","E19000001","E18000004","E10000007","E07000032","E05008520"
"DE560QZ",10,434816,345081,"E92000001","E19000001","E18000004","E10000007","E07000032","E05008520"
"DE560RA",10,434944,345894,"E92000001","E19000001","E18000004","E10000007","E07000032","E05008520"
"DE560RB",10,435014,345999,"E92000001","E19000001","E18000004","E10000007","E07000032","E05008520"
"DE560RD",10,434962,345729,"E92000001","E19000001","E18000004","E10000007","E07000032","E05008520"
"DE560RE",10,435018,345542,"E92000001","E19000001","E18000004","E10000007","E07000032","E05008520"
"DE560RF",10,435102,345454,"E92000001","E19000001","E18000004","E10000007","E07000032","E05008520"
"DE560RG",10,435254,345360,"E92000001","E19000001","E18000004","E10000007","E07000032","E05008520"
"DE560RH",10,435204,345373,"E92000001","E19000001","E18000004","E10000007","E07000032","E05008520"
"DE560RJ",10,434976,345513,"E92000001","E19000001","E18000004","E10000007","E07000032","E05008520"
"DE560RL",10,434929,345519,"E92000001","E19000001","E18000004","E10000007","E07000032","E05008520"
"DE560RN",10,434856,345497,"E92000001","E19000001","E18000004","E10000007","E07000032","E05008520"
"DE560RP",10,434847,345580,"E92000001","E19000001","E18000004","E10000007","E07000032","E05008520"
"DE560RQ",10,435004,345446,"E92000001","E19000001","E18000004","E10000007","E07000032","E05008520"
"DE560RR",10,435136,345165,"E92000001","E19000001","E18000004","E10000007","E07000032","E05008520"
"DE560RS",10,435210,344455,"E92000001","E19000001","E18000004","E10000007","E07000032","E05008520"
"DE560RT",10,435279,344422,"E92000001","E19000001","E18000004","E10000007","E07000032","E05008520"
"DE560RU",10,435075,344911,"E92000001","E19000001","E18000004","E10000007","E07000032","E05008520"
"DE560RW",10,435231,345306,"E92000001","E19000001","E18000004","E10000007","E07000032","E05008520"
"DE560RX",10,435212,344701,"E92000001","E19000001","E18000004","E10000007","E07000032","E05008520"
"DE560RY",10,434957,345438,"E92000001","E19000001","E18000004","E10000007","E07000032","E05008520"
"DE560RZ",10,434752,345516,"E92000001","E19000001","E18000004","E10000007","E07000032","E05008520"
"DE560SA",10,434790,345527,"E92000001","E19000001","E18000004","E10000007","E07000032","E05008520"
"DE560SB",10,436312,344691,"E92000001","E19000001","E18000004","E10000007","E07000032","E05008523"
"DE560SD",10,436868,347363,"E92000001","E19000001","E18000004","E10000007","E07000032","E05003283"
"DE560SE",10,437116,347199,"E92000001","E19000001","E18000004","E10000007","E07000032","E05008523"
"DE560SF",10,437035,347234,"E92000001","E19000001","E18000004","E10000007","E07000032","E05008523"
"DE560SG",10,437056,347359,"E92000001","E19000001","E18000004","E10000007","E07000032","E05008523"
"DE560SH",10,436740,347292,"E92000001","E19000001","E18000004","E10000007","E07000032","E05008520"
"DE560SJ",10,436565,347175,"E92000001","E19000001","E18000004","E10000007","E07000032","E05008520"
"DE560SL",10,436241,346879,"E92000001","E19000001","E18000004","E10000007","E07000032","E05008520"
"DE560SN",10,436144,346498,"E92000001","E19000001","E18000004","E10000007","E07000032","E05008520"
"DE560SP",10,436201,346449,"E92000001","E19000001","E18000004","E10000007","E07000032","E05008520"
"DE560SQ",10,437124,347427,"E92000001","E19000001","E18000004","E10000007","E07000032","E05008523"
"DE560SR",10,437082,347478,"E92000001","E19000001","E18000004","E10000007","E07000032","E05008523"
"DE560SS",10,436559,344627,"E92000001","E19000001","E18000004","E10000007","E07000032","E05008523"
"DE560ST",10,436465,344922,"E92000001","E19000001","E18000004","E10000007","E07000032","E05008523"
"DE560SU",10,436152,346022,"E92000001","E19000001","E18000004","E10000007","E07000032","E05008523"
"DE560SW",10,436205,346042,"E92000001","E19000001","E18000004","E10000007","E07000032","E05008523"
"DE560SX",10,436155,345631,"E92000001","E19000001","E18000004","E10000007","E07000032","E05008523"
"DE560SY",10,436284,344840,"E92000001","E19000001","E18000004","E10000007","E07000032","E05008523"
"DE560SZ",10,436325,344934,"E92000001","E19000001","E18000004","E10000007","E07000032","E05008523"
"DE560TA",10,436429,344855,"E92000001","E19000001","E18000004","E10000007","E07000032","E05008523"
"DE560TB",10,436412,344936,"E92000001","E19000001","E18000004","E10000007","E07000032","E05008523"
"DE560TD",10,436392,344772,"E92000001","E19000001","E18000004","E10000007","E07000032","E05008523"
"DE560TE",10,436449,344632,"E92000001","E19000001","E18000004","E10000007","E07000032","E05008523"
"DE560TF",10,436309,344622,"E92000001","E19000001","E18000004","E10000007","E07000032","E05008523"
"DE560TG",10,435939,345515,"E92000001","E19000001","E18000004","E10000007","E07000032","E05008523"
"DE560TH",10,435689,345090,"E92000001","E19000001","E18000004","E10000007","E07000032","E05008523"
"DE560TJ",10,435193,345622,"E92000001","E19000001","E18000004","E10000007","E07000032","E05008520"
"DE560TL",10,436180,346226,"E92000001","E19000001","E18000004","E10000007","E07000032","E05008520"
"DE560TN",10,436327,344763,"E92000001","E19000001","E18000004","E10000007","E07000032","E05008523"
"DE560TP",10,436270,344783,"E92000001","E19000001","E18000004","E10000007","E07000032","E05008523"
"DE560TQ",10,436295,345476,"E92000001","E19000001","E18000004","E10000007","E07000032","E05008523"
"DE560TR",10,436333,345578,"E92000001","E19000001","E18000004","E10000007","E07000032","E05008523"
"DE560TS",10,436228,345523,"E92000001","E19000001","E18000004","E10000007","E07000032","E05008523"
"DE560TT",10,436364,345399,"E92000001","E19000001","E18000004","E10000007","E07000032","E05008523"
"DE560TU",10,436464,345610,"E92000001","E19000001","E18000004","E10000007","E07000032","E05008523"
"DE560TW",10,436470,345340,"E92000001","E19000001","E18000004","E10000007","E07000032","E05008523"
"DE560TX",10,436309,345076,"E92000001","E19000001","E18000004","E10000007","E07000032","E05008523"
"DE560TY",10,436239,345164,"E92000001","E19000001","E18000004","E10000007","E07000032","E05008523"
"DE560TZ",10,436172,345334,"E92000001","E19000001","E18000004","E10000007","E07000032","E05008523"
"DE560UA",10,436307,345221,"E92000001","E19000001","E18000004","E10000007","E07000032","E05008523"
"DE560UB",10,436235,345401,"E92000001","E19000001","E18000004","E10000007","E07000032","E05008523"
"DE560UD",10,436276,345307,"E92000001","E19000001","E18000004","E10000007","E07000032","E05008523"
"DE560UE",10,436306,345267,"E92000001","E19000001","E18000004","E10000007","E07000032","E05008523"
"DE560UF",10,436272,345158,"E92000001","E19000001","E18000004","E10000007","E07000032","E05008523"
"DE560UG",10,436383,345144,"E92000001","E19000001","E18000004","E10000007","E07000032","E05008523"
"DE560UH",10,435869,344622,"E92000001","E19000001","E18000004","E10000007","E07000032","E05008520"
"DE560UJ",10,436516,345032,"E92000001","E19000001","E18000004","E10000007","E07000032","E05008523"
"DE560UL",10,434727,345607,"E92000001","E19000001","E18000004","E10000007","E07000032","E05008520"
"DE560UN",10,436359,344917,"E92000001","E19000001","E18000004","E10000007","E07000032","E05008523"
"DE560UP",10,434737,345632,"E92000001","E19000001","E18000004","E10000007","E07000032","E05008520"
"DE560UQ",10,434756,345650,"E92000001","E19000001","E18000004","E10000007","E07000032","E05008520"
"DE560UR",10,437100,348232,"E92000001","E19000001","E18000004","E10000007","E07000032","E05003283"
"DE560UU",10,435212,344767,"E92000001","E19000001","E18000004","E10000007","E07000032","E05008520"
"DE560XP",10,434618,346798,"E92000001","E19000001","E18000004","E10000007","E07000032","E05008520"
"DE561AB",10,434615,347079,"E92000001","E19000001","E18000004","E10000007","E07000032","E05008520"
"DE561AL",10,435316,347878,"E92000001","E19000001","E18000004","E10000007","E07000032","E05003282"
"DE561AN",10,435311,347797,"E92000001","E19000001","E18000004","E10000007","E07000032","E05003282"
"DE561AP",10,434779,347354,"E92000001","E19000001","E18000004","E10000007","E07000032","E05003282"
"DE561AR",10,434690,347312,"E92000001","E19000001","E18000004","E10000007","E07000032","E05003282"
"DE561AS",10,434618,346798,"E92000001","E19000001","E18000004","E10000007","E07000032","E05008520"
"DE561AT",10,435470,348969,"E92000001","E19000001","E18000004","E10000007","E07000032","E05003284"
"DE561AX",10,434667,347561,"E92000001","E19000001","E18000004","E10000007","E07000032","E05003282"
"DE561AY",10,434641,347547,"E92000001","E19000001","E18000004","E10000007","E07000032","E05003282"
"DE561AZ",10,434635,347773,"E92000001","E19000001","E18000004","E10000007","E07000032","E05003282"
"DE561BA",10,434591,347786,"E92000001","E19000001","E18000004","E10000007","E07000032","E05003282"
"DE561BB",10,434590,347570,"E92000001","E19000001","E18000004","E10000007","E07000032","E05003282"
"DE561BD",10,434653,347754,"E92000001","E19000001","E18000004","E10000007","E07000032","E05003282"
"DE561BE",10,434664,348049,"E92000001","E19000001","E18000004","E10000007","E07000032","E05003284"
"DE561BG",10,435063,348079,"E92000001","E19000001","E18000004","E10000007","E07000032","E05003284"
"DE561BJ",10,434564,347957,"E92000001","E19000001","E18000004","E10000007","E07000032","E05003284"
"DE561BL",10,435041,348220,"E92000001","E19000001","E18000004","E10000007","E07000032","E05003284"
"DE561BN",10,435047,348258,"E92000001","E19000001","E18000004","E10000007","E07000032","E05003284"
"DE561BP",10,435005,348246,"E92000001","E19000001","E18000004","E10000007","E07000032","E05003284"
"DE561BQ",10,435118,348053,"E92000001","E19000001","E18000004","E10000007","E07000032","E05003284"
"DE561BR",10,434948,348218,"E92000001","E19000001","E18000004","E10000007","E07000032","E05003284"
"DE561BS",10,434971,348181,"E92000001","E19000001","E18000004","E10000007","E07000032","E05003284"
"DE561BT",10,434996,348168,"E92000001","E19000001","E18000004","E10000007","E07000032","E05003284"
"DE561BU",10,434961,348147,"E92000001","E19000001","E18000004","E10000007","E07000032","E05003284"
"DE561BW",10,435005,348219,"E92000001","E19000001","E18000004","E10000007","E07000032","E05003284"
"DE561BX",10,435026,348163,"E92000001","E19000001","E18000004","E10000007","E07000032","E05003284"
"DE561BY",10,434971,347630,"E92000001","E19000001","E18000004","E10000007","E07000032","E05003282"
"DE561BZ",10,434982,347529,"E92000001","E19000001","E18000004","E10000007","E07000032","E05003282"
"DE561DA",10,434898,347557,"E92000001","E19000001","E18000004","E10000007","E07000032","E05003282"
"DE561DB",10,435009,347717,"E92000001","E19000001","E18000004","E10000007","E07000032","E05003284"
"DE561DD",10,434850,347725,"E92000001","E19000001","E18000004","E10000007","E07000032","E05003282"
"DE561DE",10,434693,347692,"E92000001","E19000001","E18000004","E10000007","E07000032","E05003282"
"DE561DF",10,435042,347773,"E92000001","E19000001","E18000004","E10000007","E07000032","E05003284"
"DE561DG",10,434927,347771,"E92000001","E19000001","E18000004","E10000007","E07000032","E05003282"
"DE561DH",10,434980,347822,"E92000001","E19000001","E18000004","E10000007","E07000032","E05003284"
"DE561DJ",10,434928,347872,"E92000001","E19000001","E18000004","E10000007","E07000032","E05003284"
"DE561DL",10,434781,347832,"E92000001","E19000001","E18000004","E10000007","E07000032","E05003284"
"DE561DN",10,434843,347855,"E92000001","E19000001","E18000004","E10000007","E07000032","E05003284"
"DE561DP",10,434804,347792,"E92000001","E19000001","E18000004","E10000007","E07000032","E05003284"
"DE561DQ",10,434671,347802,"E92000001","E19000001","E18000004","E10000007","E07000032","E05003282"
"DE561DR",10,434696,347893,"E92000001","E19000001","E18000004","E10000007","E07000032","E05003284"
"DE561DS",10,434816,347889,"E92000001","E19000001","E18000004","E10000007","E07000032","E05003284"
"DE561DT",10,434944,347893,"E92000001","E19000001","E18000004","E10000007","E07000032","E05003284"
"DE561DU",10,435123,347969,"E92000001","E19000001","E18000004","E10000007","E07000032","E05003284"
"DE561DW",10,434889,347979,"E92000001","E19000001","E18000004","E10000007","E07000032","E05003284"
"DE561DX",10,434987,347964,"E92000001","E19000001","E18000004","E10000007","E07000032","E05003284"
"DE561DY",10,434939,348007,"E92000001","E19000001","E18000004","E10000007","E07000032","E05003284"
"DE561DZ",10,435039,347987,"E92000001","E19000001","E18000004","E10000007","E07000032","E05003284"
"DE561EA",10,435084,347860,"E92000001","E19000001","E18000004","E10000007","E07000032","E05003284"
"DE561EB",10,435048,347702,"E92000001","E19000001","E18000004","E10000007","E07000032","E05003284"
"DE561ED",10,435559,348827,"E92000001","E19000001","E18000004","E10000007","E07000032","E05003284"
"DE561EE",10,435671,347560,"E92000001","E19000001","E18000004","E10000007","E07000032","E05003282"
"DE561EF",10,435213,348076,"E92000001","E19000001","E18000004","E10000007","E07000032","E05003284"
"DE561EG",10,435215,348123,"E92000001","E19000001","E18000004","E10000007","E07000032","E05003284"
"DE561EH",10,435099,348221,"E92000001","E19000001","E18000004","E10000007","E07000032","E05003284"
"DE561EJ",10,435048,348299,"E92000001","E19000001","E18000004","E10000007","E07000032","E05003284"
"DE561EL",10,435104,348156,"E92000001","E19000001","E18000004","E10000007","E07000032","E05003284"
"DE561EN",10,435238,348341,"E92000001","E19000001","E18000004","E10000007","E07000032","E05003284"
"DE561EP",10,435428,348926,"E92000001","E19000001","E18000004","E10000007","E07000032","E05003284"
"DE561EQ",10,435403,348618,"E92000001","E19000001","E18000004","E10000007","E07000032","E05003284"
"DE561ER",10,435389,348421,"E92000001","E19000001","E18000004","E10000007","E07000032","E05003284"
"DE561ES",10,435374,348513,"E92000001","E19000001","E18000004","E10000007","E07000032","E05003284"
"DE561ET",10,435519,348542,"E92000001","E19000001","E18000004","E10000007","E07000032","E05003284"
"DE561EU",10,435332,348590,"E92000001","E19000001","E18000004","E10000007","E07000032","E05003284"
"DE561EW",10,435649,348188,"E92000001","E19000001","E18000004","E10000007","E07000032","E05003282"
"DE561EX",10,435754,348327,"E92000001","E19000001","E18000004","E10000007","E07000032","E05003282"
"DE561EY",10,435053,347552,"E92000001","E19000001","E18000004","E10000007","E07000032","E05003282"
"DE561EZ",10,435006,347618,"E92000001","E19000001","E18000004","E10000007","E07000032","E05003282"
"DE561FA",10,435751,348263,"E92000001","E19000001","E18000004","E10000007","E07000032","E05003282"
"DE561FB",10,435115,347607,"E92000001","E19000001","E18000004","E10000007","E07000032","E05003282"
"DE561FD",10,435182,347829,"E92000001","E19000001","E18000004","E10000007","E07000032","E05003284"
"DE561FE",10,434728,348107,"E92000001","E19000001","E18000004","E10000007","E07000032","E05003284"
"DE561FF",10,435229,348016,"E92000001","E19000001","E18000004","E10000007","E07000032","E05003284"
"DE561FG",10,435251,347989,"E92000001","E19000001","E18000004","E10000007","E07000032","E05003282"
"DE561FH",10,435366,348269,"E92000001","E19000001","E18000004","E10000007","E07000032","E05003284"
"DE561FJ",10,435600,348504,"E92000001","E19000001","E18000004","E10000007","E07000032","E05003284"
"DE561FL",10,435758,348553,"E92000001","E19000001","E18000004","E10000007","E07000032","E05003282"
"DE561FN",10,435766,348733,"E92000001","E19000001","E18000004","E10000007","E07000032","E05003284"
"DE561FP",10,436097,348921,"E92000001","E19000001","E18000004","E10000007","E07000032","E05003283"
"DE561FQ",10,435696,348720,"E92000001","E19000001","E18000004","E10000007","E07000032","E05003284"
"DE561FR",10,435626,348781,"E92000001","E19000001","E18000004","E10000007","E07000032","E05003284"
"DE561FS",10,435587,348725,"E92000001","E19000001","E18000004","E10000007","E07000032","E05003284"
"DE561FT",10,435065,347712,"E92000001","E19000001","E18000004","E10000007","E07000032","E05003284"
"DE561FU",10,435138,347652,"E92000001","E19000001","E18000004","E10000007","E07000032","E05003282"
"DE561FW",10,435576,348331,"E92000001","E19000001","E18000004","E10000007","E07000032","E05003282"
"DE561FX",10,434844,347467,"E92000001","E19000001","E18000004","E10000007","E07000032","E05003282"
"DE561FY",10,434983,347359,"E92000001","E19000001","E18000004","E10000007","E07000032","E05003282"
"DE561FZ",10,435052,347461,"E92000001","E19000001","E18000004","E10000007","E07000032","E05003282"
"DE561GA",10,435181,348331,"E92000001","E19000001","E18000004","E10000007","E07000032","E05003284"
"DE561GB",10,435691,348282,"E92000001","E19000001","E18000004","E10000007","E07000032","E05003282"
"DE561GD",10,435130,347468,"E92000001","E19000001","E18000004","E10000007","E07000032","E05003282"
"DE561GE",10,435164,347541,"E92000001","E19000001","E18000004","E10000007","E07000032","E05003282"
"DE561GF",10,435239,347623,"E92000001","E19000001","E18000004","E10000007","E07000032","E05003282"
"DE561GH",10,435265,347794,"E92000001","E19000001","E18000004","E10000007","E07000032","E05003282"
"DE561GJ",10,435502,348920,"E92000001","E19000001","E18000004","E10000007","E07000032","E05003284"
"DE561GL",10,435299,347933,"E92000001","E19000001","E18000004","E10000007","E07000032","E05003282"
"DE561GN",10,435417,347831,"E92000001","E19000001","E18000004","E10000007","E07000032","E05003282"
"DE561GP",10,435403,348011,"E92000001","E19000001","E18000004","E10000007","E07000032","E05003282"
"DE561GQ",10,435356,348060,"E92000001","E19000001","E18000004","E10000007","E07000032","E05003282"
"DE561GR",10,435855,347930,"E92000001","E19000001","E18000004","E10000007","E07000032","E05003282"
"DE561GS",10,435753,347925,"E92000001","E19000001","E18000004","E10000007","E07000032","E05003282"
"DE561GT",10,435548,348032,"E92000001","E19000001","E18000004","E10000007","E07000032","E05003282"
"DE561GU",10,435362,348139,"E92000001","E19000001","E18000004","E10000007","E07000032","E05003282"
"DE561GW",10,435278,348210,"E92000001","E19000001","E18000004","E10000007","E07000032","E05003284"
"DE561GX",10,435556,347883,"E92000001","E19000001","E18000004","E10000007","E07000032","E05003282"
"DE561GY",10,435556,348218,"E92000001","E19000001","E18000004","E10000007","E07000032","E05003282"
"DE561GZ",10,435055,347533,"E92000001","E19000001","E18000004","E10000007","E07000032","E05003282"
"DE561HA",10,436073,347916,"E92000001","E19000001","E18000004","E10000007","E07000032","E05003282"
"DE561HB",10,435936,348914,"E92000001","E19000001","E18000004","E10000007","E07000032","E05003284"
"DE561HE",10,434551,347663,"E92000001","E19000001","E18000004","E10000007","E07000032","E05003282"
"DE561HF",10,435463,348763,"E92000001","E19000001","E18000004","E10000007","E07000032","E05003284"
"DE561HG",10,435435,348705,"E92000001","E19000001","E18000004","E10000007","E07000032","E05003284"
"DE561HH",10,434891,347680,"E92000001","E19000001","E18000004","E10000007","E07000032","E05003282"
"DE561HJ",10,436015,348082,"E92000001","E19000001","E18000004","E10000007","E07000032","E05003282"
"DE561HL",10,435795,348057,"E92000001","E19000001","E18000004","E10000007","E07000032","E05003282"
"DE561HN",10,435964,347981,"E92000001","E19000001","E18000004","E10000007","E07000032","E05003282"
"DE561HP",10,435972,348050,"E92000001","E19000001","E18000004","E10000007","E07000032","E05003282"
"DE561HQ",10,435956,348172,"E92000001","E19000001","E18000004","E10000007","E07000032","E05003282"
"DE561HR",10,435851,348220,"E92000001","E19000001","E18000004","E10000007","E07000032","E05003282"
"DE561HS",10,435780,348186,"E92000001","E19000001","E18000004","E10000007","E07000032","E05003282"
"DE561HT",10,435766,348376,"E92000001","E19000001","E18000004","E10000007","E07000032","E05003282"
"DE561HU",10,435670,348466,"E92000001","E19000001","E18000004","E10000007","E07000032","E05003282"
"DE561HW",10,435635,348416,"E92000001","E19000001","E18000004","E10000007","E07000032","E05003282"
"DE561HX",10,435229,347498,"E92000001","E19000001","E18000004","E10000007","E07000032","E05003282"
"DE561HY",10,435364,347457,"E92000001","E19000001","E18000004","E10000007","E07000032","E05003282"
"DE561HZ",10,435468,347530,"E92000001","E19000001","E18000004","E10000007","E07000032","E05003282"
"DE561JA",10,435486,347553,"E92000001","E19000001","E18000004","E10000007","E07000032","E05003282"
"DE561JB",10,435212,347745,"E92000001","E19000001","E18000004","E10000007","E07000032","E05003282"
"DE561JD",10,435570,347574,"E92000001","E19000001","E18000004","E10000007","E07000032","E05003282"
"DE561JE",10,435292,347576,"E92000001","E19000001","E18000004","E10000007","E07000032","E05003282"
"DE561JF",10,435353,347578,"E92000001","E19000001","E18000004","E10000007","E07000032","E05003282"
"DE561JG",10,435397,347534,"E92000001","E19000001","E18000004","E10000007","E07000032","E05003282"
"DE561JH",10,435595,347630,"E92000001","E19000001","E18000004","E10000007","E07000032","E05003282"
"DE561JJ",10,435813,347632,"E92000001","E19000001","E18000004","E10000007","E07000032","E05003282"
"DE561JL",10,435939,347752,"E92000001","E19000001","E18000004","E10000007","E07000032","E05003282"
"DE561JN",10,435471,347617,"E92000001","E19000001","E18000004","E10000007","E07000032","E05003282"
"DE561JP",10,435723,347699,"E92000001","E19000001","E18000004","E10000007","E07000032","E05003282"
"DE561JQ",10,436000,347701,"E92000001","E19000001","E18000004","E10000007","E07000032","E05003282"
"DE561JR",10,435402,347659,"E92000001","E19000001","E18000004","E10000007","E07000032","E05003282"
"DE561JS",10,436041,347674,"E92000001","E19000001","E18000004","E10000007","E07000032","E05003282"
"DE561JT",10,436161,347778,"E92000001","E19000001","E18000004","E10000007","E07000032","E05003282"
"DE561JU",10,436012,347849,"E92000001","E19000001","E18000004","E10000007","E07000032","E05003282"
"DE561JW",10,435793,347834,"E92000001","E19000001","E18000004","E10000007","E07000032","E05003282"
"DE561JY",10,435538,347763,"E92000001","E19000001","E18000004","E10000007","E07000032","E05003282"
"DE561LA",10,435636,347828,"E92000001","E19000001","E18000004","E10000007","E07000032","E05003282"
"DE561LB",10,436145,348127,"E92000001","E19000001","E18000004","E10000007","E07000032","E05003282"
"DE561LD",10,436185,348168,"E92000001","E19000001","E18000004","E10000007","E07000032","E05003282"
"DE561LE",10,435430,347123,"E92000001","E19000001","E18000004","E10000007","E07000032","E05008520"
"DE561LF",10,435456,346785,"E92000001","E19000001","E18000004","E10000007","E07000032","E05008520"
"DE561LG",10,435539,347337,"E92000001","E19000001","E18000004","E10000007","E07000032","E05008520"
"DE561LH",10,435619,347228,"E92000001","E19000001","E18000004","E10000007","E07000032","E05008520"
"DE561LJ",10,435725,347185,"E92000001","E19000001","E18000004","E10000007","E07000032","E05008520"
"DE561LL",10,436005,347322,"E92000001","E19000001","E18000004","E10000007","E07000032","E05003282"
"DE561LN",10,435544,347007,"E92000001","E19000001","E18000004","E10000007","E07000032","E05008520"
"DE561LP",10,435490,347107,"E92000001","E19000001","E18000004","E10000007","E07000032","E05008520"
"DE561LQ",10,435421,347089,"E92000001","E19000001","E18000004","E10000007","E07000032","E05008520"
"DE561LR",10,435614,346988,"E92000001","E19000001","E18000004","E10000007","E07000032","E05008520"
"DE561LS",10,435549,346857,"E92000001","E19000001","E18000004","E10000007","E07000032","E05008520"
"DE561LW",10,435377,346856,"E92000001","E19000001","E18000004","E10000007","E07000032","E05008520"
"DE561LX",10,435392,346782,"E92000001","E19000001","E18000004","E10000007","E07000032","E05008520"
"DE561LY",10,435342,346721,"E92000001","E19000001","E18000004","E10000007","E07000032","E05008520"
"DE561LZ",10,435474,346687,"E92000001","E19000001","E18000004","E10000007","E07000032","E05008520"
"DE561NA",10,435554,346774,"E92000001","E19000001","E18000004","E10000007","E07000032","E05008520"
"DE561NB",10,435538,346724,"E92000001","E19000001","E18000004","E10000007","E07000032","E05008520"
"DE561ND",10,435579,346674,"E92000001","E19000001","E18000004","E10000007","E07000032","E05008520"
"DE561NE",10,435554,346562,"E92000001","E19000001","E18000004","E10000007","E07000032","E05008520"
"DE561NF",10,435301,346634,"E92000001","E19000001","E18000004","E10000007","E07000032","E05008520"
"DE561NG",10,435125,346700,"E92000001","E19000001","E18000004","E10000007","E07000032","E05008520"
"DE561NH",10,434957,346731,"E92000001","E19000001","E18000004","E10000007","E07000032","E05008520"
"DE561NJ",10,435938,348369,"E92000001","E19000001","E18000004","E10000007","E07000032","E05003282"
"DE561NL",10,435844,348319,"E92000001","E19000001","E18000004","E10000007","E07000032","E05003282"
"DE561NN",10,435214,346820,"E92000001","E19000001","E18000004","E10000007","E07000032","E05008520"
"DE561NP",10,434949,347277,"E92000001","E19000001","E18000004","E10000007","E07000032","E05003282"
"DE561NR",10,435011,347325,"E92000001","E19000001","E18000004","E10000007","E07000032","E05003282"
"DE561NS",10,434994,347337,"E92000001","E19000001","E18000004","E10000007","E07000032","E05003282"
"DE561NT",10,434876,347133,"E92000001","E19000001","E18000004","E10000007","E07000032","E05008520"
"DE561NU",10,434957,347016,"E92000001","E19000001","E18000004","E10000007","E07000032","E05008520"
"DE561NW",10,434914,346842,"E92000001","E19000001","E18000004","E10000007","E07000032","E05008520"
"DE561NX",10,434937,347106,"E92000001","E19000001","E18000004","E10000007","E07000032","E05008520"
"DE561NY",10,435060,347007,"E92000001","E19000001","E18000004","E10000007","E07000032","E05008520"
"DE561NZ",10,434993,346881,"E92000001","E19000001","E18000004","E10000007","E07000032","E05008520"
"DE561PA",10,434946,346626,"E92000001","E19000001","E18000004","E10000007","E07000032","E05008520"
"DE561PB",10,435127,346630,"E92000001","E19000001","E18000004","E10000007","E07000032","E05008520"
"DE561PD",10,435355,346065,"E92000001","E19000001","E18000004","E10000007","E07000032","E05008520"
"DE561PE",10,435019,346652,"E92000001","E19000001","E18000004","E10000007","E07000032","E05008520"
"DE561PF",10,435071,346626,"E92000001","E19000001","E18000004","E10000007","E07000032","E05008520"
"DE561PG",10,435045,346736,"E92000001","E19000001","E18000004","E10000007","E07000032","E05008520"
"DE561PH",10,435096,347318,"E92000001","E19000001","E18000004","E10000007","E07000032","E05003282"
"DE561PJ",10,435037,347190,"E92000001","E19000001","E18000004","E10000007","E07000032","E05008520"
"DE561PL",10,434845,347434,"E92000001","E19000001","E18000004","E10000007","E07000032","E05003282"
"DE561PN",10,434874,347434,"E92000001","E19000001","E18000004","E10000007","E07000032","E05003282"
"DE561PP",10,434686,347454,"E92000001","E19000001","E18000004","E10000007","E07000032","E05003282"
"DE561PQ",10,434901,346783,"E92000001","E19000001","E18000004","E10000007","E07000032","E05008520"
"DE561PR",10,434916,346580,"E92000001","E19000001","E18000004","E10000007","E07000032","E05008520"
"DE561PS",10,434743,347420,"E92000001","E19000001","E18000004","E10000007","E07000032","E05003282"
"DE561PT",10,434753,347426,"E92000001","E19000001","E18000004","E10000007","E07000032","E05003282"
"DE561PW",10,434733,347455,"E92000001","E19000001","E18000004","E10000007","E07000032","E05003282"
"DE561PX",10,434857,347472,"E92000001","E19000001","E18000004","E10000007","E07000032","E05003282"
"DE561PZ",10,434913,347449,"E92000001","E19000001","E18000004","E10000007","E07000032","E05003282"
"DE561QA",10,435009,347475,"E92000001","E19000001","E18000004","E10000007","E07000032","E05003282"
"DE561QB",10,434831,347405,"E92000001","E19000001","E18000004","E10000007","E07000032","E05003282"
"DE561QD",10,435637,346820,"E92000001","E19000001","E18000004","E10000007","E07000032","E05008520"
"DE561QE",10,435623,346919,"E92000001","E19000001","E18000004","E10000007","E07000032","E05008520"
"DE561QF",50,435009,347475,"E92000001","E19000001","E18000004","E10000007","E07000032","E05003282"
"DE561QH",10,435006,346611,"E92000001","E19000001","E18000004","E10000007","E07000032","E05008520"
"DE561QJ",10,435077,346525,"E92000001","E19000001","E18000004","E10000007","E07000032","E05008520"
"DE561QL",10,435360,347924,"E92000001","E19000001","E18000004","E10000007","E07000032","E05003282"
"DE561QN",10,434618,346798,"E92000001","E19000001","E18000004","E10000007","E07000032","E05008520"
"DE561RA",10,435538,346832,"E92000001","E19000001","E18000004","E10000007","E07000032","E05008520"
"DE561RE",10,435743,346974,"E92000001","E19000001","E18000004","E10000007","E07000032","E05008520"
"DE561RG",10,435706,347111,"E92000001","E19000001","E18000004","E10000007","E07000032","E05008520"
"DE561RL",10,435814,346969,"E92000001","E19000001","E18000004","E10000007","E07000032","E05008520"
"DE561RP",10,435672,347012,"E92000001","E19000001","E18000004","E10000007","E07000032","E05008520"
"DE561RQ",10,435778,347033,"E92000001","E19000001","E18000004","E10000007","E07000032","E05008520"
"DE561RR",10,435682,346930,"E92000001","E19000001","E18000004","E10000007","E07000032","E05008520"
"DE561RS",10,435743,346902,"E92000001","E19000001","E18000004","E10000007","E07000032","E05008520"
"DE561RT",10,435433,347628,"E92000001","E19000001","E18000004","E10000007","E07000032","E05003282"
"DE561RU",10,435919,347808,"E92000001","E19000001","E18000004","E10000007","E07000032","E05003282"
"DE561RY",10,436337,347845,"E92000001","E19000001","E18000004","E10000007","E07000032","E05003283"
"DE561RZ",10,436335,347746,"E92000001","E19000001","E18000004","E10000007","E07000032","E05003283"
"DE561SA",10,436499,347618,"E92000001","E19000001","E18000004","E10000007","E07000032","E05003283"
"DE561SB",10,436643,347436,"E92000001","E19000001","E18000004","E10000007","E07000032","E05003283"
"DE561SG",10,434674,347057,"E92000001","E19000001","E18000004","E10000007","E07000032","E05008520"
"DE561SH",10,435691,346767,"E92000001","E19000001","E18000004","E10000007","E07000032","E05008520"
"DE561SJ",10,435648,346745,"E92000001","E19000001","E18000004","E10000007","E07000032","E05008520"
"DE561SL",10,435686,346834,"E92000001","E19000001","E18000004","E10000007","E07000032","E05008520"
"DE561SN",10,435738,346816,"E92000001","E19000001","E18000004","E10000007","E07000032","E05008520"
"DE561SP",10,435988,346390,"E92000001","E19000001","E18000004","E10000007","E07000032","E05008520"
"DE561SQ",10,436118,346224,"E92000001","E19000001","E18000004","E10000007","E07000032","E05008520"
"DE561SR",10,435755,346750,"E92000001","E19000001","E18000004","E10000007","E07000032","E05008520"
"DE561SS",10,434845,347191,"E92000001","E19000001","E18000004","E10000007","E07000032","E05008520"
"DE561ST",10,436014,346340,"E92000001","E19000001","E18000004","E10000007","E07000032","E05008520"
"DE561SU",10,434746,347051,"E92000001","E19000001","E18000004","E10000007","E07000032","E05008520"
"DE561SW",10,434886,346162,"E92000001","E19000001","E18000004","E10000007","E07000032","E05008520"
"DE561SX",10,434721,347033,"E92000001","E19000001","E18000004","E10000007","E07000032","E05008520"
"DE561SY",10,434769,347126,"E92000001","E19000001","E18000004","E10000007","E07000032","E05008520"
"DE561TA",10,435795,347973,"E92000001","E19000001","E18000004","E10000007","E07000032","E05003282"
"DE561TB",10,435243,347674,"E92000001","E19000001","E18000004","E10000007","E07000032","E05003282"
"DE561TD",10,436149,348561,"E92000001","E19000001","E18000004","E10000007","E07000032","E05003283"
"DE561TE",10,436028,348576,"E92000001","E19000001","E18000004","E10000007","E07000032","E05003283"
"DE561TF",10,436119,348491,"E92000001","E19000001","E18000004","E10000007","E07000032","E05003283"
"DE561TG",10,436102,348439,"E92000001","E19000001","E18000004","E10000007","E07000032","E05003283"
"DE561TH",10,435849,348412,"E92000001","E19000001","E18000004","E10000007","E07000032","E05003282"
"DE561TJ",10,435994,348660,"E92000001","E19000001","E18000004","E10000007","E07000032","E05003283"
"DE561TL",10,436170,348621,"E92000001","E19000001","E18000004","E10000007","E07000032","E05003283"
"DE561TN",10,436115,348646,"E92000001","E19000001","E18000004","E10000007","E07000032","E05003283"
"DE561TP",10,436128,348847,"E92000001","E19000001","E18000004","E10000007","E07000032","E05003283"
"DE561TQ",10,435986,348785,"E92000001","E19000001","E18000004","E10000007","E07000032","E05003283"
"DE561TR",10,435946,348639,"E92000001","E19000001","E18000004","E10000007","E07000032","E05003283"
"DE561TS",10,435882,348710,"E92000001","E19000001","E18000004","E10000007","E07000032","E05003283"
"DE561TT",10,435977,348719,"E92000001","E19000001","E18000004","E10000007","E07000032","E05003283"
"DE561TU",10,436098,348511,"E92000001","E19000001","E18000004","E10000007","E07000032","E05003283"
"DE561TW",10,436201,348710,"E92000001","E19000001","E18000004","E10000007","E07000032","E05003283"
"DE561TX",10,436016,348493,"E92000001","E19000001","E18000004","E10000007","E07000032","E05003283"
"DE561TY",10,436281,348638,"E92000001","E19000001","E18000004","E10000007","E07000032","E05003283"
"DE561TZ",10,434767,347215,"E92000001","E19000001","E18000004","E10000007","E07000032","E05008520"
"DE561UA",10,434731,347765,"E92000001","E19000001","E18000004","E10000007","E07000032","E05003282"
"DE561UB",10,435843,348594,"E92000001","E19000001","E18000004","E10000007","E07000032","E05003283"
"DE561UD",10,435879,348495,"E92000001","E19000001","E18000004","E10000007","E07000032","E05003283"
"DE561UE",10,435787,348603,"E92000001","E19000001","E18000004","E10000007","E07000032","E05003283"
"DE561UF",10,435894,348599,"E92000001","E19000001","E18000004","E10000007","E07000032","E05003283"
"DE561UG",10,434910,346523,"E92000001","E19000001","E18000004","E10000007","E07000032","E05008520"
"DE561UN",10,434911,347408,"E92000001","E19000001","E18000004","E10000007","E07000032","E05003282"
"DE561UP",10,434713,347498,"E92000001","E19000001","E18000004","E10000007","E07000032","E05003282"
"DE561UQ",10,434496,347411,"E92000001","E19000001","E18000004","E10000007","E07000032","E05003282"
"DE561UR",10,434907,347255,"E92000001","E19000001","E18000004","E10000007","E07000032","E05003282"
"DE561US",10,434847,347281,"E92000001","E19000001","E18000004","E10000007","E07000032","E05003282"
"DE561UT",10,434629,347133,"E92000001","E19000001","E18000004","E10000007","E07000032","E05008520"
"DE561UU",10,434739,346752,"E92000001","E19000001","E18000004","E10000007","E07000032","E05008520"
"DE561UW",10,434734,346866,"E92000001","E19000001","E18000004","E10000007","E07000032","E05008520"
"DE561UX",10,434842,346449,"E92000001","E19000001","E18000004","E10000007","E07000032","E05008520"
"DE561UY",10,434810,346785,"E92000001","E19000001","E18000004","E10000007","E07000032","E05008520"
"DE561UZ",10,434867,346540,"E92000001","E19000001","E18000004","E10000007","E07000032","E05008520"
"DE561WA",10,434832,346920,"E92000001","E19000001","E18000004","E10000007","E07000032","E05008520"
"DE561WB",10,434821,346997,"E92000001","E19000001","E18000004","E10000007","E07000032","E05008520"
"DE561WD",10,434884,346974,"E92000001","E19000001","E18000004","E10000007","E07000032","E05008520"
"DE561WE",10,434957,346200,"E92000001","E19000001","E18000004","E10000007","E07000032","E05008520"
"DE561WH",10,434588,346973,"E92000001","E19000001","E18000004","E10000007","E07000032","E05008520"
"DE561WJ",10,434870,346118,"E92000001","E19000001","E18000004","E10000007","E07000032","E05008520"
"DE561WL",10,434829,346280,"E92000001","E19000001","E18000004","E10000007","E07000032","E05008520"
"DE561WN",10,434598,347489,"E92000001","E19000001","E18000004","E10000007","E07000032","E05003282"
"DE561WT",10,434618,346798,"E92000001","E19000001","E18000004","E10000007","E07000032","E05008520"
"DE561WW",10,434618,346798,"E92000001","E19000001","E18000004","E10000007","E07000032","E05008520"
"DE561XE",10,434618,346798,"E92000001","E19000001","E18000004","E10000007","E07000032","E05008520"
"DE561XP",10,434618,346798,"E92000001","E19000001","E18000004","E10000007","E07000032","E05008520"
"DE561YA",10,434558,347191,"E92000001","E19000001","E18000004","E10000007","E07000032","E05003282"
"DE561YB",10,434618,346798,"E92000001","E19000001","E18000004","E10000007","E07000032","E05008520"
"DE561YD",10,434541,348081,"E92000001","E19000001","E18000004","E10000007","E07000032","E05003284"
"DE561ZA",10,434618,346798,"E92000001","E19000001","E18000004","E10000007","E07000032","E05008520"
"DE561ZB",10,434618,346798,"E92000001","E19000001","E18000004","E10000007","E07000032","E05008520"
"DE561ZL",10,434618,346798,"E92000001","E19000001","E18000004","E10000007","E07000032","E05008520"
"DE562AA",10,436693,349284,"E92000001","E19000001","E18000004","E10000007","E07000032","E05003283"
"DE562AB",10,437138,349579,"E92000001","E19000001","E18000004","E10000007","E07000032","E05003289"
"DE562AD",10,437088,349624,"E92000001","E19000001","E18000004","E10000007","E07000032","E05003289"
"DE562AE",10,437375,349582,"E92000001","E19000001","E18000004","E10000007","E07000032","E05003289"
"DE562AF",10,437232,349839,"E92000001","E19000001","E18000004","E10000007","E07000032","E05003289"
"DE562AG",10,437240,350229,"E92000001","E19000001","E18000004","E10000007","E07000032","E05003289"
"DE562AH",10,437204,350643,"E92000001","E19000001","E18000004","E10000007","E07000032","E05003289"
"DE562AJ",10,437080,350528,"E92000001","E19000001","E18000004","E10000007","E07000032","E05003289"
"DE562AL",10,436838,350590,"E92000001","E19000001","E18000004","E10000007","E07000032","E05003289"
"DE562AN",10,436585,350654,"E92000001","E19000001","E18000004","E10000007","E07000032","E05003289"
"DE562AP",10,436361,350588,"E92000001","E19000001","E18000004","E10000007","E07000032","E05003289"
"DE562AQ",10,436247,350647,"E92000001","E19000001","E18000004","E10000007","E07000032","E05003289"
"DE562AR",10,436136,350724,"E92000001","E19000001","E18000004","E10000007","E07000032","E05003289"
"DE562AS",10,435997,350770,"E92000001","E19000001","E18000004","E10000007","E07000032","E05003289"
"DE562AT",10,436096,350573,"E92000001","E19000001","E18000004","E10000007","E07000032","E05003289"
"DE562AU",10,436116,350645,"E92000001","E19000001","E18000004","E10000007","E07000032","E05003289"
"DE562AW",10,436023,350551,"E92000001","E19000001","E18000004","E10000007","E07000032","E05003289"
"DE562AX",10,436104,350467,"E92000001","E19000001","E18000004","E10000007","E07000032","E05003289"
"DE562AY",10,436054,350700,"E92000001","E19000001","E18000004","E10000007","E07000032","E05003289"
"DE562AZ",10,437208,350065,"E92000001","E19000001","E18000004","E10000007","E07000032","E05003289"
"DE562BA",10,436779,350055,"E92000001","E19000001","E18000004","E10000007","E07000032","E05003289"
"DE562BB",10,436869,350134,"E92000001","E19000001","E18000004","E10000007","E07000032","E05003289"
"DE562BD",10,436820,350232,"E92000001","E19000001","E18000004","E10000007","E07000032","E05003289"
"DE562BE",10,436969,350405,"E92000001","E19000001","E18000004","E10000007","E07000032","E05003289"
"DE562BF",10,437057,350346,"E92000001","E19000001","E18000004","E10000007","E07000032","E05003289"
"DE562BG",10,436968,350703,"E92000001","E19000001","E18000004","E10000007","E07000032","E05003289"
"DE562BH",10,437077,351146,"E92000001","E19000001","E18000004","E10000007","E07000032","E05003289"
"DE562BJ",10,437043,350305,"E92000001","E19000001","E18000004","E10000007","E07000032","E05003289"
"DE562BL",10,437139,350237,"E92000001","E19000001","E18000004","E10000007","E07000032","E05003289"
"DE562BN",10,436933,349924,"E92000001","E19000001","E18000004","E10000007","E07000032","E05003289"
"DE562BP",10,437110,349237,"E92000001","E19000001","E18000004","E10000007","E07000032","E05003289"
"DE562BQ",10,437089,350426,"E92000001","E19000001","E18000004","E10000007","E07000032","E05003289"
"DE562BS",10,437159,349508,"E92000001","E19000001","E18000004","E10000007","E07000032","E05003289"
"DE562BT",10,437162,350251,"E92000001","E19000001","E18000004","E10000007","E07000032","E05003289"
"DE562BW",10,437055,350930,"E92000001","E19000001","E18000004","E10000007","E07000032","E05003289"
"DE562BX",10,437048,350204,"E92000001","E19000001","E18000004","E10000007","E07000032","E05003289"
"DE562BY",10,434236,348199,"E92000001","E19000001","E18000004","E10000007","E07000032","E05003284"
"DE562BZ",10,433965,348282,"E92000001","E19000001","E18000004","E10000007","E07000032","E05003284"
"DE562DA",10,433897,348159,"E92000001","E19000001","E18000004","E10000007","E07000032","E05003284"
"DE562DB",10,433199,347807,"E92000001","E19000001","E18000004","E10000007","E07000032","E05003284"
"DE562DD",10,432939,347844,"E92000001","E19000001","E18000004","E10000007","E07000032","E05003284"
"DE562DE",10,433191,348008,"E92000001","E19000001","E18000004","E10000007","E07000032","E05003284"
"DE562DF",10,437155,349544,"E92000001","E19000001","E18000004","E10000007","E07000032","E05003289"
"DE562DG",10,435015,348745,"E92000001","E19000001","E18000004","E10000007","E07000032","E05003284"
"DE562DJ",10,433499,348942,"E92000001","E19000001","E18000004","E10000007","E07000032","E05003284"
"DE562DL",10,433421,349416,"E92000001","E19000001","E18000004","E10000007","E07000032","E05003284"
"DE562DN",10,433820,350430,"E92000001","E19000001","E18000004","E10000007","E07000032","E05003281"
"DE562DP",10,432446,350832,"E92000001","E19000001","E18000004","E10000007","E07000032","E05003281"
"DE562DQ",10,430478,351361,"E92000001","E19000001","E18000004","E10000007","E07000032","E05003281"
"DE562DR",10,430860,350685,"E92000001","E19000001","E18000004","E10000007","E07000032","E05003281"
"DE562DS",10,431178,349522,"E92000001","E19000001","E18000004","E10000007","E07000032","E05003281"
"DE562DT",10,432211,349956,"E92000001","E19000001","E18000004","E10000007","E07000032","E05003281"
"DE562DU",10,432656,349181,"E92000001","E19000001","E18000004","E10000007","E07000032","E05003281"
"DE562DW",10,430693,349715,"E92000001","E19000001","E18000004","E10000007","E07000032","E05003281"
"DE562DX",10,429597,349289,"E92000001","E19000001","E18000004","E10000007","E07000032","E05003281"
"DE562DY",10,430459,348385,"E92000001","E19000001","E18000004","E10000007","E07000032","E05003281"
"DE562DZ",10,429474,348163,"E92000001","E19000001","E18000004","E10000007","E07000032","E05003281"
"DE562EA",10,429178,347335,"E92000001","E19000001","E18000004","E10000007","E07000032","E05003300"
"DE562EB",10,430891,347674,"E92000001","E19000001","E18000004","E10000007","E07000032","E05003281"
"DE562ED",10,431624,348280,"E92000001","E19000001","E18000004","E10000007","E07000032","E05003281"
"DE562EE",10,432040,348535,"E92000001","E19000001","E18000004","E10000007","E07000032","E05003281"
"DE562EF",10,434364,350136,"E92000001","E19000001","E18000004","E10000007","E07000032","E05003284"
"DE562EJ",10,434783,351417,"E92000001","E19000001","E18000004","E10000007","E07000032","E05003289"
"DE562EL",10,434757,351798,"E92000001","E19000001","E18000004","E10000007","E07000032","E05003289"
"DE562EN",10,434984,351586,"E92000001","E19000001","E18000004","E10000007","E07000032","E05003289"
"DE562EP",10,435124,351749,"E92000001","E19000001","E18000004","E10000007","E07000032","E05003289"
"DE562ER",10,435493,351854,"E92000001","E19000001","E18000004","E10000007","E07000032","E05003289"
"DE562ES",10,435533,351718,"E92000001","E19000001","E18000004","E10000007","E07000032","E05003289"
"DE562ET",10,435631,351824,"E92000001","E19000001","E18000004","E10000007","E07000032","E05003289"
"DE562EU",10,435680,351877,"E92000001","E19000001","E18000004","E10000007","E07000032","E05003289"
"DE562EW",10,435804,352303,"E92000001","E19000001","E18000004","E10000007","E07000032","E05003289"
"DE562EZ",10,435893,352403,"E92000001","E19000001","E18000004","E10000007","E07000032","E05003289"
"DE562FB",10,435817,352421,"E92000001","E19000001","E18000004","E10000007","E07000032","E05003289"
"DE562FD",10,435773,352483,"E92000001","E19000001","E18000004","E10000007","E07000032","E05003289"
"DE562FE",10,435793,352524,"E92000001","E19000001","E18000004","E10000007","E07000032","E05003289"
"DE562FF",10,435731,352519,"E92000001","E19000001","E18000004","E10000007","E07000032","E05003289"
"DE562FG",10,435794,352549,"E92000001","E19000001","E18000004","E10000007","E07000032","E05003289"
"DE562FH",10,435729,352584,"E92000001","E19000001","E18000004","E10000007","E07000032","E05003289"
"DE562FJ",10,435675,352369,"E92000001","E19000001","E18000004","E10000007","E07000032","E05003289"
"DE562FL",10,435493,352822,"E92000001","E19000001","E18000004","E10000007","E07000032","E05003302"
"DE562FN",10,435479,353008,"E92000001","E19000001","E18000004","E10000007","E07000032","E05003302"
"DE562FP",10,435555,353117,"E92000001","E19000001","E18000004","E10000007","E07000032","E05003302"
"DE562FQ",10,435631,352950,"E92000001","E19000001","E18000004","E10000007","E07000032","E05003302"
"DE562FR",10,435805,352984,"E92000001","E19000001","E18000004","E10000007","E07000032","E05003302"
"DE562FS",10,435748,353123,"E92000001","E19000001","E18000004","E10000007","E07000032","E05003302"
"DE562FT",10,435839,352948,"E92000001","E19000001","E18000004","E10000007","E07000032","E05003302"
"DE562FW",10,435729,352917,"E92000001","E19000001","E18000004","E10000007","E07000032","E05003302"
"DE562FX",10,435687,352826,"E92000001","E19000001","E18000004","E10000007","E07000032","E05003302"
"DE562FY",10,435812,352803,"E92000001","E19000001","E18000004","E10000007","E07000032","E05003302"
"DE562FZ",10,435310,351908,"E92000001","E19000001","E18000004","E10000007","E07000032","E05003289"
"DE562GA",10,435588,353115,"E92000001","E19000001","E18000004","E10000007","E07000032","E05003302"
"DE562GB",10,435551,353041,"E92000001","E19000001","E18000004","E10000007","E07000032","E05003302"
"DE562GD",10,434948,350809,"E92000001","E19000001","E18000004","E10000007","E07000032","E05003289"
"DE562GE",10,434836,350989,"E92000001","E19000001","E18000004","E10000007","E07000032","E05003289"
"DE562GF",10,435020,350826,"E92000001","E19000001","E18000004","E10000007","E07000032","E05003289"
"DE562GG",10,434952,350906,"E92000001","E19000001","E18000004","E10000007","E07000032","E05003289"
"DE562GH",10,434937,350936,"E92000001","E19000001","E18000004","E10000007","E07000032","E05003289"
"DE562GJ",10,434892,351022,"E92000001","E19000001","E18000004","E10000007","E07000032","E05003289"
"DE562GL",10,434938,351046,"E92000001","E19000001","E18000004","E10000007","E07000032","E05003289"
"DE562GN",10,434905,351115,"E92000001","E19000001","E18000004","E10000007","E07000032","E05003289"
"DE562GP",10,434879,351145,"E92000001","E19000001","E18000004","E10000007","E07000032","E05003289"
"DE562GQ",10,434820,351187,"E92000001","E19000001","E18000004","E10000007","E07000032","E05003289"
"DE562GR",10,435021,351142,"E92000001","E19000001","E18000004","E10000007","E07000032","E05003289"
"DE562GS",10,435255,350925,"E92000001","E19000001","E18000004","E10000007","E07000032","E05003289"
"DE562GT",10,434948,351307,"E92000001","E19000001","E18000004","E10000007","E07000032","E05003289"
"DE562GU",10,435002,351293,"E92000001","E19000001","E18000004","E10000007","E07000032","E05003289"
"DE562GW",10,435047,351319,"E92000001","E19000001","E18000004","E10000007","E07000032","E05003289"
"DE562GX",10,434739,351322,"E92000001","E19000001","E18000004","E10000007","E07000032","E05003289"
"DE562HA",10,434858,352005,"E92000001","E19000001","E18000004","E10000007","E07000032","E05003289"
"DE562HB",10,434479,352043,"E92000001","E19000001","E18000004","E10000007","E07000032","E05003287"
"DE562HD",10,434440,352007,"E92000001","E19000001","E18000004","E10000007","E07000032","E05003287"
"DE562HE",10,434286,352160,"E92000001","E19000001","E18000004","E10000007","E07000032","E05003287"
"DE562HF",10,434205,351896,"E92000001","E19000001","E18000004","E10000007","E07000032","E05003281"
"DE562HG",10,434230,351444,"E92000001","E19000001","E18000004","E10000007","E07000032","E05003281"
"DE562HJ",10,435479,352774,"E92000001","E19000001","E18000004","E10000007","E07000032","E05003302"
"DE562HL",10,435334,352821,"E92000001","E19000001","E18000004","E10000007","E07000032","E05003302"
"DE562HN",10,435918,353060,"E92000001","E19000001","E18000004","E10000007","E07000032","E05003302"
"DE562HP",10,435882,353625,"E92000001","E19000001","E18000004","E10000007","E07000032","E05003302"
"DE562HQ",10,436371,353264,"E92000001","E19000001","E18000004","E10000007","E07000032","E05003302"
"DE562HR",10,437471,352312,"E92000001","E19000001","E18000004","E10000007","E07000032","E05003302"
"DE562HS",10,437499,351784,"E92000001","E19000001","E18000004","E10000007","E07000032","E05003289"
"DE562HT",10,437333,351772,"E92000001","E19000001","E18000004","E10000007","E07000032","E05003289"
"DE562HU",10,437477,350482,"E92000001","E19000001","E18000004","E10000007","E07000032","E05003289"
"DE562HW",10,438140,350367,"E92000001","E19000001","E18000004","E10000007","E07000032","E05003289"
"DE562HX",10,435027,351656,"E92000001","E19000001","E18000004","E10000007","E07000032","E05003289"
"DE562HZ",10,435316,352864,"E92000001","E19000001","E18000004","E10000007","E07000032","E05003302"
"DE562JB",10,435801,351960,"E92000001","E19000001","E18000004","E10000007","E07000032","E05003289"
"DE562JD",10,434857,348288,"E92000001","E19000001","E18000004","E10000007","E07000032","E05003284"
"DE562JE",10,434913,349261,"E92000001","E19000001","E18000004","E10000007","E07000032","E05003284"
"DE562JF",10,435007,349300,"E92000001","E19000001","E18000004","E10000007","E07000032","E05003284"
"DE562JG",10,435094,349791,"E92000001","E19000001","E18000004","E10000007","E07000032","E05003284"
"DE562JH",10,435421,350453,"E92000001","E19000001","E18000004","E10000007","E07000032","E05003289"
"DE562JJ",10,435690,350479,"E92000001","E19000001","E18000004","E10000007","E07000032","E05003289"
"DE562JL",10,435797,351454,"E92000001","E19000001","E18000004","E10000007","E07000032","E05003289"
"DE562JN",10,435745,351449,"E92000001","E19000001","E18000004","E10000007","E07000032","E05003289"
"DE562JP",10,435896,351711,"E92000001","E19000001","E18000004","E10000007","E07000032","E05003289"
"DE562JQ",10,436221,352194,"E92000001","E19000001","E18000004","E10000007","E07000032","E05003289"
"DE562JR",10,436351,352042,"E92000001","E19000001","E18000004","E10000007","E07000032","E05003289"
"DE562JS",10,436690,352102,"E92000001","E19000001","E18000004","E10000007","E07000032","E05003289"
"DE562JT",10,436052,351485,"E92000001","E19000001","E18000004","E10000007","E07000032","E05003289"
"DE562JU",10,436217,350980,"E92000001","E19000001","E18000004","E10000007","E07000032","E05003289"
"DE562JW",10,436281,351027,"E92000001","E19000001","E18000004","E10000007","E07000032","E05003289"
"DE562JX",10,436004,351032,"E92000001","E19000001","E18000004","E10000007","E07000032","E05003289"
"DE562JY",10,435738,351025,"E92000001","E19000001","E18000004","E10000007","E07000032","E05003289"
"DE562JZ",10,435858,351482,"E92000001","E19000001","E18000004","E10000007","E07000032","E05003289"
"DE562LA",10,435317,350248,"E92000001","E19000001","E18000004","E10000007","E07000032","E05003289"
"DE562LB",10,431913,347170,"E92000001","E19000001","E18000004","E10000007","E07000032","E05003281"
"DE562LD",10,432915,347586,"E92000001","E19000001","E18000004","E10000007","E07000032","E05003281"
"DE562LE",10,432078,347314,"E92000001","E19000001","E18000004","E10000007","E07000032","E05003281"
"DE562LF",10,431012,347128,"E92000001","E19000001","E18000004","E10000007","E07000032","E05003281"
"DE562LG",10,430560,346939,"E92000001","E19000001","E18000004","E10000007","E07000032","E05003281"
"DE562LH",10,429812,346611,"E92000001","E19000001","E18000004","E10000007","E07000032","E05003300"
"DE562LJ",10,429640,346639,"E92000001","E19000001","E18000004","E10000007","E07000032","E05003300"
"DE562LL",10,429020,346304,"E92000001","E19000001","E18000004","E10000007","E07000035","E05003356"
"DE562LN",10,429450,346127,"E92000001","E19000001","E18000004","E10000007","E07000032","E05003300"
"DE562LP",10,430616,345342,"E92000001","E19000001","E18000004","E10000007","E07000032","E05003300"
"DE562LQ",10,429953,345573,"E92000001","E19000001","E18000004","E10000007","E07000032","E05003300"
"DE562LR",10,431265,344582,"E92000001","E19000001","E18000004","E10000007","E07000032","E05003300"
"DE562LS",10,430799,346802,"E92000001","E19000001","E18000004","E10000007","E07000032","E05003281"
"DE562LT",10,428210,346406,"E92000001","E19000001","E18000004","E10000007","E07000035","E05003356"
"DE562LU",10,427548,345434,"E92000001","E19000001","E18000004","E10000007","E07000035","E05003356"
"DE562LW",10,427083,345960,"E92000001","E19000001","E18000004","E10000007","E07000035","E05003356"
"DE562LX",10,430248,346599,"E92000001","E19000001","E18000004","E10000007","E07000032","E05003281"
"DE562LY",10,431873,347233,"E92000001","E19000001","E18000004","E10000007","E07000032","E05003281"
"DE562LZ",10,426999,344642,"E92000001","E19000001","E18000004","E10000007","E07000032","E05003300"
"DE562NA",10,436270,352147,"E92000001","E19000001","E18000004","E10000007","E07000032","E05003289"
"DE562RA",10,431751,353489,"E92000001","E19000001","E18000004","E10000007","E07000032","E05003281"
"DE562RB",10,432355,353211,"E92000001","E19000001","E18000004","E10000007","E07000032","E05003281"
"DE562RD",10,431710,352285,"E92000001","E19000001","E18000004","E10000007","E07000032","E05003281"
"DE562RE",10,433293,351671,"E92000001","E19000001","E18000004","E10000007","E07000032","E05003281"
"DE562RF",10,430663,353400,"E92000001","E19000001","E18000004","E10000007","E07000032","E05003281"
"DE562SB",10,428896,348502,"E92000001","E19000001","E18000004","E10000007","E07000032","E05003281"
"DE562SD",10,428086,347810,"E92000001","E19000001","E18000004","E10000007","E07000032","E05003281"
"DE562SE",10,428144,348734,"E92000001","E19000001","E18000004","E10000007","E07000032","E05003281"
"DE562SF",10,429403,347934,"E92000001","E19000001","E18000004","E10000007","E07000032","E05003281"
"DE562SG",10,428750,348864,"E92000001","E19000001","E18000004","E10000007","E07000032","E05003281"
"DE562SH",10,428463,350824,"E92000001","E19000001","E18000004","E10000007","E07000032","E05003281"
"DE562SJ",10,428377,349071,"E92000001","E19000001","E18000004","E10000007","E07000032","E05003281"
"DE562SL",10,428976,348130,"E92000001","E19000001","E18000004","E10000007","E07000032","E05003281"
"DE562SQ",10,432751,353993,"E92000001","E19000001","E18000004","E10000007","E07000032","E05003281"
"DE562SR",10,432666,353307,"E92000001","E19000001","E18000004","E10000007","E07000032","E05003281"
"DE562SS",10,429086,348940,"E92000001","E19000001","E18000004","E10000007","E07000032","E05003281"
"DE562TA",10,437020,349822,"E92000001","E19000001","E18000004","E10000007","E07000032","E05003289"
"DE562TB",10,437111,349841,"E92000001","E19000001","E18000004","E10000007","E07000032","E05003289"
"DE562TD",10,437030,349728,"E92000001","E19000001","E18000004","E10000007","E07000032","E05003289"
"DE562TE",10,437099,349719,"E92000001","E19000001","E18000004","E10000007","E07000032","E05003289"
"DE562TF",10,437166,349793,"E92000001","E19000001","E18000004","E10000007","E07000032","E05003289"
"DE562TG",10,437106,349769,"E92000001","E19000001","E18000004","E10000007","E07000032","E05003289"
"DE562TH",10,434237,348389,"E92000001","E19000001","E18000004","E10000007","E07000032","E05003284"
"DE562TJ",10,434087,348207,"E92000001","E19000001","E18000004","E10000007","E07000032","E05003284"
"DE562TL",10,434107,348503,"E92000001","E19000001","E18000004","E10000007","E07000032","E05003284"
"DE562TN",10,433974,348462,"E92000001","E19000001","E18000004","E10000007","E07000032","E05003284"
"DE562TP",10,434381,348314,"E92000001","E19000001","E18000004","E10000007","E07000032","E05003284"
"DE562TQ",10,434256,348347,"E92000001","E19000001","E18000004","E10000007","E07000032","E05003284"
"DE562TR",10,434008,348571,"E92000001","E19000001","E18000004","E10000007","E07000032","E05003284"
"DE562TS",10,434222,348611,"E92000001","E19000001","E18000004","E10000007","E07000032","E05003284"
"DE562TT",10,434168,348606,"E92000001","E19000001","E18000004","E10000007","E07000032","E05003284"
"DE562TU",10,434203,348453,"E92000001","E19000001","E18000004","E10000007","E07000032","E05003284"
"DE562TW",10,434051,348686,"E92000001","E19000001","E18000004","E10000007","E07000032","E05003284"
"DE562TX",10,434274,348523,"E92000001","E19000001","E18000004","E10000007","E07000032","E05003284"
"DE562TY",10,434286,348587,"E92000001","E19000001","E18000004","E10000007","E07000032","E05003284"
"DE562TZ",10,434342,348502,"E92000001","E19000001","E18000004","E10000007","E07000032","E05003284"
"DE562UA",10,434490,348199,"E92000001","E19000001","E18000004","E10000007","E07000032","E05003284"
"DE562UB",10,434581,348370,"E92000001","E19000001","E18000004","E10000007","E07000032","E05003284"
"DE562UD",10,434578,348424,"E92000001","E19000001","E18000004","E10000007","E07000032","E05003284"
"DE562UE",10,434559,348481,"E92000001","E19000001","E18000004","E10000007","E07000032","E05003284"
"DE562UG",10,434504,348420,"E92000001","E19000001","E18000004","E10000007","E07000032","E05003284"
"DE562UH",10,434252,348762,"E92000001","E19000001","E18000004","E10000007","E07000032","E05003284"
"DE562UJ",10,434029,348917,"E92000001","E19000001","E18000004","E10000007","E07000032","E05003284"
"DE562UL",10,434060,347647,"E92000001","E19000001","E18000004","E10000007","E07000032","E05003284"
"DE562UN",10,434099,346848,"E92000001","E19000001","E18000004","E10000007","E07000032","E05008520"
"DE562UP",10,433569,346951,"E92000001","E19000001","E18000004","E10000007","E07000032","E05003284"
"DE562UQ",10,434390,348604,"E92000001","E19000001","E18000004","E10000007","E07000032","E05003284"
"DE562US",10,434586,345943,"E92000001","E19000001","E18000004","E10000007","E07000032","E05008520"
"DE562UT",10,437197,349699,"E92000001","E19000001","E18000004","E10000007","E07000032","E05003289"
"DE562UW",10,433816,347352,"E92000001","E19000001","E18000004","E10000007","E07000032","E05003284"
"DE562YS",10,434618,346798,"E92000001","E19000001","E18000004","E10000007","E07000032","E05008520"
"DE562ZL",10,434618,346798,"E92000001","E19000001","E18000004","E10000007","E07000032","E05008520"
"DE562ZS",10,434618,346798,"E92000001","E19000001","E18000004","E10000007","E07000032","E05008520"
"DE564AA",10,433706,344485,"E92000001","E19000001","E18000004","E10000007","E07000032","E05008521"
"DE564AB",10,433911,344337,"E92000001","E19000001","E18000004","E10000007","E07000032","E05008521"
"DE564AD",10,433054,345548,"E92000001","E19000001","E18000004","E10000007","E07000032","E05003281"
"DE564AE",10,433544,345908,"E92000001","E19000001","E18000004","E10000007","E07000032","E05003281"
"DE564AF",10,433411,346233,"E92000001","E19000001","E18000004","E10000007","E07000032","E05003281"
"DE564AG",10,432558,346416,"E92000001","E19000001","E18000004","E10000007","E07000032","E05003281"
"DE564AH",10,433091,346871,"E92000001","E19000001","E18000004","E10000007","E07000032","E05003281"
"DE564AL",10,432648,345943,"E92000001","E19000001","E18000004","E10000007","E07000032","E05003281"
"DE564AN",10,432072,345602,"E92000001","E19000001","E18000004","E10000007","E07000032","E05003281"
"DE564AP",10,432113,345105,"E92000001","E19000001","E18000004","E10000007","E07000032","E05003281"
"DE564AQ",10,432646,344061,"E92000001","E19000001","E18000004","E10000007","E07000032","E05003300"
"DE564AR",10,433454,343184,"E92000001","E19000001","E18000004","E10000007","E07000032","E05008521"
"DE564AS",10,433325,342470,"E92000001","E19000001","E18000004","E10000007","E07000032","E05008521"
"DE564AT",10,434418,343225,"E92000001","E19000001","E18000004","E10000007","E07000032","E05008521"
"DE564AU",10,434488,343216,"E92000001","E19000001","E18000004","E10000007","E07000032","E05008521"
"DE564AW",10,433448,345588,"E92000001","E19000001","E18000004","E10000007","E07000032","E05003281"
"DE564AX",10,433612,343129,"E92000001","E19000001","E18000004","E10000007","E07000032","E05008521"
"DE564BA",10,434954,342742,"E92000001","E19000001","E18000004","E10000007","E07000032","E05008521"
"DE564BD",10,434653,342846,"E92000001","E19000001","E18000004","E10000007","E07000032","E05008521"
"DE564BE",10,434770,342823,"E92000001","E19000001","E18000004","E10000007","E07000032","E05008521"
"DE564BG",10,435248,343333,"E92000001","E19000001","E18000004","E10000007","E07000032","E05008521"
"DE564BH",10,435284,342811,"E92000001","E19000001","E18000004","E10000007","E07000036","E05010613"
"DE564BJ",10,435534,342317,"E92000001","E19000001","E18000004","E10000007","E07000036","E05010613"
"DE564BL",10,435623,342366,"E92000001","E19000001","E18000004","E10000007","E07000036","E05010613"
"DE564BN",10,435587,342394,"E92000001","E19000001","E18000004","E10000007","E07000036","E05010613"
"DE564BP",10,435706,342640,"E92000001","E19000001","E18000004","E10000007","E07000036","E05010613"
"DE564BQ",10,434084,342898,"E92000001","E19000001","E18000004","E10000007","E07000032","E05008521"
"DE564BT",10,434431,342537,"E92000001","E19000001","E18000004","E10000007","E07000032","E05008521"
"DE564BU",10,434192,342661,"E92000001","E19000001","E18000004","E10000007","E07000032","E05008521"
"DE564BW",10,433857,342897,"E92000001","E19000001","E18000004","E10000007","E07000032","E05008521"
"DE564BX",10,433959,342883,"E92000001","E19000001","E18000004","E10000007","E07000032","E05008521"
"DE564BY",10,433784,343099,"E92000001","E19000001","E18000004","E10000007","E07000032","E05008521"
"DE564BZ",10,434049,342969,"E92000001","E19000001","E18000004","E10000007","E07000032","E05008521"
"DE564DA",10,434095,343047,"E92000001","E19000001","E18000004","E10000007","E07000032","E05008521"
"DE564DB",10,434125,343114,"E92000001","E19000001","E18000004","E10000007","E07000032","E05008521"
"DE564DD",10,433998,342980,"E92000001","E19000001","E18000004","E10000007","E07000032","E05008521"
"DE564DE",10,433910,343079,"E92000001","E19000001","E18000004","E10000007","E07000032","E05008521"
"DE564DF",10,433903,342994,"E92000001","E19000001","E18000004","E10000007","E07000032","E05008521"
"DE564DG",10,433677,343279,"E92000001","E19000001","E18000004","E10000007","E07000032","E05008521"
"DE564DH",10,433555,343293,"E92000001","E19000001","E18000004","E10000007","E07000032","E05008521"
"DE564DJ",10,434295,344329,"E92000001","E19000001","E18000004","E10000007","E07000032","E05008521"
"DE564DL",10,434007,343104,"E92000001","E19000001","E18000004","E10000007","E07000032","E05008521"
"DE564DN",10,434476,343834,"E92000001","E19000001","E18000004","E10000007","E07000032","E05008521"
"DE564DP",10,434109,343898,"E92000001","E19000001","E18000004","E10000007","E07000032","E05008521"
"DE564DQ",10,433984,344254,"E92000001","E19000001","E18000004","E10000007","E07000032","E05008521"
"DE564DR",10,434053,344298,"E92000001","E19000001","E18000004","E10000007","E07000032","E05008521"
"DE564DS",10,434159,344267,"E92000001","E19000001","E18000004","E10000007","E07000032","E05008521"
"DE564DT",10,434229,344357,"E92000001","E19000001","E18000004","E10000007","E07000032","E05008521"
"DE564DU",10,434216,344255,"E92000001","E19000001","E18000004","E10000007","E07000032","E05008521"
"DE564DW",10,434224,344140,"E92000001","E19000001","E18000004","E10000007","E07000032","E05008521"
"DE564DX",10,434245,344050,"E92000001","E19000001","E18000004","E10000007","E07000032","E05008521"
"DE564DY",10,434404,344029,"E92000001","E19000001","E18000004","E10000007","E07000032","E05008521"
"DE564DZ",10,434420,344004,"E92000001","E19000001","E18000004","E10000007","E07000032","E05008521"
"DE564EA",10,434269,343894,"E92000001","E19000001","E18000004","E10000007","E07000032","E05008521"
"DE564EB",10,434323,343820,"E92000001","E19000001","E18000004","E10000007","E07000032","E05008521"
"DE564ED",10,434373,343747,"E92000001","E19000001","E18000004","E10000007","E07000032","E05008521"
"DE564EE",10,434346,344294,"E92000001","E19000001","E18000004","E10000007","E07000032","E05008521"
"DE564EF",10,434069,343822,"E92000001","E19000001","E18000004","E10000007","E07000032","E05008521"
"DE564EG",10,434511,343393,"E92000001","E19000001","E18000004","E10000007","E07000032","E05008521"
"DE564EH",10,434456,343421,"E92000001","E19000001","E18000004","E10000007","E07000032","E05008521"
"DE564EJ",10,434464,343402,"E92000001","E19000001","E18000004","E10000007","E07000032","E05008521"
"DE564EL",10,434464,343703,"E92000001","E19000001","E18000004","E10000007","E07000032","E05008521"
"DE564EN",10,434276,343458,"E92000001","E19000001","E18000004","E10000007","E07000032","E05008521"
"DE564EP",10,434554,343649,"E92000001","E19000001","E18000004","E10000007","E07000032","E05008521"
"DE564EQ",10,434546,343477,"E92000001","E19000001","E18000004","E10000007","E07000032","E05008521"
"DE564ER",10,434359,343460,"E92000001","E19000001","E18000004","E10000007","E07000032","E05008521"
"DE564ES",10,434349,343549,"E92000001","E19000001","E18000004","E10000007","E07000032","E05008521"
"DE564ET",10,434364,343546,"E92000001","E19000001","E18000004","E10000007","E07000032","E05008521"
"DE564EU",10,434342,343643,"E92000001","E19000001","E18000004","E10000007","E07000032","E05008521"
"DE564EW",10,434199,343688,"E92000001","E19000001","E18000004","E10000007","E07000032","E05008521"
"DE564EX",10,434073,343776,"E92000001","E19000001","E18000004","E10000007","E07000032","E05008521"
"DE564EY",10,434303,343584,"E92000001","E19000001","E18000004","E10000007","E07000032","E05008521"
"DE564EZ",10,434209,343524,"E92000001","E19000001","E18000004","E10000007","E07000032","E05008521"
"DE564FB",10,434227,343594,"E92000001","E19000001","E18000004","E10000007","E07000032","E05008521"
"DE564FD",10,434197,343603,"E92000001","E19000001","E18000004","E10000007","E07000032","E05008521"
"DE564FE",10,434072,343634,"E92000001","E19000001","E18000004","E10000007","E07000032","E05008521"
"DE564FF",10,434090,343530,"E92000001","E19000001","E18000004","E10000007","E07000032","E05008521"
"DE564FG",10,434018,344174,"E92000001","E19000001","E18000004","E10000007","E07000032","E05008521"
"DE564FH",10,433544,343798,"E92000001","E19000001","E18000004","E10000007","E07000032","E05008521"
"DE564FJ",10,434171,342945,"E92000001","E19000001","E18000004","E10000007","E07000032","E05008521"
"DE564FL",10,434694,342491,"E92000001","E19000001","E18000004","E10000007","E07000032","E05008521"
"DE564FN",10,434892,342283,"E92000001","E19000001","E18000004","E10000007","E07000032","E05008521"
"DE564FQ",10,434953,342041,"E92000001","E19000001","E18000004","E10000007","E07000032","E05008521"
"DE564FR",10,434995,342118,"E92000001","E19000001","E18000004","E10000007","E07000032","E05008521"
"DE564FS",10,434366,342750,"E92000001","E19000001","E18000004","E10000007","E07000032","E05008521"
"DE564FT",10,434490,342657,"E92000001","E19000001","E18000004","E10000007","E07000032","E05008521"
"DE564FU",10,433877,343796,"E92000001","E19000001","E18000004","E10000007","E07000032","E05008521"
"DE564FW",10,434195,342872,"E92000001","E19000001","E18000004","E10000007","E07000032","E05008521"
"DE564FX",10,434248,343056,"E92000001","E19000001","E18000004","E10000007","E07000032","E05008521"
"DE564FY",10,434199,343066,"E92000001","E19000001","E18000004","E10000007","E07000032","E05008521"
"DE564FZ",10,434379,343861,"E92000001","E19000001","E18000004","E10000007","E07000032","E05008521"
"DE564GB",10,433523,343222,"E92000001","E19000001","E18000004","E10000007","E07000032","E05008521"
"DE564GD",10,434499,343299,"E92000001","E19000001","E18000004","E10000007","E07000032","E05008521"
"DE564GE",10,434581,343317,"E92000001","E19000001","E18000004","E10000007","E07000032","E05008521"
"DE564GF",10,434581,343296,"E92000001","E19000001","E18000004","E10000007","E07000032","E05008521"
"DE564GG",10,434543,343208,"E92000001","E19000001","E18000004","E10000007","E07000032","E05008521"
"DE564GH",10,434294,343215,"E92000001","E19000001","E18000004","E10000007","E07000032","E05008521"
"DE564GJ",10,434350,343143,"E92000001","E19000001","E18000004","E10000007","E07000032","E05008521"
"DE564GL",10,434095,343307,"E92000001","E19000001","E18000004","E10000007","E07000032","E05008521"
"DE564GN",10,434013,343301,"E92000001","E19000001","E18000004","E10000007","E07000032","E05008521"
"DE564GP",10,434023,343205,"E92000001","E19000001","E18000004","E10000007","E07000032","E05008521"
"DE564GQ",10,434061,343402,"E92000001","E19000001","E18000004","E10000007","E07000032","E05008521"
"DE564GR",10,433906,343355,"E92000001","E19000001","E18000004","E10000007","E07000032","E05008521"
"DE564GS",10,434268,343283,"E92000001","E19000001","E18000004","E10000007","E07000032","E05008521"
"DE564GT",10,433783,343336,"E92000001","E19000001","E18000004","E10000007","E07000032","E05008521"
"DE564GU",10,433816,343249,"E92000001","E19000001","E18000004","E10000007","E07000032","E05008521"
"DE564GW",10,433946,343259,"E92000001","E19000001","E18000004","E10000007","E07000032","E05008521"
"DE564GX",10,433952,343189,"E92000001","E19000001","E18000004","E10000007","E07000032","E05008521"
"DE564GY",10,433873,343151,"E92000001","E19000001","E18000004","E10000007","E07000032","E05008521"
"DE564GZ",10,433676,343185,"E92000001","E19000001","E18000004","E10000007","E07000032","E05008521"
"DE564HA",10,433641,343018,"E92000001","E19000001","E18000004","E10000007","E07000032","E05008521"
"DE564HB",10,433774,342921,"E92000001","E19000001","E18000004","E10000007","E07000032","E05008521"
"DE564HD",10,434445,342808,"E92000001","E19000001","E18000004","E10000007","E07000032","E05008521"
"DE564HE",10,434412,343091,"E92000001","E19000001","E18000004","E10000007","E07000032","E05008521"
"DE564HF",10,434373,342970,"E92000001","E19000001","E18000004","E10000007","E07000032","E05008521"
"DE564HG",10,434414,342973,"E92000001","E19000001","E18000004","E10000007","E07000032","E05008521"
"DE564HH",10,433763,343764,"E92000001","E19000001","E18000004","E10000007","E07000032","E05008521"
"DE564HJ",10,434951,342228,"E92000001","E19000001","E18000004","E10000007","E07000032","E05008521"
"DE564HL",10,434295,343404,"E92000001","E19000001","E18000004","E10000007","E07000032","E05008521"
"DE564HN",10,433912,343670,"E92000001","E19000001","E18000004","E10000007","E07000032","E05008521"
"DE564HP",10,434505,343595,"E92000001","E19000001","E18000004","E10000007","E07000032","E05008521"
"DE564HQ",10,433731,343707,"E92000001","E19000001","E18000004","E10000007","E07000032","E05008521"
"DE564HR",10,433793,343780,"E92000001","E19000001","E18000004","E10000007","E07000032","E05008521"
"DE564HS",10,433756,343824,"E92000001","E19000001","E18000004","E10000007","E07000032","E05008521"
"DE564HT",10,434549,343578,"E92000001","E19000001","E18000004","E10000007","E07000032","E05008521"
"DE564HW",10,434618,346798,"E92000001","E19000001","E18000004","E10000007","E07000032","E05008520"
"DE564JA",10,434468,343778,"E92000001","E19000001","E18000004","E10000007","E07000032","E05008521"
"DE564JB",10,434480,343090,"E92000001","E19000001","E18000004","E10000007","E07000032","E05008521"
"DE564JD",10,434585,343553,"E92000001","E19000001","E18000004","E10000007","E07000032","E05008521"
"DE564ZY",10,434618,346798,"E92000001","E19000001","E18000004","E10000007","E07000032","E05008520"
"DE569AA",10,434618,346798,"E92000001","E19000001","E18000004","E10000007","E07000032","E05008520"
"DE569AH",10,434618,346798,"E92000001","E19000001","E18000004","E10000007","E07000032","E05008520"
"DE569DH",10,434618,346798,"E92000001","E19000001","E18000004","E10000007","E07000032","E05008520"
"DE569DL",10,434618,346798,"E92000001","E19000001","E18000004","E10000007","E07000032","E05008520"
"DE569DT",10,434618,346798,"E92000001","E19000001","E18000004","E10000007","E07000032","E05008520"
"DE569EB",10,434618,346798,"E92000001","E19000001","E18000004","E10000007","E07000032","E05008520"
"DE569ED",10,434618,346798,"E92000001","E19000001","E18000004","E10000007","E07000032","E05008520"
"DE569EQ",10,434618,346798,"E92000001","E19000001","E18000004","E10000007","E07000032","E05008520"
"DE569ET",10,434618,346798,"E92000001","E19000001","E18000004","E10000007","E07000032","E05008520"
"DE569EU",10,434618,346798,"E92000001","E19000001","E18000004","E10000007","E07000032","E05008520"
"DE569FD",10,434618,346798,"E92000001","E19000001","E18000004","E10000007","E07000032","E05008520"
"DE569FH",10,434618,346798,"E92000001","E19000001","E18000004","E10000007","E07000032","E05008520"
"DE6 1AA",10,417854,346529,"E92000001","E19000001","E18000004","E10000007","E07000035","E05003343"
"DE6 1AB",10,417814,346630,"E92000001","E19000001","E18000004","E10000007","E07000035","E05003342"
"DE6 1AD",10,417958,346645,"E92000001","E19000001","E18000004","E10000007","E07000035","E05003343"
"DE6 1AE",10,417906,346607,"E92000001","E19000001","E18000004","E10000007","E07000035","E05003343"
"DE6 1AF",10,417961,346671,"E92000001","E19000001","E18000004","E10000007","E07000035","E05003342"
"DE6 1AH",10,417773,346598,"E92000001","E19000001","E18000004","E10000007","E07000035","E05003342"
"DE6 1AJ",10,417765,346555,"E92000001","E19000001","E18000004","E10000007","E07000035","E05003342"
"DE6 1AN",10,417687,346418,"E92000001","E19000001","E18000004","E10000007","E07000035","E05003343"
"DE6 1AP",10,417716,346536,"E92000001","E19000001","E18000004","E10000007","E07000035","E05003342"
"DE6 1AQ",10,417783,346492,"E92000001","E19000001","E18000004","E10000007","E07000035","E05003343"
"DE6 1AR",10,417360,346235,"E92000001","E19000001","E18000004","E10000007","E07000035","E05003342"
"DE6 1AS",10,417228,346112,"E92000001","E19000001","E18000004","E10000007","E07000035","E05003343"
"DE6 1AT",10,417638,346607,"E92000001","E19000001","E18000004","E10000007","E07000035","E05003342"
"DE6 1AW",10,417753,346413,"E92000001","E19000001","E18000004","E10000007","E07000035","E05003343"
"DE6 1AY",10,417025,345690,"E92000001","E19000001","E18000004","E10000007","E07000035","E05003350"
"DE6 1AZ",10,418063,345646,"E92000001","E19000001","E18000004","E10000007","E07000035","E05003343"
"DE6 1BA",10,418177,346344,"E92000001","E19000001","E18000004","E10000007","E07000035","E05003343"
"DE6 1BB",10,418477,346290,"E92000001","E19000001","E18000004","E10000007","E07000035","E05003342"
"DE6 1BD",10,418759,346244,"E92000001","E19000001","E18000004","E10000007","E07000035","E05003342"
"DE6 1BE",10,418183,346297,"E92000001","E19000001","E18000004","E10000007","E07000035","E05003343"
"DE6 1BF",10,417991,345668,"E92000001","E19000001","E18000004","E10000007","E07000035","E05003343"
"DE6 1BG",10,418074,345724,"E92000001","E19000001","E18000004","E10000007","E07000035","E05003343"
"DE6 1BH",10,418764,345844,"E92000001","E19000001","E18000004","E10000007","E07000035","E05003343"
"DE6 1BJ",10,418659,345830,"E92000001","E19000001","E18000004","E10000007","E07000035","E05003343"
"DE6 1BL",10,418096,346216,"E92000001","E19000001","E18000004","E10000007","E07000035","E05003343"
"DE6 1BN",10,418713,345670,"E92000001","E19000001","E18000004","E10000007","E07000035","E05003343"
"DE6 1BP",10,418754,345734,"E92000001","E19000001","E18000004","E10000007","E07000035","E05003343"
"DE6 1BQ",10,418574,345851,"E92000001","E19000001","E18000004","E10000007","E07000035","E05003343"
"DE6 1BR",10,418407,346066,"E92000001","E19000001","E18000004","E10000007","E07000035","E05003343"
"DE6 1BS",10,418477,345751,"E92000001","E19000001","E18000004","E10000007","E07000035","E05003343"
"DE6 1BT",10,418390,345815,"E92000001","E19000001","E18000004","E10000007","E07000035","E05003343"
"DE6 1BU",10,418357,345714,"E92000001","E19000001","E18000004","E10000007","E07000035","E05003343"
"DE6 1BW",10,417975,346512,"E92000001","E19000001","E18000004","E10000007","E07000035","E05003343"
"DE6 1BX",10,418071,346453,"E92000001","E19000001","E18000004","E10000007","E07000035","E05003343"
"DE6 1BY",10,418090,346336,"E92000001","E19000001","E18000004","E10000007","E07000035","E05003343"
"DE6 1BZ",10,418187,346395,"E92000001","E19000001","E18000004","E10000007","E07000035","E05003343"
"DE6 1DA",10,418108,346413,"E92000001","E19000001","E18000004","E10000007","E07000035","E05003343"
"DE6 1DB",10,417398,346470,"E92000001","E19000001","E18000004","E10000007","E07000035","E05003342"
"DE6 1DD",10,418292,345768,"E92000001","E19000001","E18000004","E10000007","E07000035","E05003343"
"DE6 1DE",10,417900,346297,"E92000001","E19000001","E18000004","E10000007","E07000035","E05003343"
"DE6 1DF",10,417926,346327,"E92000001","E19000001","E18000004","E10000007","E07000035","E05003343"
"DE6 1DG",10,417319,345902,"E92000001","E19000001","E18000004","E10000007","E07000035","E05003343"
"DE6 1DH",10,417869,346287,"E92000001","E19000001","E18000004","E10000007","E07000035","E05003343"
"DE6 1DJ",10,418870,345607,"E92000001","E19000001","E18000004","E10000007","E07000035","E05003343"
"DE6 1DL",10,417759,346252,"E92000001","E19000001","E18000004","E10000007","E07000035","E05003343"
"DE6 1DN",10,418088,346874,"E92000001","E19000001","E18000004","E10000007","E07000035","E05003342"
"DE6 1DP",10,418041,346254,"E92000001","E19000001","E18000004","E10000007","E07000035","E05003343"
"DE6 1DQ",10,417811,346228,"E92000001","E19000001","E18000004","E10000007","E07000035","E05003343"
"DE6 1DR",10,417703,346205,"E92000001","E19000001","E18000004","E10000007","E07000035","E05003343"
"DE6 1DS",10,417944,346267,"E92000001","E19000001","E18000004","E10000007","E07000035","E05003343"
"DE6 1DT",10,417488,345962,"E92000001","E19000001","E18000004","E10000007","E07000035","E05003343"
"DE6 1DU",10,417517,345871,"E92000001","E19000001","E18000004","E10000007","E07000035","E05003343"
"DE6 1DW",10,417586,345909,"E92000001","E19000001","E18000004","E10000007","E07000035","E05003343"
"DE6 1DX",10,417601,345824,"E92000001","E19000001","E18000004","E10000007","E07000035","E05003343"
"DE6 1DY",10,418055,346552,"E92000001","E19000001","E18000004","E10000007","E07000035","E05003343"
"DE6 1DZ",10,418131,346522,"E92000001","E19000001","E18000004","E10000007","E07000035","E05003343"
"DE6 1EA",10,418063,346892,"E92000001","E19000001","E18000004","E10000007","E07000035","E05003342"
"DE6 1EB",10,418164,346865,"E92000001","E19000001","E18000004","E10000007","E07000035","E05003342"
"DE6 1ED",10,418216,347026,"E92000001","E19000001","E18000004","E10000007","E07000035","E05003342"
"DE6 1EE",10,418680,347236,"E92000001","E19000001","E18000004","E10000007","E07000035","E05003342"
"DE6 1EF",10,418418,347354,"E92000001","E19000001","E18000004","E10000007","E07000035","E05003342"
"DE6 1EG",10,418387,347320,"E92000001","E19000001","E18000004","E10000007","E07000035","E05003342"
"DE6 1EH",10,418551,347426,"E92000001","E19000001","E18000004","E10000007","E07000035","E05003342"
"DE6 1EJ",10,418327,346981,"E92000001","E19000001","E18000004","E10000007","E07000035","E05003342"
"DE6 1EL",10,418263,346971,"E92000001","E19000001","E18000004","E10000007","E07000035","E05003342"
"DE6 1EN",10,418309,347028,"E92000001","E19000001","E18000004","E10000007","E07000035","E05003342"
"DE6 1EP",10,418260,347158,"E92000001","E19000001","E18000004","E10000007","E07000035","E05003342"
"DE6 1EQ",10,418186,346940,"E92000001","E19000001","E18000004","E10000007","E07000035","E05003342"
"DE6 1ER",10,418382,347020,"E92000001","E19000001","E18000004","E10000007","E07000035","E05003342"
"DE6 1ES",10,418067,346801,"E92000001","E19000001","E18000004","E10000007","E07000035","E05003342"
"DE6 1ET",10,417912,346828,"E92000001","E19000001","E18000004","E10000007","E07000035","E05003342"
"DE6 1EU",10,418027,346759,"E92000001","E19000001","E18000004","E10000007","E07000035","E05003342"
"DE6 1EW",10,418096,346839,"E92000001","E19000001","E18000004","E10000007","E07000035","E05003342"
"DE6 1EX",10,417988,346917,"E92000001","E19000001","E18000004","E10000007","E07000035","E05003342"
"DE6 1EY",10,418125,347260,"E92000001","E19000001","E18000004","E10000007","E07000035","E05003342"
"DE6 1EZ",10,417878,346933,"E92000001","E19000001","E18000004","E10000007","E07000035","E05003342"
"DE6 1FB",10,417946,346854,"E92000001","E19000001","E18000004","E10000007","E07000035","E05003342"
"DE6 1FD",10,417757,346796,"E92000001","E19000001","E18000004","E10000007","E07000035","E05003342"
"DE6 1FE",10,417726,346712,"E92000001","E19000001","E18000004","E10000007","E07000035","E05003342"
"DE6 1FF",10,417822,346757,"E92000001","E19000001","E18000004","E10000007","E07000035","E05003342"
"DE6 1FG",10,417940,346758,"E92000001","E19000001","E18000004","E10000007","E07000035","E05003342"
"DE6 1FH",10,418077,346837,"E92000001","E19000001","E18000004","E10000007","E07000035","E05003342"
"DE6 1FJ",10,418673,345403,"E92000001","E19000001","E18000004","E10000007","E07000035","E05003343"
"DE6 1FL",10,418544,345732,"E92000001","E19000001","E18000004","E10000007","E07000035","E05003343"
"DE6 1FN",10,418225,346499,"E92000001","E19000001","E18000004","E10000007","E07000035","E05003343"
"DE6 1FP",10,418194,346467,"E92000001","E19000001","E18000004","E10000007","E07000035","E05003343"
"DE6 1FQ",10,418305,346414,"E92000001","E19000001","E18000004","E10000007","E07000035","E05003342"
"DE6 1FR",10,418481,346439,"E92000001","E19000001","E18000004","E10000007","E07000035","E05003342"
"DE6 1FS",10,418478,346395,"E92000001","E19000001","E18000004","E10000007","E07000035","E05003342"
"DE6 1FT",10,418566,346426,"E92000001","E19000001","E18000004","E10000007","E07000035","E05003342"
"DE6 1FW",10,418790,346500,"E92000001","E19000001","E18000004","E10000007","E07000035","E05003342"
"DE6 1FX",10,418998,346428,"E92000001","E19000001","E18000004","E10000007","E07000035","E05003342"
"DE6 1FY",10,418991,346493,"E92000001","E19000001","E18000004","E10000007","E07000035","E05003342"
"DE6 1FZ",10,418757,346379,"E92000001","E19000001","E18000004","E10000007","E07000035","E05003342"
"DE6 1GA",10,418472,346485,"E92000001","E19000001","E18000004","E10000007","E07000035","E05003342"
"DE6 1GB",10,418875,346404,"E92000001","E19000001","E18000004","E10000007","E07000035","E05003342"
"DE6 1GD",10,418169,346606,"E92000001","E19000001","E18000004","E10000007","E07000035","E05003343"
"DE6 1GE",10,418317,346545,"E92000001","E19000001","E18000004","E10000007","E07000035","E05003342"
"DE6 1GF",10,418003,346626,"E92000001","E19000001","E18000004","E10000007","E07000035","E05003343"
"DE6 1GG",10,418003,346728,"E92000001","E19000001","E18000004","E10000007","E07000035","E05003342"
"DE6 1GH",10,418097,346719,"E92000001","E19000001","E18000004","E10000007","E07000035","E05003342"
"DE6 1GJ",10,418689,347334,"E92000001","E19000001","E18000004","E10000007","E07000035","E05003342"
"DE6 1GL",10,418628,346368,"E92000001","E19000001","E18000004","E10000007","E07000035","E05003342"
"DE6 1GN",10,418140,346493,"E92000001","E19000001","E18000004","E10000007","E07000035","E05003343"
"DE6 1GP",10,418064,346749,"E92000001","E19000001","E18000004","E10000007","E07000035","E05003342"
"DE6 1GQ",10,418032,347050,"E92000001","E19000001","E18000004","E10000007","E07000035","E05003342"
"DE6 1GR",10,418105,346811,"E92000001","E19000001","E18000004","E10000007","E07000035","E05003342"
"DE6 1GS",10,417985,346660,"E92000001","E19000001","E18000004","E10000007","E07000035","E05003342"
"DE6 1GT",10,417999,346673,"E92000001","E19000001","E18000004","E10000007","E07000035","E05003342"
"DE6 1GW",10,418906,346315,"E92000001","E19000001","E18000004","E10000007","E07000035","E05003342"
"DE6 1GX",10,418653,345734,"E92000001","E19000001","E18000004","E10000007","E07000035","E05003343"
"DE6 1GY",10,417726,345971,"E92000001","E19000001","E18000004","E10000007","E07000035","E05003343"
"DE6 1GZ",10,417701,345910,"E92000001","E19000001","E18000004","E10000007","E07000035","E05003343"
"DE6 1HA",10,419291,345483,"E92000001","E19000001","E18000004","E10000007","E07000035","E05003343"
"DE6 1HD",10,419416,345605,"E92000001","E19000001","E18000004","E10000007","E07000035","E05003343"
"DE6 1HE",10,418215,346217,"E92000001","E19000001","E18000004","E10000007","E07000035","E05003343"
"DE6 1HF",10,418206,346169,"E92000001","E19000001","E18000004","E10000007","E07000035","E05003343"
"DE6 1HG",10,418439,347095,"E92000001","E19000001","E18000004","E10000007","E07000035","E05003342"
"DE6 1HH",10,418742,345469,"E92000001","E19000001","E18000004","E10000007","E07000035","E05003343"
"DE6 1HJ",10,418642,345488,"E92000001","E19000001","E18000004","E10000007","E07000035","E05003343"
"DE6 1HL",10,418585,345552,"E92000001","E19000001","E18000004","E10000007","E07000035","E05003343"
"DE6 1HN",10,418646,345522,"E92000001","E19000001","E18000004","E10000007","E07000035","E05003343"
"DE6 1HP",10,418466,345539,"E92000001","E19000001","E18000004","E10000007","E07000035","E05003343"
"DE6 1HR",10,418374,345475,"E92000001","E19000001","E18000004","E10000007","E07000035","E05003343"
"DE6 1HS",10,418511,345440,"E92000001","E19000001","E18000004","E10000007","E07000035","E05003343"
"DE6 1HT",10,418570,345367,"E92000001","E19000001","E18000004","E10000007","E07000035","E05003343"
"DE6 1HU",10,418619,345505,"E92000001","E19000001","E18000004","E10000007","E07000035","E05003343"
"DE6 1HW",10,418609,345558,"E92000001","E19000001","E18000004","E10000007","E07000035","E05003343"
"DE6 1HX",10,418515,345565,"E92000001","E19000001","E18000004","E10000007","E07000035","E05003343"
"DE6 1HY",10,418507,345597,"E92000001","E19000001","E18000004","E10000007","E07000035","E05003343"
"DE6 1HZ",10,418572,345665,"E92000001","E19000001","E18000004","E10000007","E07000035","E05003343"
"DE6 1JA",10,418379,347627,"E92000001","E19000001","E18000004","E10000007","E07000035","E05003342"
"DE6 1JB",10,418970,347579,"E92000001","E19000001","E18000004","E10000007","E07000035","E05003342"
"DE6 1JD",10,419592,347647,"E92000001","E19000001","E18000004","E10000007","E07000035","E05003342"
"DE6 1JE",10,419091,348457,"E92000001","E19000001","E18000004","E10000007","E07000035","E05003342"
"DE6 1JF",10,419704,349278,"E92000001","E19000001","E18000004","E10000007","E07000035","E05003348"
"DE6 1JG",10,420405,351055,"E92000001","E19000001","E18000004","E10000007","E07000035","E05003348"
"DE6 1JH",10,420784,350287,"E92000001","E19000001","E18000004","E10000007","E07000035","E05003348"
"DE6 1JJ",10,421091,350504,"E92000001","E19000001","E18000004","E10000007","E07000035","E05003348"
"DE6 1JL",10,420928,350755,"E92000001","E19000001","E18000004","E10000007","E07000035","E05003348"
"DE6 1JN",10,420729,349995,"E92000001","E19000001","E18000004","E10000007","E07000035","E05003348"
"DE6 1JP",10,420720,349161,"E92000001","E19000001","E18000004","E10000007","E07000035","E05003348"
"DE6 1JQ",10,420633,348023,"E92000001","E19000001","E18000004","E10000007","E07000035","E05003342"
"DE6 1JR",10,421789,348314,"E92000001","E19000001","E18000004","E10000007","E07000035","E05003348"
"DE6 1JS",10,421625,347138,"E92000001","E19000001","E18000004","E10000007","E07000035","E05003350"
"DE6 1JT",10,420963,350585,"E92000001","E19000001","E18000004","E10000007","E07000035","E05003348"
"DE6 1JU",10,419092,345624,"E92000001","E19000001","E18000004","E10000007","E07000035","E05003343"
"DE6 1JW",10,417888,345765,"E92000001","E19000001","E18000004","E10000007","E07000035","E05003343"
"DE6 1JX",10,417783,345774,"E92000001","E19000001","E18000004","E10000007","E07000035","E05003343"
"DE6 1JY",10,417739,345711,"E92000001","E19000001","E18000004","E10000007","E07000035","E05003343"
"DE6 1JZ",10,417879,345699,"E92000001","E19000001","E18000004","E10000007","E07000035","E05003343"
"DE6 1LA",10,417760,349357,"E92000001","E19000001","E18000004","E10000007","E07000035","E05003352"
"DE6 1LB",10,417512,350130,"E92000001","E19000001","E18000004","E10000007","E07000035","E05003352"
"DE6 1LD",10,417380,350116,"E92000001","E19000001","E18000004","E10000007","E07000035","E05003352"
"DE6 1LE",10,417411,350711,"E92000001","E19000001","E18000004","E10000007","E07000035","E05003352"
"DE6 1LF",10,418568,350319,"E92000001","E19000001","E18000004","E10000007","E07000035","E05003352"
"DE6 1LG",10,419182,345665,"E92000001","E19000001","E18000004","E10000007","E07000035","E05003343"
"DE6 1LH",10,418032,345689,"E92000001","E19000001","E18000004","E10000007","E07000035","E05003343"
"DE6 1LJ",10,418237,345715,"E92000001","E19000001","E18000004","E10000007","E07000035","E05003343"
"DE6 1LL",10,420473,346188,"E92000001","E19000001","E18000004","E10000007","E07000035","E05003350"
"DE6 1LN",10,420128,346625,"E92000001","E19000001","E18000004","E10000007","E07000035","E05003342"
"DE6 1LP",10,422004,346548,"E92000001","E19000001","E18000004","E10000007","E07000035","E05003350"
"DE6 1LQ",10,421782,345716,"E92000001","E19000001","E18000004","E10000007","E07000035","E05003350"
"DE6 1LR",10,420888,345209,"E92000001","E19000001","E18000004","E10000007","E07000035","E05003350"
"DE6 1LS",10,420674,344171,"E92000001","E19000001","E18000004","E10000007","E07000035","E05003350"
"DE6 1LT",10,420566,343265,"E92000001","E19000001","E18000004","E10000007","E07000035","E05003350"
"DE6 1LU",10,419657,342875,"E92000001","E19000001","E18000004","E10000007","E07000035","E05003350"
"DE6 1LW",10,419967,343811,"E92000001","E19000001","E18000004","E10000007","E07000035","E05003350"
"DE6 1LX",10,420027,344057,"E92000001","E19000001","E18000004","E10000007","E07000035","E05003350"
"DE6 1LY",10,419603,345159,"E92000001","E19000001","E18000004","E10000007","E07000035","E05003343"
"DE6 1LZ",10,419283,345287,"E92000001","E19000001","E18000004","E10000007","E07000035","E05003343"
"DE6 1NA",10,419099,344897,"E92000001","E19000001","E18000004","E10000007","E07000035","E05003350"
"DE6 1NB",10,418045,345035,"E92000001","E19000001","E18000004","E10000007","E07000035","E05003350"
"DE6 1ND",10,417821,344219,"E92000001","E19000001","E18000004","E10000007","E07000035","E05003350"
"DE6 1NE",10,417765,346616,"E92000001","E19000001","E18000004","E10000007","E07000035","E05003342"
"DE6 1NF",10,418204,345718,"E92000001","E19000001","E18000004","E10000007","E07000035","E05003343"
"DE6 1NG",10,418120,345702,"E92000001","E19000001","E18000004","E10000007","E07000035","E05003343"
"DE6 1NH",10,417152,351610,"E92000001","E19000001","E18000004","E10000007","E07000035","E05003352"
"DE6 1NJ",10,416234,353714,"E92000001","E19000001","E18000004","E10000007","E07000035","E05003352"
"DE6 1NL",10,415851,353449,"E92000001","E19000001","E18000004","E10000007","E07000035","E05003352"
"DE6 1NN",10,415156,354480,"E92000001","E19000001","E18000004","E10000007","E07000035","E05003352"
"DE6 1NP",10,420088,352131,"E92000001","E19000001","E18000004","E10000007","E07000035","E05003348"
"DE6 1NQ",10,423264,351918,"E92000001","E19000001","E18000004","E10000007","E07000035","E05003348"
"DE6 1NR",10,423544,351625,"E92000001","E19000001","E18000004","E10000007","E07000035","E05003348"
"DE6 1NS",10,423125,348497,"E92000001","E19000001","E18000004","E10000007","E07000035","E05003348"
"DE6 1NT",10,423915,348092,"E92000001","E19000001","E18000004","E10000007","E07000035","E05003348"
"DE6 1NU",10,423324,348174,"E92000001","E19000001","E18000004","E10000007","E07000035","E05003348"
"DE6 1NW",10,422678,346599,"E92000001","E19000001","E18000004","E10000007","E07000035","E05003350"
"DE6 1NX",10,418880,354714,"E92000001","E19000001","E18000004","E10000007","E07000035","E05003352"
"DE6 1NY",10,420889,345237,"E92000001","E19000001","E18000004","E10000007","E07000035","E05003350"
"DE6 1NZ",10,417963,347059,"E92000001","E19000001","E18000004","E10000007","E07000035","E05003342"
"DE6 1PA",10,420773,352647,"E92000001","E19000001","E18000004","E10000007","E07000035","E05003348"
"DE6 1PB",10,421214,352477,"E92000001","E19000001","E18000004","E10000007","E07000035","E05003348"
"DE6 1PD",10,421342,353001,"E92000001","E19000001","E18000004","E10000007","E07000035","E05003348"
"DE6 1PE",10,423688,350343,"E92000001","E19000001","E18000004","E10000007","E07000035","E05003348"
"DE6 1PF",10,418199,346541,"E92000001","E19000001","E18000004","E10000007","E07000035","E05003343"
"DE6 1PG",10,422371,345998,"E92000001","E19000001","E18000004","E10000007","E07000035","E05003350"
"DE6 1PH",10,421990,344954,"E92000001","E19000001","E18000004","E10000007","E07000035","E05003350"
"DE6 1PJ",10,422516,344180,"E92000001","E19000001","E18000004","E10000007","E07000035","E05003350"
"DE6 1PL",10,424275,344537,"E92000001","E19000001","E18000004","E10000007","E07000035","E05003350"
"DE6 1PN",10,422907,345506,"E92000001","E19000001","E18000004","E10000007","E07000035","E05003350"
"DE6 1PP",10,423014,351363,"E92000001","E19000001","E18000004","E10000007","E07000035","E05003348"
"DE6 1PQ",10,418144,346425,"E92000001","E19000001","E18000004","E10000007","E07000035","E05003343"
"DE6 1PR",10,423430,350626,"E92000001","E19000001","E18000004","E10000007","E07000035","E05003348"
"DE6 1PS",10,423563,350798,"E92000001","E19000001","E18000004","E10000007","E07000035","E05003348"
"DE6 1PT",10,423598,350418,"E92000001","E19000001","E18000004","E10000007","E07000035","E05003348"
"DE6 1PU",10,423696,350396,"E92000001","E19000001","E18000004","E10000007","E07000035","E05003348"
"DE6 1PW",10,423960,349613,"E92000001","E19000001","E18000004","E10000007","E07000035","E05003348"
"DE6 1PX",10,423746,349257,"E92000001","E19000001","E18000004","E10000007","E07000035","E05003348"
"DE6 1PY",10,422754,350297,"E92000001","E19000001","E18000004","E10000007","E07000035","E05003348"
"DE6 1PZ",10,424032,348875,"E92000001","E19000001","E18000004","E10000007","E07000035","E05003348"
"DE6 1QA",10,418895,354402,"E92000001","E19000001","E18000004","E10000007","E07000035","E05003352"
"DE6 1QB",10,418969,354566,"E92000001","E19000001","E18000004","E10000007","E07000035","E05003352"
"DE6 1QD",10,418585,354669,"E92000001","E19000001","E18000004","E10000007","E07000035","E05003352"
"DE6 1QE",10,418944,355459,"E92000001","E19000001","E18000004","E10000007","E07000035","E05003352"
"DE6 1QF",10,417887,356964,"E92000001","E19000001","E18000004","E10000007","E07000035","E05003352"
"DE6 1QG",10,418888,354444,"E92000001","E19000001","E18000004","E10000007","E07000035","E05003352"
"DE6 1QH",10,418947,354667,"E92000001","E19000001","E18000004","E10000007","E07000035","E05003352"
"DE6 1QJ",10,418616,354444,"E92000001","E19000001","E18000004","E10000007","E07000035","E05003352"
"DE6 1QL",10,418866,354279,"E92000001","E19000001","E18000004","E10000007","E07000035","E05003352"
"DE6 1QN",10,417236,354899,"E92000001","E19000001","E18000004","E10000007","E07000035","E05003352"
"DE6 1QP",10,416071,355120,"E92000001","E19000001","E18000004","E10000007","E07000035","E05003352"
"DE6 1QQ",10,415271,355509,"E92000001","E19000001","E18000004","E10000007","E07000035","E05003352"
"DE6 1QR",10,414838,356717,"E92000001","E19000001","E18000004","E10000007","E07000035","E05003352"
"DE6 1QS",10,416066,356191,"E92000001","E19000001","E18000004","E10000007","E07000035","E05003352"
"DE6 1QT",10,418741,354273,"E92000001","E19000001","E18000004","E10000007","E07000035","E05003352"
"DE6 1QU",10,416106,356636,"E92000001","E19000001","E18000004","E10000007","E07000035","E05003352"
"DE6 1QW",10,419456,354110,"E92000001","E19000001","E18000004","E10000007","E07000035","E05003352"
"DE6 1QX",10,420325,354696,"E92000001","E19000001","E18000004","E10000007","E07000035","E05003348"
"DE6 1QY",10,419940,353039,"E92000001","E19000001","E18000004","E10000007","E07000035","E05003348"
"DE6 1QZ",10,421108,350808,"E92000001","E19000001","E18000004","E10000007","E07000035","E05003348"
"DE6 1RA",10,417576,352260,"E92000001","E19000001","E18000004","E10000007","E07000035","E05003352"
"DE6 1RB",10,417463,346067,"E92000001","E19000001","E18000004","E10000007","E07000035","E05003343"
"DE6 1RD",10,418418,351993,"E92000001","E19000001","E18000004","E10000007","E07000035","E05003352"
"DE6 1RE",10,418026,353426,"E92000001","E19000001","E18000004","E10000007","E07000035","E05003352"
"DE6 1RF",10,418023,347300,"E92000001","E19000001","E18000004","E10000007","E07000035","E05003342"
"DE6 1RG",10,420295,352435,"E92000001","E19000001","E18000004","E10000007","E07000035","E05003348"
"DE6 1RH",10,418558,347345,"E92000001","E19000001","E18000004","E10000007","E07000035","E05003342"
"DE6 1RJ",10,418670,347359,"E92000001","E19000001","E18000004","E10000007","E07000035","E05003342"
"DE6 1RL",10,418594,347381,"E92000001","E19000001","E18000004","E10000007","E07000035","E05003342"
"DE6 1RN",10,418652,347440,"E92000001","E19000001","E18000004","E10000007","E07000035","E05003342"
"DE6 1RP",10,418575,347492,"E92000001","E19000001","E18000004","E10000007","E07000035","E05003342"
"DE6 1RQ",10,419114,346481,"E92000001","E19000001","E18000004","E10000007","E07000035","E05003342"
"DE6 1RR",10,417709,346260,"E92000001","E19000001","E18000004","E10000007","E07000035","E05003343"
"DE6 1RS",10,419176,346456,"E92000001","E19000001","E18000004","E10000007","E07000035","E05003342"
"DE6 1RT",10,418101,346643,"E92000001","E19000001","E18000004","E10000007","E07000035","E05003343"
"DE6 1RU",10,418519,347524,"E92000001","E19000001","E18000004","E10000007","E07000035","E05003342"
"DE6 1RW",10,418538,347391,"E92000001","E19000001","E18000004","E10000007","E07000035","E05003342"
"DE6 1RX",10,418432,347569,"E92000001","E19000001","E18000004","E10000007","E07000035","E05003342"
"DE6 1RY",10,418490,347592,"E92000001","E19000001","E18000004","E10000007","E07000035","E05003342"
"DE6 1RZ",10,418410,347516,"E92000001","E19000001","E18000004","E10000007","E07000035","E05003342"
"DE6 1SA",10,417968,346776,"E92000001","E19000001","E18000004","E10000007","E07000035","E05003342"
"DE6 1SB",10,423601,344235,"E92000001","E19000001","E18000004","E10000007","E07000035","E05003350"
"DE6 1SD",10,418320,345930,"E92000001","E19000001","E18000004","E10000007","E07000035","E05003343"
"DE6 1SE",10,418413,345873,"E92000001","E19000001","E18000004","E10000007","E07000035","E05003343"
"DE6 1SF",10,418496,345835,"E92000001","E19000001","E18000004","E10000007","E07000035","E05003343"
"DE6 1SG",10,418520,346049,"E92000001","E19000001","E18000004","E10000007","E07000035","E05003343"
"DE6 1SH",10,418959,345796,"E92000001","E19000001","E18000004","E10000007","E07000035","E05003343"
"DE6 1SJ",10,418989,345731,"E92000001","E19000001","E18000004","E10000007","E07000035","E05003343"
"DE6 1SL",10,418900,345793,"E92000001","E19000001","E18000004","E10000007","E07000035","E05003343"
"DE6 1SN",10,418877,345867,"E92000001","E19000001","E18000004","E10000007","E07000035","E05003343"
"DE6 1SP",10,418997,345909,"E92000001","E19000001","E18000004","E10000007","E07000035","E05003343"
"DE6 1SQ",10,418525,345887,"E92000001","E19000001","E18000004","E10000007","E07000035","E05003343"
"DE6 1SR",10,419080,345897,"E92000001","E19000001","E18000004","E10000007","E07000035","E05003343"
"DE6 1SS",10,418815,345965,"E92000001","E19000001","E18000004","E10000007","E07000035","E05003343"
"DE6 1ST",10,424136,351598,"E92000001","E19000001","E18000004","E10000007","E07000035","E05003348"
"DE6 1SU",10,424030,351326,"E92000001","E19000001","E18000004","E10000007","E07000035","E05003348"
"DE6 1SW",10,419139,345776,"E92000001","E19000001","E18000004","E10000007","E07000035","E05003343"
"DE6 1SX",10,418584,345955,"E92000001","E19000001","E18000004","E10000007","E07000035","E05003343"
"DE6 1SY",10,418429,345993,"E92000001","E19000001","E18000004","E10000007","E07000035","E05003343"
"DE6 1SZ",10,418445,345923,"E92000001","E19000001","E18000004","E10000007","E07000035","E05003343"
"DE6 1TA",10,417804,345903,"E92000001","E19000001","E18000004","E10000007","E07000035","E05003343"
"DE6 1TB",10,418457,345401,"E92000001","E19000001","E18000004","E10000007","E07000035","E05003343"
"DE6 1TD",10,418429,345337,"E92000001","E19000001","E18000004","E10000007","E07000035","E05003343"
"DE6 1TE",50,418403,345353,"E92000001","E19000001","E18000004","E10000007","E07000035","E05003343"
"DE6 1WW",10,419422,345486,"E92000001","E19000001","E18000004","E10000007","E07000035","E05003343"
"DE6 1XA",10,419422,345486,"E92000001","E19000001","E18000004","E10000007","E07000035","E05003343"
"DE6 1YA",10,419422,345486,"E92000001","E19000001","E18000004","E10000007","E07000035","E05003343"
"DE6 2AA",10,417324,346801,"E92000001","E19000001","E18000004","E10000007","E07000035","E05003342"
"DE6 2AB",10,416529,347845,"E92000001","E19000001","E18000004","E10000007","E07000035","E05003352"
"DE6 2AD",10,412671,354229,"E92000001","E19000001","E18000005","E10000028","E07000198","E05007057"
"DE6 2AE",10,411589,355995,"E92000001","E19000001","E18000005","E10000028","E07000198","E05007057"
"DE6 2AF",10,410920,355349,"E92000001","E19000001","E18000005","E10000028","E07000198","E05007057"
"DE6 2AG",10,409574,356113,"E92000001","E19000001","E18000005","E10000028","E07000198","E05007057"
"DE6 2AH",10,410360,357882,"E92000001","E19000001","E18000005","E10000028","E07000198","E05007057"
"DE6 2AJ",10,410036,357516,"E92000001","E19000001","E18000005","E10000028","E07000198","E05007057"
"DE6 2AL",10,415446,345732,"E92000001","E19000001","E18000005","E10000028","E07000193","E05006935"
"DE6 2AP",10,415511,350152,"E92000001","E19000001","E18000004","E10000007","E07000035","E05003352"
"DE6 2AQ",10,417857,347820,"E92000001","E19000001","E18000004","E10000007","E07000035","E05003342"
"DE6 2AR",10,417300,348738,"E92000001","E19000001","E18000004","E10000007","E07000035","E05003352"
"DE6 2AS",10,416268,350137,"E92000001","E19000001","E18000004","E10000007","E07000035","E05003352"
"DE6 2AT",10,416298,350531,"E92000001","E19000001","E18000004","E10000007","E07000035","E05003352"
"DE6 2AU",10,416558,351417,"E92000001","E19000001","E18000004","E10000007","E07000035","E05003352"
"DE6 2AW",10,415543,350226,"E92000001","E19000001","E18000004","E10000007","E07000035","E05003352"
"DE6 2AX",10,414731,350515,"E92000001","E19000001","E18000004","E10000007","E07000035","E05003352"
"DE6 2AY",10,414318,350779,"E92000001","E19000001","E18000005","E10000028","E07000198","E05007057"
"DE6 2AZ",10,413466,350895,"E92000001","E19000001","E18000005","E10000028","E07000198","E05007057"
"DE6 2BA",10,412329,352393,"E92000001","E19000001","E18000005","E10000028","E07000198","E05007057"
"DE6 2BB",10,410560,351926,"E92000001","E19000001","E18000005","E10000028","E07000198","E05007057"
"DE6 2BD",10,413418,351678,"E92000001","E19000001","E18000005","E10000028","E07000198","E05007057"
"DE6 2BE",10,415352,350401,"E92000001","E19000001","E18000004","E10000007","E07000035","E05003352"
"DE6 2BG",10,410754,348304,"E92000001","E19000001","E18000005","E10000028","E07000198","E05007057"
"DE6 2BJ",10,416447,345742,"E92000001","E19000001","E18000004","E10000007","E07000035","E05003350"
"DE6 2BL",10,416307,345625,"E92000001","E19000001","E18000004","E10000007","E07000035","E05003350"
"DE6 2BN",10,415950,345717,"E92000001","E19000001","E18000004","E10000007","E07000035","E05003350"
"DE6 2BP",10,415803,346540,"E92000001","E19000001","E18000005","E10000028","E07000193","E05006935"
"DE6 2BQ",10,415887,348274,"E92000001","E19000001","E18000005","E10000028","E07000193","E05006935"
"DE6 2BR",10,415166,348691,"E92000001","E19000001","E18000005","E10000028","E07000193","E05006935"
"DE6 2BS",10,413826,349379,"E92000001","E19000001","E18000005","E10000028","E07000198","E05007057"
"DE6 2BT",10,412156,349455,"E92000001","E19000001","E18000005","E10000028","E07000198","E05007057"
"DE6 2BU",10,411722,348728,"E92000001","E19000001","E18000005","E10000028","E07000198","E05007057"
"DE6 2BW",10,412870,348384,"E92000001","E19000001","E18000005","E10000028","E07000198","E05007057"
"DE6 2BX",10,410712,347887,"E92000001","E19000001","E18000005","E10000028","E07000193","E05006935"
"DE6 2BY",10,412024,346846,"E92000001","E19000001","E18000005","E10000028","E07000193","E05006935"
"DE6 2BZ",10,412472,346175,"E92000001","E19000001","E18000005","E10000028","E07000193","E05006935"
"DE6 2DA",10,412793,346050,"E92000001","E19000001","E18000005","E10000028","E07000193","E05006935"
"DE6 2DB",10,412490,345562,"E92000001","E19000001","E18000005","E10000028","E07000193","E05006935"
"DE6 2DD",10,413401,345977,"E92000001","E19000001","E18000005","E10000028","E07000193","E05006935"
"DE6 2DE",10,415783,348128,"E92000001","E19000001","E18000005","E10000028","E07000193","E05006935"
"DE6 2DF",50,415784,348134,"E92000001","E19000001","E18000005","E10000028","E07000193","E05006935"
"DE6 2DH",10,417022,345452,"E92000001","E19000001","E18000004","E10000007","E07000035","E05003350"
"DE6 2DJ",10,416324,343944,"E92000001","E19000001","E18000004","E10000007","E07000035","E05003350"
"DE6 2DL",10,414948,342735,"E92000001","E19000001","E18000004","E10000007","E07000035","E05003350"
"DE6 2DN",10,415546,342005,"E92000001","E19000001","E18000004","E10000007","E07000035","E05003350"
"DE6 2DP",10,415743,341451,"E92000001","E19000001","E18000004","E10000007","E07000035","E05003350"
"DE6 2DQ",10,417810,342810,"E92000001","E19000001","E18000004","E10000007","E07000035","E05003350"
"DE6 2DR",10,418591,342376,"E92000001","E19000001","E18000004","E10000007","E07000035","E05003350"
"DE6 2DS",10,418005,341326,"E92000001","E19000001","E18000004","E10000007","E07000035","E05003362"
"DE6 2DT",10,418795,340356,"E92000001","E19000001","E18000004","E10000007","E07000035","E05003362"
"DE6 2DU",10,418546,340063,"E92000001","E19000001","E18000004","E10000007","E07000035","E05003362"
"DE6 2DW",10,416796,345234,"E92000001","E19000001","E18000004","E10000007","E07000035","E05003350"
"DE6 2DX",10,418865,340417,"E92000001","E19000001","E18000004","E10000007","E07000035","E05003362"
"DE6 2DY",10,418964,340325,"E92000001","E19000001","E18000004","E10000007","E07000035","E05003362"
"DE6 2DZ",10,416837,345264,"E92000001","E19000001","E18000004","E10000007","E07000035","E05003350"
"DE6 2EA",10,415864,345532,"E92000001","E19000001","E18000004","E10000007","E07000035","E05003350"
"DE6 2EB",10,413850,344133,"E92000001","E19000001","E18000005","E10000028","E07000193","E05006935"
"DE6 2ED",10,412302,342226,"E92000001","E19000001","E18000004","E10000007","E07000035","E05003362"
"DE6 2EE",10,412636,341407,"E92000001","E19000001","E18000004","E10000007","E07000035","E05003362"
"DE6 2EF",10,412831,340421,"E92000001","E19000001","E18000004","E10000007","E07000035","E05003362"
"DE6 2EG",10,413184,341227,"E92000001","E19000001","E18000004","E10000007","E07000035","E05003362"
"DE6 2EH",10,413829,340848,"E92000001","E19000001","E18000004","E10000007","E07000035","E05003362"
"DE6 2EJ",10,414463,339935,"E92000001","E19000001","E18000004","E10000007","E07000035","E05003362"
"DE6 2EL",10,414316,341548,"E92000001","E19000001","E18000004","E10000007","E07000035","E05003362"
"DE6 2EN",10,413892,342858,"E92000001","E19000001","E18000004","E10000007","E07000035","E05003350"
"DE6 2EP",10,415256,343371,"E92000001","E19000001","E18000004","E10000007","E07000035","E05003350"
"DE6 2EQ",10,412802,342234,"E92000001","E19000001","E18000004","E10000007","E07000035","E05003362"
"DE6 2ET",10,416625,341145,"E92000001","E19000001","E18000004","E10000007","E07000035","E05003362"
"DE6 2EU",10,416000,340099,"E92000001","E19000001","E18000004","E10000007","E07000035","E05003362"
"DE6 2EW",10,415712,339789,"E92000001","E19000001","E18000004","E10000007","E07000035","E05003362"
"DE6 2EX",10,416398,338974,"E92000001","E19000001","E18000004","E10000007","E07000035","E05003362"
"DE6 2EY",10,416565,338173,"E92000001","E19000001","E18000004","E10000007","E07000035","E05003362"
"DE6 2EZ",10,416499,337365,"E92000001","E19000001","E18000004","E10000007","E07000035","E05003362"
"DE6 2FB",10,416124,337481,"E92000001","E19000001","E18000004","E10000007","E07000035","E05003362"
"DE6 2FD",10,413961,337500,"E92000001","E19000001","E18000004","E10000007","E07000035","E05003362"
"DE6 2FE",10,413916,336781,"E92000001","E19000001","E18000004","E10000007","E07000035","E05003362"
"DE6 2FF",10,413515,337962,"E92000001","E19000001","E18000004","E10000007","E07000035","E05003362"
"DE6 2FG",10,413551,338531,"E92000001","E19000001","E18000004","E10000007","E07000035","E05003362"
"DE6 2FH",10,414462,339272,"E92000001","E19000001","E18000004","E10000007","E07000035","E05003362"
"DE6 2FJ",10,414195,338329,"E92000001","E19000001","E18000004","E10000007","E07000035","E05003362"
"DE6 2FL",10,415488,338078,"E92000001","E19000001","E18000004","E10000007","E07000035","E05003362"
"DE6 2FN",10,413590,338016,"E92000001","E19000001","E18000004","E10000007","E07000035","E05003362"
"DE6 2FR",10,413015,355540,"E92000001","E19000001","E18000005","E10000028","E07000198","E05007057"
"DE6 2FS",10,412885,355898,"E92000001","E19000001","E18000005","E10000028","E07000198","E05007057"
"DE6 2FT",10,411585,356968,"E92000001","E19000001","E18000005","E10000028","E07000198","E05007057"
"DE6 2FW",10,413047,355361,"E92000001","E19000001","E18000005","E10000028","E07000198","E05007057"
"DE6 2FX",10,413175,355525,"E92000001","E19000001","E18000005","E10000028","E07000198","E05007057"
"DE6 2FY",10,413173,355608,"E92000001","E19000001","E18000005","E10000028","E07000198","E05007057"
"DE6 2FZ",10,413711,355658,"E92000001","E19000001","E18000005","E10000028","E07000198","E05007057"
"DE6 2GA",10,414654,355113,"E92000001","E19000001","E18000004","E10000007","E07000035","E05003352"
"DE6 2GB",10,413881,354732,"E92000001","E19000001","E18000005","E10000028","E07000198","E05007057"
"DE6 2GD",10,412561,355157,"E92000001","E19000001","E18000005","E10000028","E07000198","E05007057"
"DE6 2GE",10,412447,355140,"E92000001","E19000001","E18000005","E10000028","E07000198","E05007057"
"DE6 2GF",10,412773,355357,"E92000001","E19000001","E18000005","E10000028","E07000198","E05007057"
"DE6 2GG",10,416654,344960,"E92000001","E19000001","E18000004","E10000007","E07000035","E05003350"
"DE6 2GH",10,417168,343841,"E92000001","E19000001","E18000004","E10000007","E07000035","E05003350"
"DE6 2GJ",10,416704,345010,"E92000001","E19000001","E18000004","E10000007","E07000035","E05003350"
"DE6 2GL",10,416632,344727,"E92000001","E19000001","E18000004","E10000007","E07000035","E05003350"
"DE6 2GN",10,416991,343809,"E92000001","E19000001","E18000004","E10000007","E07000035","E05003350"
"DE6 2GP",10,415882,342744,"E92000001","E19000001","E18000004","E10000007","E07000035","E05003350"
"DE6 2GQ",10,415264,344240,"E92000001","E19000001","E18000004","E10000007","E07000035","E05003350"
"DE6 2GR",10,416756,344664,"E92000001","E19000001","E18000004","E10000007","E07000035","E05003350"
"DE6 2GS",10,411533,342929,"E92000001","E19000001","E18000005","E10000028","E07000193","E05006935"
"DE6 2GT",10,416668,342698,"E92000001","E19000001","E18000004","E10000007","E07000035","E05003350"
"DE6 2GU",10,411315,343818,"E92000001","E19000001","E18000005","E10000028","E07000193","E05006935"
"DE6 2GW",10,410777,345022,"E92000001","E19000001","E18000005","E10000028","E07000193","E05006935"
"DE6 2GX",10,411759,342967,"E92000001","E19000001","E18000005","E10000028","E07000193","E05006935"
"DE6 2GY",10,411802,342665,"E92000001","E19000001","E18000005","E10000028","E07000193","E05006935"
"DE6 2GZ",10,411758,343054,"E92000001","E19000001","E18000005","E10000028","E07000193","E05006935"
"DE6 2HA",10,411464,343529,"E92000001","E19000001","E18000005","E10000028","E07000193","E05006935"
"DE6 2HB",10,411592,343582,"E92000001","E19000001","E18000005","E10000028","E07000193","E05006935"
"DE6 2HD",10,412149,343961,"E92000001","E19000001","E18000005","E10000028","E07000193","E05006935"
"DE6 2HE",10,413205,343817,"E92000001","E19000001","E18000005","E10000028","E07000193","E05006935"
"DE6 2HF",10,411854,342727,"E92000001","E19000001","E18000005","E10000028","E07000193","E05006935"
"DE6 2HH",10,413728,347658,"E92000001","E19000001","E18000005","E10000028","E07000198","E05007057"
"DE6 2HJ",10,415526,345677,"E92000001","E19000001","E18000005","E10000028","E07000193","E05006935"
"DE6 2HL",10,415705,345829,"E92000001","E19000001","E18000005","E10000028","E07000193","E05006935"
"DE6 2HN",10,415733,345771,"E92000001","E19000001","E18000005","E10000028","E07000193","E05006935"
"DE6 2HP",10,415189,346080,"E92000001","E19000001","E18000005","E10000028","E07000193","E05006935"
"DE6 2HQ",10,415382,346106,"E92000001","E19000001","E18000005","E10000028","E07000193","E05006935"
"DE6 2HR",10,415034,346531,"E92000001","E19000001","E18000005","E10000028","E07000193","E05006935"
"DE6 2HS",10,413418,348109,"E92000001","E19000001","E18000005","E10000028","E07000198","E05007057"
"DE6 2HT",10,415457,345625,"E92000001","E19000001","E18000005","E10000028","E07000193","E05006935"
"DE6 2HW",10,415716,345143,"E92000001","E19000001","E18000005","E10000028","E07000193","E05006935"
"DE6 2HX",10,415623,345461,"E92000001","E19000001","E18000005","E10000028","E07000193","E05006935"
"DE6 2HY",10,415639,345404,"E92000001","E19000001","E18000005","E10000028","E07000193","E05006935"
"DE6 2HZ",10,415631,345342,"E92000001","E19000001","E18000005","E10000028","E07000193","E05006935"
"DE6 2JA",10,415590,345298,"E92000001","E19000001","E18000005","E10000028","E07000193","E05006935"
"DE6 2JB",10,415573,345167,"E92000001","E19000001","E18000005","E10000028","E07000193","E05006935"
"DE6 2JD",10,415436,345258,"E92000001","E19000001","E18000005","E10000028","E07000193","E05006935"
"DE6 2JE",10,415587,345189,"E92000001","E19000001","E18000005","E10000028","E07000193","E05006935"
"DE6 2JF",10,415657,345236,"E92000001","E19000001","E18000005","E10000028","E07000193","E05006935"
"DE6 2JG",10,415774,345049,"E92000001","E19000001","E18000005","E10000028","E07000193","E05006935"
"DE6 2JH",10,415739,344991,"E92000001","E19000001","E18000005","E10000028","E07000193","E05006935"
"DE6 2JJ",10,415719,344805,"E92000001","E19000001","E18000005","E10000028","E07000193","E05006935"
"DE6 2JL",10,415773,344749,"E92000001","E19000001","E18000005","E10000028","E07000193","E05006935"
"DE6 2JN",10,415787,344721,"E92000001","E19000001","E18000005","E10000028","E07000193","E05006935"
"DE6 2JP",10,415820,344719,"E92000001","E19000001","E18000005","E10000028","E07000193","E05006935"
"DE6 2JQ",10,416062,344720,"E92000001","E19000001","E18000004","E10000007","E07000035","E05003350"
"DE6 2JR",10,415545,344819,"E92000001","E19000001","E18000005","E10000028","E07000193","E05006935"
"DE6 2JS",10,414974,344806,"E92000001","E19000001","E18000005","E10000028","E07000193","E05006935"
"DE6 2JT",10,414733,344716,"E92000001","E19000001","E18000005","E10000028","E07000193","E05006935"
"DE6 2JU",10,414777,344909,"E92000001","E19000001","E18000005","E10000028","E07000193","E05006935"
"DE6 2JW",10,414714,344898,"E92000001","E19000001","E18000005","E10000028","E07000193","E05006935"
"DE6 2JX",10,415138,345755,"E92000001","E19000001","E18000005","E10000028","E07000193","E05006935"
"DE6 2JY",10,415172,345115,"E92000001","E19000001","E18000005","E10000028","E07000193","E05006935"
"DE6 2JZ",10,415290,345277,"E92000001","E19000001","E18000005","E10000028","E07000193","E05006935"
"DE6 2LA",10,415527,345363,"E92000001","E19000001","E18000005","E10000028","E07000193","E05006935"
"DE6 2LB",10,415504,345434,"E92000001","E19000001","E18000005","E10000028","E07000193","E05006935"
"DE6 2LD",10,415592,345403,"E92000001","E19000001","E18000005","E10000028","E07000193","E05006935"
"DE6 2LE",10,415671,345546,"E92000001","E19000001","E18000005","E10000028","E07000193","E05006935"
"DE6 2LF",10,415426,345404,"E92000001","E19000001","E18000005","E10000028","E07000193","E05006935"
"DE6 2LG",10,415428,345331,"E92000001","E19000001","E18000005","E10000028","E07000193","E05006935"
"DE6 2LH",10,415913,344816,"E92000001","E19000001","E18000005","E10000028","E07000193","E05006935"
"DE6 2LP",10,415389,345459,"E92000001","E19000001","E18000005","E10000028","E07000193","E05006935"
"DE6 2LR",10,415405,345495,"E92000001","E19000001","E18000005","E10000028","E07000193","E05006935"
"DE6 2LS",10,415477,345524,"E92000001","E19000001","E18000005","E10000028","E07000193","E05006935"
"DE6 2ZB",10,419422,345486,"E92000001","E19000001","E18000004","E10000007","E07000035","E05003343"
"DE6 3AA",10,424319,341694,"E92000001","E19000001","E18000004","E10000007","E07000035","E05003346"
"DE6 3AB",10,423971,341540,"E92000001","E19000001","E18000004","E10000007","E07000035","E05003346"
"DE6 3AD",10,423050,342157,"E92000001","E19000001","E18000004","E10000007","E07000035","E05003346"
"DE6 3AE",10,423709,341285,"E92000001","E19000001","E18000004","E10000007","E07000035","E05003346"
"DE6 3AF",10,423394,340194,"E92000001","E19000001","E18000004","E10000007","E07000035","E05003346"
"DE6 3AG",10,422503,338534,"E92000001","E19000001","E18000004","E10000007","E07000035","E05003346"
"DE6 3AH",10,422468,337973,"E92000001","E19000001","E18000004","E10000007","E07000035","E05003346"
"DE6 3AJ",10,420536,339244,"E92000001","E19000001","E18000004","E10000007","E07000035","E05003346"
"DE6 3AL",10,420317,340141,"E92000001","E19000001","E18000004","E10000007","E07000035","E05003362"
"DE6 3AN",10,419879,340395,"E92000001","E19000001","E18000004","E10000007","E07000035","E05003362"
"DE6 3AP",10,419758,341005,"E92000001","E19000001","E18000004","E10000007","E07000035","E05003362"
"DE6 3AQ",10,420641,340551,"E92000001","E19000001","E18000004","E10000007","E07000035","E05003362"
"DE6 3AR",10,421585,340916,"E92000001","E19000001","E18000004","E10000007","E07000035","E05003350"
"DE6 3AS",10,421858,341555,"E92000001","E19000001","E18000004","E10000007","E07000035","E05003350"
"DE6 3AT",10,421983,341590,"E92000001","E19000001","E18000004","E10000007","E07000035","E05003350"
"DE6 3AU",10,423282,342073,"E92000001","E19000001","E18000004","E10000007","E07000035","E05003346"
"DE6 3AW",10,421852,341497,"E92000001","E19000001","E18000004","E10000007","E07000035","E05003350"
"DE6 3AX",10,424611,341875,"E92000001","E19000001","E18000004","E10000007","E07000035","E05003346"
"DE6 3AY",10,422953,342463,"E92000001","E19000001","E18000004","E10000007","E07000035","E05003346"
"DE6 3AZ",10,422034,343133,"E92000001","E19000001","E18000004","E10000007","E07000035","E05003350"
"DE6 3BA",10,423992,342351,"E92000001","E19000001","E18000004","E10000007","E07000035","E05003346"
"DE6 3BB",10,424436,342126,"E92000001","E19000001","E18000004","E10000007","E07000035","E05003346"
"DE6 3BD",10,425795,342475,"E92000001","E19000001","E18000004","E10000007","E07000035","E05003346"
"DE6 3BE",10,425248,344014,"E92000001","E19000001","E18000004","E10000007","E07000035","E05003346"
"DE6 3BG",10,425932,343687,"E92000001","E19000001","E18000004","E10000007","E07000035","E05003346"
"DE6 3BH",10,426226,342568,"E92000001","E19000001","E18000004","E10000007","E07000035","E05003346"
"DE6 3BJ",10,426684,343828,"E92000001","E19000001","E18000004","E10000007","E07000035","E05003356"
"DE6 3BL",10,427702,342454,"E92000001","E19000001","E18000004","E10000007","E07000035","E05003346"
"DE6 3BN",10,427049,340658,"E92000001","E19000001","E18000004","E10000007","E07000035","E05003346"
"DE6 3BP",10,426822,341517,"E92000001","E19000001","E18000004","E10000007","E07000035","E05003346"
"DE6 3BQ",10,425352,341606,"E92000001","E19000001","E18000004","E10000007","E07000035","E05003346"
"DE6 3BR",10,425587,341676,"E92000001","E19000001","E18000004","E10000007","E07000035","E05003346"
"DE6 3BS",10,425473,341712,"E92000001","E19000001","E18000004","E10000007","E07000035","E05003346"
"DE6 3BT",10,425760,341232,"E92000001","E19000001","E18000004","E10000007","E07000035","E05003346"
"DE6 3BU",10,426026,339936,"E92000001","E19000001","E18000004","E10000007","E07000035","E05003346"
"DE6 3BW",10,424945,339825,"E92000001","E19000001","E18000004","E10000007","E07000035","E05003346"
"DE6 3BX",10,425287,341407,"E92000001","E19000001","E18000004","E10000007","E07000035","E05003346"
"DE6 3BY",10,425484,341816,"E92000001","E19000001","E18000004","E10000007","E07000035","E05003346"
"DE6 3BZ",10,425565,341821,"E92000001","E19000001","E18000004","E10000007","E07000035","E05003346"
"DE6 3DA",10,425582,341410,"E92000001","E19000001","E18000004","E10000007","E07000035","E05003346"
"DE6 3DB",10,425575,341575,"E92000001","E19000001","E18000004","E10000007","E07000035","E05003346"
"DE6 3DD",10,420629,339163,"E92000001","E19000001","E18000004","E10000007","E07000035","E05003346"
"DE6 3DE",10,421317,336795,"E92000001","E19000001","E18000004","E10000007","E07000035","E05003346"
"DE6 3DF",10,420754,337630,"E92000001","E19000001","E18000004","E10000007","E07000035","E05003346"
"DE6 3DG",10,419851,336706,"E92000001","E19000001","E18000004","E10000007","E07000035","E05003362"
"DE6 3DH",10,418899,338071,"E92000001","E19000001","E18000004","E10000007","E07000035","E05003362"
"DE6 3DJ",10,418108,338649,"E92000001","E19000001","E18000004","E10000007","E07000035","E05003362"
"DE6 3DL",10,418923,338900,"E92000001","E19000001","E18000004","E10000007","E07000035","E05003362"
"DE6 3DP",10,425460,341559,"E92000001","E19000001","E18000004","E10000007","E07000035","E05003346"
"DE6 3DQ",10,425502,341548,"E92000001","E19000001","E18000004","E10000007","E07000035","E05003346"
"DE6 3DR",10,421879,337616,"E92000001","E19000001","E18000004","E10000007","E07000035","E05003346"
"DE6 3DS",10,421507,338260,"E92000001","E19000001","E18000004","E10000007","E07000035","E05003346"
"DE6 3DT",10,422629,336965,"E92000001","E19000001","E18000004","E10000007","E07000035","E05003346"
"DE6 3DU",10,423187,337234,"E92000001","E19000001","E18000004","E10000007","E07000035","E05003346"
"DE6 3DW",10,425943,346928,"E92000001","E19000001","E18000004","E10000007","E07000035","E05003356"
"DE6 3DX",10,425601,341376,"E92000001","E19000001","E18000004","E10000007","E07000035","E05003346"
"DE6 3DY",10,421553,342006,"E92000001","E19000001","E18000004","E10000007","E07000035","E05003350"
"DE6 3DZ",10,428489,341493,"E92000001","E19000001","E18000004","E10000007","E07000035","E05003346"
"DE6 3EA",10,425591,347043,"E92000001","E19000001","E18000004","E10000007","E07000035","E05003356"
"DE6 3EB",10,425846,346958,"E92000001","E19000001","E18000004","E10000007","E07000035","E05003356"
"DE6 3ED",10,427397,346924,"E92000001","E19000001","E18000004","E10000007","E07000035","E05003356"
"DE6 3EE",10,426120,346948,"E92000001","E19000001","E18000004","E10000007","E07000035","E05003356"
"DE6 3EF",10,425326,347123,"E92000001","E19000001","E18000004","E10000007","E07000035","E05003356"
"DE6 3EG",10,425063,347217,"E92000001","E19000001","E18000004","E10000007","E07000035","E05003356"
"DE6 3EH",10,424789,347887,"E92000001","E19000001","E18000004","E10000007","E07000035","E05003356"
"DE6 3EJ",10,424494,347767,"E92000001","E19000001","E18000004","E10000007","E07000035","E05003356"
"DE6 3EL",10,423202,347034,"E92000001","E19000001","E18000004","E10000007","E07000035","E05003350"
"DE6 3EN",10,423697,346196,"E92000001","E19000001","E18000004","E10000007","E07000035","E05003350"
"DE6 3EP",10,424933,346682,"E92000001","E19000001","E18000004","E10000007","E07000035","E05003356"
"DE6 3EQ",10,425885,346173,"E92000001","E19000001","E18000004","E10000007","E07000035","E05003356"
"DE6 3ER",10,426109,344962,"E92000001","E19000001","E18000004","E10000007","E07000035","E05003356"
"DE6 3ES",10,426441,345849,"E92000001","E19000001","E18000004","E10000007","E07000035","E05003356"
"DE6 3ET",10,426413,345524,"E92000001","E19000001","E18000004","E10000007","E07000035","E05003356"
"DE6 3EU",10,425689,347076,"E92000001","E19000001","E18000004","E10000007","E07000035","E05003356"
"DE6 3EW",10,425567,347134,"E92000001","E19000001","E18000004","E10000007","E07000035","E05003356"
"DE6 3EX",10,425338,347190,"E92000001","E19000001","E18000004","E10000007","E07000035","E05003356"
"DE6 3EY",10,425464,347248,"E92000001","E19000001","E18000004","E10000007","E07000035","E05003356"
"DE6 3EZ",10,424134,347035,"E92000001","E19000001","E18000004","E10000007","E07000035","E05003356"
"DE6 3FB",10,425786,347252,"E92000001","E19000001","E18000004","E10000007","E07000035","E05003356"
"DE6 3FD",10,425815,347080,"E92000001","E19000001","E18000004","E10000007","E07000035","E05003356"
"DE6 3FE",10,425690,347242,"E92000001","E19000001","E18000004","E10000007","E07000035","E05003356"
"DE6 3FF",10,425759,347139,"E92000001","E19000001","E18000004","E10000007","E07000035","E05003356"
"DE6 3FH",10,425496,347975,"E92000001","E19000001","E18000004","E10000007","E07000035","E05003356"
"DE6 3FJ",10,426061,348576,"E92000001","E19000001","E18000004","E10000007","E07000035","E05003356"
"DE6 3FL",10,426236,347864,"E92000001","E19000001","E18000004","E10000007","E07000035","E05003356"
"DE6 3FN",10,426868,347852,"E92000001","E19000001","E18000004","E10000007","E07000035","E05003356"
"DE6 3FP",10,426720,347297,"E92000001","E19000001","E18000004","E10000007","E07000035","E05003356"
"DE6 3FQ",10,427707,347294,"E92000001","E19000001","E18000004","E10000007","E07000035","E05003356"
"DE6 3FR",10,425751,347267,"E92000001","E19000001","E18000004","E10000007","E07000035","E05003356"
"DE6 3FS",10,425580,347170,"E92000001","E19000001","E18000004","E10000007","E07000035","E05003356"
"DE6 3FT",10,425466,347294,"E92000001","E19000001","E18000004","E10000007","E07000035","E05003356"
"DE6 3FW",10,425586,347288,"E92000001","E19000001","E18000004","E10000007","E07000035","E05003356"
"DE6 3FX",10,425620,347331,"E92000001","E19000001","E18000004","E10000007","E07000035","E05003356"
"DE6 3FY",10,425670,347359,"E92000001","E19000001","E18000004","E10000007","E07000035","E05003356"
"DE6 3FZ",10,425406,347195,"E92000001","E19000001","E18000004","E10000007","E07000035","E05003356"
"DE6 3GA",10,423106,339606,"E92000001","E19000001","E18000004","E10000007","E07000035","E05003346"
"DE6 3GB",10,422937,339861,"E92000001","E19000001","E18000004","E10000007","E07000035","E05003346"
"DE6 3GD",10,422663,340500,"E92000001","E19000001","E18000004","E10000007","E07000035","E05003346"
"DE6 3GF",10,425162,347257,"E92000001","E19000001","E18000004","E10000007","E07000035","E05003356"
"DE6 3GG",10,428492,341170,"E92000001","E19000001","E18000004","E10000007","E07000035","E05003346"
"DE6 3GH",10,425419,341822,"E92000001","E19000001","E18000004","E10000007","E07000035","E05003346"
"DE6 3GJ",10,425366,341800,"E92000001","E19000001","E18000004","E10000007","E07000035","E05003346"
"DE6 3GL",10,426796,342918,"E92000001","E19000001","E18000004","E10000007","E07000035","E05003346"
"DE6 3GN",10,425416,341857,"E92000001","E19000001","E18000004","E10000007","E07000035","E05003346"
"DE6 3HA",10,422815,339697,"E92000001","E19000001","E18000004","E10000007","E07000035","E05003346"
"DE6 3HD",10,426694,343096,"E92000001","E19000001","E18000004","E10000007","E07000035","E05003346"
"DE6 3JJ",10,426510,350271,"E92000001","E19000001","E18000004","E10000007","E07000035","E05003356"
"DE6 3JL",10,425007,349705,"E92000001","E19000001","E18000004","E10000007","E07000035","E05003356"
"DE6 3JP",10,426685,350166,"E92000001","E19000001","E18000004","E10000007","E07000035","E05003356"
"DE6 3JQ",10,426536,350205,"E92000001","E19000001","E18000004","E10000007","E07000035","E05003356"
"DE6 3JR",10,425766,349372,"E92000001","E19000001","E18000004","E10000007","E07000035","E05003356"
"DE6 3JS",10,425010,349448,"E92000001","E19000001","E18000004","E10000007","E07000035","E05003356"
"DE6 3JT",10,426325,349232,"E92000001","E19000001","E18000004","E10000007","E07000035","E05003356"
"DE6 3JU",10,427200,348958,"E92000001","E19000001","E18000004","E10000007","E07000035","E05003356"
"DE6 3JW",10,426831,350055,"E92000001","E19000001","E18000004","E10000007","E07000035","E05003356"
"DE6 3JX",10,426930,350351,"E92000001","E19000001","E18000004","E10000007","E07000035","E05003356"
"DE6 3JY",10,426548,352038,"E92000001","E19000001","E18000004","E10000007","E07000035","E05003356"
"DE6 3JZ",10,426550,350671,"E92000001","E19000001","E18000004","E10000007","E07000035","E05003356"
"DE6 3LA",10,425411,350991,"E92000001","E19000001","E18000004","E10000007","E07000035","E05003356"
"DE6 3LB",10,425363,350050,"E92000001","E19000001","E18000004","E10000007","E07000035","E05003356"
"DE6 3LD",10,426818,350161,"E92000001","E19000001","E18000004","E10000007","E07000035","E05003356"
"DE6 3LE",10,426946,350180,"E92000001","E19000001","E18000004","E10000007","E07000035","E05003356"
"DE6 3LF",10,427769,350206,"E92000001","E19000001","E18000004","E10000007","E07000032","E05003281"
"DE6 3LG",10,427565,349794,"E92000001","E19000001","E18000004","E10000007","E07000035","E05003356"
"DE6 3LH",10,426686,350057,"E92000001","E19000001","E18000004","E10000007","E07000035","E05003356"
"DE6 3LJ",10,426637,350008,"E92000001","E19000001","E18000004","E10000007","E07000035","E05003356"
"DE6 3LL",10,425161,349008,"E92000001","E19000001","E18000004","E10000007","E07000035","E05003356"
"DE6 4LN",10,428924,338681,"E92000001","E19000001","E18000004","E10000007","E07000032","E05003300"
"DE6 4LP",10,428802,338776,"E92000001","E19000001","E18000004","E10000007","E07000032","E05003300"
"DE6 4LQ",10,428939,338238,"E92000001","E19000001","E18000004","E10000007","E07000032","E05003300"
"DE6 4LR",10,429074,338118,"E92000001","E19000001","E18000004","E10000007","E07000032","E05003300"
"DE6 4LS",10,428015,338031,"E92000001","E19000001","E18000004","E10000007","E07000032","E05003300"
"DE6 4LT",10,429014,337829,"E92000001","E19000001","E18000004","E10000007","E07000032","E05003300"
"DE6 4LU",10,429420,337711,"E92000001","E19000001","E18000004","E10000007","E07000032","E05003300"
"DE6 4LW",10,429253,337979,"E92000001","E19000001","E18000004","E10000007","E07000032","E05003300"
"DE6 4LX",10,429230,337299,"E92000001","E19000001","E18000004","E10000007","E07000039","E05008811"
"DE6 4LY",10,428538,336194,"E92000001","E19000001","E18000004","E10000007","E07000039","E05008811"
"DE6 4LZ",10,428650,335644,"E92000001","E19000001","E18000004","E10000007","E07000039","E05008811"
"DE6 4NA",10,430284,336750,"E92000001","E19000001","E18000004","E10000007","E07000039","E05008811"
"DE6 4NB",10,428935,338768,"E92000001","E19000001","E18000004","E10000007","E07000032","E05003300"
"DE6 4NF",10,428828,338924,"E92000001","E19000001","E18000004","E10000007","E07000032","E05003300"
"DE6 4NG",10,428120,338924,"E92000001","E19000001","E18000004","E10000007","E07000032","E05003300"
"DE6 4NH",10,428640,339610,"E92000001","E19000001","E18000004","E10000007","E07000032","E05003300"
"DE6 4NJ",10,428250,339453,"E92000001","E19000001","E18000004","E10000007","E07000032","E05003300"
"DE6 4NL",10,426876,340029,"E92000001","E19000001","E18000004","E10000007","E07000032","E05003300"
"DE6 4NN",10,427868,338715,"E92000001","E19000001","E18000004","E10000007","E07000032","E05003300"
"DE6 4NP",10,427774,339991,"E92000001","E19000001","E18000004","E10000007","E07000032","E05003300"
"DE6 4NS",10,429188,338748,"E92000001","E19000001","E18000004","E10000007","E07000032","E05003300"
"DE6 4NT",10,430046,339847,"E92000001","E19000001","E18000004","E10000007","E07000032","E05003300"
"DE6 4NU",10,428891,340815,"E92000001","E19000001","E18000004","E10000007","E07000032","E05003300"
"DE6 4NW",10,428881,338902,"E92000001","E19000001","E18000004","E10000007","E07000032","E05003300"
"DE6 4NX",10,429472,339775,"E92000001","E19000001","E18000004","E10000007","E07000032","E05003300"
"DE6 4PA",10,429107,342750,"E92000001","E19000001","E18000004","E10000007","E07000032","E05003300"
"DE6 4PB",10,429135,342609,"E92000001","E19000001","E18000004","E10000007","E07000032","E05003300"
"DE6 4PD",10,429204,342473,"E92000001","E19000001","E18000004","E10000007","E07000032","E05003300"
"DE6 4PE",10,429293,342559,"E92000001","E19000001","E18000004","E10000007","E07000032","E05003300"
"DE6 4PF",10,429279,342647,"E92000001","E19000001","E18000004","E10000007","E07000032","E05003300"
"DE6 4PG",10,428431,342932,"E92000001","E19000001","E18000004","E10000007","E07000032","E05003300"
"DE6 4PJ",10,428692,343981,"E92000001","E19000001","E18000004","E10000007","E07000032","E05003300"
"DE6 4PL",10,428443,343119,"E92000001","E19000001","E18000004","E10000007","E07000032","E05003300"
"DE6 4PN",10,428189,342951,"E92000001","E19000001","E18000004","E10000007","E07000032","E05003300"
"DE6 4PP",10,428373,344886,"E92000001","E19000001","E18000004","E10000007","E07000032","E05003300"
"DE6 4PQ",10,429039,344095,"E92000001","E19000001","E18000004","E10000007","E07000032","E05003300"
"DE6 4PU",10,430583,344026,"E92000001","E19000001","E18000004","E10000007","E07000032","E05003300"
"DE6 5AA",10,417601,335347,"E92000001","E19000001","E18000004","E10000007","E07000035","E05003362"
"DE6 5AB",10,418221,335831,"E92000001","E19000001","E18000004","E10000007","E07000035","E05003362"
"DE6 5AD",10,418419,335973,"E92000001","E19000001","E18000004","E10000007","E07000035","E05003362"
"DE6 5AE",10,417977,336286,"E92000001","E19000001","E18000004","E10000007","E07000035","E05003362"
"DE6 5AF",10,416529,335366,"E92000001","E19000001","E18000004","E10000007","E07000035","E05003353"
"DE6 5AG",10,416833,331778,"E92000001","E19000001","E18000004","E10000007","E07000035","E05003353"
"DE6 5BE",10,426462,337417,"E92000001","E19000001","E18000004","E10000007","E07000039","E05008811"
"DE6 5BG",10,426712,338402,"E92000001","E19000001","E18000004","E10000007","E07000032","E05003300"
"DE6 5BH",10,425605,337484,"E92000001","E19000001","E18000004","E10000007","E07000039","E05008811"
"DE6 5BJ",10,425014,338097,"E92000001","E19000001","E18000004","E10000007","E07000039","E05008811"
"DE6 5BL",10,424112,337786,"E92000001","E19000001","E18000004","E10000007","E07000039","E05008811"
"DE6 5BN",10,424817,337162,"E92000001","E19000001","E18000004","E10000007","E07000039","E05008811"
"DE6 5BP",10,414845,329157,"E92000001","E19000001","E18000005","E10000028","E07000193","E05006924"
"DE6 5BQ",10,415740,328486,"E92000001","E19000001","E18000005","E10000028","E07000193","E05006924"
"DE6 5BR",10,426574,334441,"E92000001","E19000001","E18000004","E10000007","E07000039","E05008811"
"DE6 5BS",10,426589,336240,"E92000001","E19000001","E18000004","E10000007","E07000039","E05008811"
"DE6 5BT",10,415479,329192,"E92000001","E19000001","E18000005","E10000028","E07000193","E05006924"
"DE6 5BU",10,414265,329107,"E92000001","E19000001","E18000005","E10000028","E07000193","E05006924"
"DE6 5BW",10,414297,329253,"E92000001","E19000001","E18000005","E10000028","E07000193","E05006924"
"DE6 5BX",10,415171,328594,"E92000001","E19000001","E18000005","E10000028","E07000193","E05006924"
"DE6 5BY",10,415648,328354,"E92000001","E19000001","E18000005","E10000028","E07000193","E05006924"
"DE6 5BZ",10,415037,329757,"E92000001","E19000001","E18000005","E10000028","E07000193","E05006924"
"DE6 5EB",10,415999,332068,"E92000001","E19000001","E18000004","E10000007","E07000035","E05003353"
"DE6 5EZ",10,416193,332067,"E92000001","E19000001","E18000004","E10000007","E07000035","E05003353"
"DE6 5GW",10,415615,328669,"E92000001","E19000001","E18000005","E10000028","E07000193","E05006924"
"DE6 5GX",10,416207,330278,"E92000001","E19000001","E18000005","E10000028","E07000193","E05006924"
"DE6 5GY",10,416993,329136,"E92000001","E19000001","E18000005","E10000028","E07000193","E05006924"
"DE6 5GZ",10,415582,328528,"E92000001","E19000001","E18000005","E10000028","E07000193","E05006924"
"DE6 5HA",10,415370,328394,"E92000001","E19000001","E18000005","E10000028","E07000193","E05006924"
"DE6 5HB",10,415052,327521,"E92000001","E19000001","E18000005","E10000028","E07000193","E05006924"
"DE6 5HD",10,414161,327839,"E92000001","E19000001","E18000005","E10000028","E07000193","E05006937"
"DE6 5HE",10,415646,329341,"E92000001","E19000001","E18000005","E10000028","E07000193","E05006924"
"DE6 5HF",10,415644,328631,"E92000001","E19000001","E18000005","E10000028","E07000193","E05006924"
"DE6 5HG",10,417216,332124,"E92000001","E19000001","E18000004","E10000007","E07000035","E05003353"
"DE6 5HH",10,417453,332777,"E92000001","E19000001","E18000004","E10000007","E07000035","E05003353"
"DE6 5HJ",10,417146,334809,"E92000001","E19000001","E18000004","E10000007","E07000039","E05008813"
"DE6 5HL",10,415900,335843,"E92000001","E19000001","E18000004","E10000007","E07000035","E05003353"
"DE6 5HN",10,415704,333684,"E92000001","E19000001","E18000004","E10000007","E07000035","E05003353"
"DE6 5HP",10,415673,328542,"E92000001","E19000001","E18000005","E10000028","E07000193","E05006924"
"DE6 5HQ",10,415661,328606,"E92000001","E19000001","E18000005","E10000028","E07000193","E05006924"
"DE6 5HR",10,416654,331629,"E92000001","E19000001","E18000004","E10000007","E07000035","E05003353"
"DE6 5HS",10,416140,332014,"E92000001","E19000001","E18000004","E10000007","E07000035","E05003353"
"DE6 5HT",10,415813,332337,"E92000001","E19000001","E18000004","E10000007","E07000035","E05003353"
"DE6 5HU",10,415766,333335,"E92000001","E19000001","E18000004","E10000007","E07000035","E05003353"
"DE6 5HW",10,415689,332838,"E92000001","E19000001","E18000004","E10000007","E07000035","E05003353"
"DE6 5HX",10,414408,333133,"E92000001","E19000001","E18000004","E10000007","E07000035","E05003353"
"DE6 5HY",10,416160,332135,"E92000001","E19000001","E18000004","E10000007","E07000035","E05003353"
"DE6 5HZ",10,416069,331934,"E92000001","E19000001","E18000004","E10000007","E07000035","E05003353"
"DE6 5JA",10,423463,333656,"E92000001","E19000001","E18000004","E10000007","E07000039","E05008813"
"DE6 5JB",10,423406,334874,"E92000001","E19000001","E18000004","E10000007","E07000035","E05003346"
"DE6 5JD",10,423262,333763,"E92000001","E19000001","E18000004","E10000007","E07000039","E05008813"
"DE6 5JF",10,424319,334330,"E92000001","E19000001","E18000004","E10000007","E07000039","E05008813"
"DE6 5JG",10,425279,335613,"E92000001","E19000001","E18000004","E10000007","E07000039","E05008811"
"DE6 5JH",10,424246,335876,"E92000001","E19000001","E18000004","E10000007","E07000039","E05008811"
"DE6 5JJ",10,423903,335880,"E92000001","E19000001","E18000004","E10000007","E07000039","E05008811"
"DE6 5JL",10,423801,335263,"E92000001","E19000001","E18000004","E10000007","E07000039","E05008811"
"DE6 5JP",10,426220,335105,"E92000001","E19000001","E18000004","E10000007","E07000039","E05008811"
"DE6 5JQ",10,411887,334167,"E92000001","E19000001","E18000004","E10000007","E07000035","E05003353"
"DE6 5JR",10,411844,334306,"E92000001","E19000001","E18000004","E10000007","E07000035","E05003353"
"DE6 5JS",10,412175,334693,"E92000001","E19000001","E18000004","E10000007","E07000035","E05003353"
"DE6 5JT",10,412026,334315,"E92000001","E19000001","E18000004","E10000007","E07000035","E05003353"
"DE6 5JU",10,412442,333873,"E92000001","E19000001","E18000004","E10000007","E07000035","E05003353"
"DE6 5JW",10,412616,333407,"E92000001","E19000001","E18000004","E10000007","E07000035","E05003353"
"DE6 5JX",10,412418,333806,"E92000001","E19000001","E18000004","E10000007","E07000035","E05003353"
"DE6 5JY",10,412201,333969,"E92000001","E19000001","E18000004","E10000007","E07000035","E05003353"
"DE6 5JZ",10,412073,334067,"E92000001","E19000001","E18000004","E10000007","E07000035","E05003353"
"DE6 5LA",10,412156,334161,"E92000001","E19000001","E18000004","E10000007","E07000035","E05003353"
"DE6 5LB",10,412091,334157,"E92000001","E19000001","E18000004","E10000007","E07000035","E05003353"
"DE6 5LD",10,412114,333977,"E92000001","E19000001","E18000004","E10000007","E07000035","E05003353"
"DE6 5LE",10,414193,329194,"E92000001","E19000001","E18000005","E10000028","E07000193","E05006924"
"DE6 5LG",10,411309,334344,"E92000001","E19000001","E18000004","E10000007","E07000035","E05003353"
"DE6 5LH",10,411098,334721,"E92000001","E19000001","E18000004","E10000007","E07000035","E05003353"
"DE6 5LJ",10,411592,334530,"E92000001","E19000001","E18000004","E10000007","E07000035","E05003353"
"DE6 5LL",10,411610,334634,"E92000001","E19000001","E18000004","E10000007","E07000035","E05003353"
"DE6 5LN",10,411259,336254,"E92000001","E19000001","E18000004","E10000007","E07000035","E05003353"
"DE6 5LP",10,411658,337625,"E92000001","E19000001","E18000004","E10000007","E07000035","E05003353"
"DE6 5LQ",10,412234,337552,"E92000001","E19000001","E18000004","E10000007","E07000035","E05003353"
"DE6 5LR",10,412549,336999,"E92000001","E19000001","E18000004","E10000007","E07000035","E05003362"
"DE6 5LS",10,412371,336902,"E92000001","E19000001","E18000004","E10000007","E07000035","E05003362"
"DE6 5LT",10,412111,333831,"E92000001","E19000001","E18000004","E10000007","E07000035","E05003353"
"DE6 5LU",10,411770,334281,"E92000001","E19000001","E18000004","E10000007","E07000035","E05003353"
"DE6 5LW",10,411695,334430,"E92000001","E19000001","E18000004","E10000007","E07000035","E05003353"
"DE6 5LX",10,411886,333990,"E92000001","E19000001","E18000004","E10000007","E07000035","E05003353"
"DE6 5LY",10,412120,333751,"E92000001","E19000001","E18000004","E10000007","E07000035","E05003353"
"DE6 5LZ",10,412001,334008,"E92000001","E19000001","E18000004","E10000007","E07000035","E05003353"
"DE6 5NA",10,411785,334085,"E92000001","E19000001","E18000004","E10000007","E07000035","E05003353"
"DE6 5NB",10,411686,334177,"E92000001","E19000001","E18000004","E10000007","E07000035","E05003353"
"DE6 5ND",10,411782,334215,"E92000001","E19000001","E18000004","E10000007","E07000035","E05003353"
"DE6 5NE",10,411611,334250,"E92000001","E19000001","E18000004","E10000007","E07000035","E05003353"
"DE6 5NF",10,411526,334277,"E92000001","E19000001","E18000004","E10000007","E07000035","E05003353"
"DE6 5NG",10,411541,334208,"E92000001","E19000001","E18000004","E10000007","E07000035","E05003353"
"DE6 5NH",10,411554,334114,"E92000001","E19000001","E18000004","E10000007","E07000035","E05003353"
"DE6 5NJ",10,411651,334269,"E92000001","E19000001","E18000004","E10000007","E07000035","E05003353"
"DE6 5NL",10,411463,334182,"E92000001","E19000001","E18000004","E10000007","E07000035","E05003353"
"DE6 5NN",10,411475,334053,"E92000001","E19000001","E18000004","E10000007","E07000035","E05003353"
"DE6 5NP",10,411392,334143,"E92000001","E19000001","E18000004","E10000007","E07000035","E05003353"
"DE6 5NQ",10,411667,333931,"E92000001","E19000001","E18000004","E10000007","E07000035","E05003353"
"DE6 5NR",10,411619,333948,"E92000001","E19000001","E18000004","E10000007","E07000035","E05003353"
"DE6 5NS",10,411981,333679,"E92000001","E19000001","E18000004","E10000007","E07000035","E05003353"
"DE6 5NT",10,412078,333712,"E92000001","E19000001","E18000004","E10000007","E07000035","E05003353"
"DE6 5NU",10,411976,333878,"E92000001","E19000001","E18000004","E10000007","E07000035","E05003353"
"DE6 5NW",10,411542,334146,"E92000001","E19000001","E18000004","E10000007","E07000035","E05003353"
"DE6 5NX",10,411907,333815,"E92000001","E19000001","E18000004","E10000007","E07000035","E05003353"
"DE6 5NY",10,412020,333840,"E92000001","E19000001","E18000004","E10000007","E07000035","E05003353"
"DE6 5PA",10,413501,333262,"E92000001","E19000001","E18000004","E10000007","E07000035","E05003353"
"DE6 5PB",10,413279,334202,"E92000001","E19000001","E18000004","E10000007","E07000035","E05003362"
"DE6 5PD",10,413908,335413,"E92000001","E19000001","E18000004","E10000007","E07000035","E05003362"
"DE6 5PE",10,414424,334758,"E92000001","E19000001","E18000004","E10000007","E07000035","E05003353"
"DE6 9AD",10,419422,345486,"E92000001","E19000001","E18000004","E10000007","E07000035","E05003343"
"DE6 9BP",10,419422,345486,"E92000001","E19000001","E18000004","E10000007","E07000035","E05003343"
"DE6 9BS",10,419422,345486,"E92000001","E19000001","E18000004","E10000007","E07000035","E05003343"
"DE6 9BY",10,419422,345486,"E92000001","E19000001","E18000004","E10000007","E07000035","E05003343"
"DE6 9DG",10,419422,345486,"E92000001","E19000001","E18000004","E10000007","E07000035","E05003343"
"DE6 9DJ",10,419422,345486,"E92000001","E19000001","E18000004","E10000007","E07000035","E05003343"
"DE6 9DN",10,419422,345486,"E92000001","E19000001","E18000004","E10000007","E07000035","E05003343"
"DE6 9DP",10,419422,345486,"E92000001","E19000001","E18000004","E10000007","E07000035","E05003343"
"DE655AA",10,425101,329666,"E92000001","E19000001","E18000004","E10000007","E07000039","E05008813"
"DE655AB",50,424668,330044,"E92000001","E19000001","E18000004","E10000007","E07000039","E05008813"
"DE655AE",10,424668,330044,"E92000001","E19000001","E18000004","E10000007","E07000039","E05008813"
"DE655AF",10,420485,333648,"E92000001","E19000001","E18000004","E10000007","E07000039","E05008813"
"DE655AG",10,420419,333660,"E92000001","E19000001","E18000004","E10000007","E07000039","E05008813"
"DE655AH",10,421621,333516,"E92000001","E19000001","E18000004","E10000007","E07000039","E05008813"
"DE655AJ",10,422511,333785,"E92000001","E19000001","E18000004","E10000007","E07000039","E05008813"
"DE655AL",10,422041,334308,"E92000001","E19000001","E18000004","E10000007","E07000039","E05008813"
"DE655AN",10,420852,334722,"E92000001","E19000001","E18000004","E10000007","E07000039","E05008813"
"DE655AP",10,421770,335089,"E92000001","E19000001","E18000004","E10000007","E07000039","E05008813"
"DE655AQ",10,421184,333668,"E92000001","E19000001","E18000004","E10000007","E07000039","E05008813"
"DE655AR",10,420443,333558,"E92000001","E19000001","E18000004","E10000007","E07000039","E05008813"
"DE655AS",10,420702,333608,"E92000001","E19000001","E18000004","E10000007","E07000039","E05008813"
"DE655AT",10,419654,334872,"E92000001","E19000001","E18000004","E10000007","E07000039","E05008813"
"DE655AU",10,418809,334403,"E92000001","E19000001","E18000004","E10000007","E07000039","E05008813"
"DE655AW",10,419197,333516,"E92000001","E19000001","E18000004","E10000007","E07000039","E05008813"
"DE655AX",10,418763,333452,"E92000001","E19000001","E18000004","E10000007","E07000039","E05008813"
"DE655AY",10,420173,332886,"E92000001","E19000001","E18000004","E10000007","E07000039","E05008813"
"DE655AZ",10,420907,332714,"E92000001","E19000001","E18000004","E10000007","E07000039","E05008813"
"DE655BA",10,421461,332260,"E92000001","E19000001","E18000004","E10000007","E07000039","E05008813"
"DE655BB",10,420609,333752,"E92000001","E19000001","E18000004","E10000007","E07000039","E05008813"
"DE655BD",10,420489,333755,"E92000001","E19000001","E18000004","E10000007","E07000039","E05008813"
"DE655BE",10,421395,331807,"E92000001","E19000001","E18000004","E10000007","E07000039","E05008813"
"DE655BG",10,420260,331880,"E92000001","E19000001","E18000004","E10000007","E07000039","E05008813"
"DE655BH",10,425287,330384,"E92000001","E19000001","E18000004","E10000007","E07000039","E05008813"
"DE655BJ",10,425354,330323,"E92000001","E19000001","E18000004","E10000007","E07000039","E05008813"
"DE655BL",10,425346,330269,"E92000001","E19000001","E18000004","E10000007","E07000039","E05008813"
"DE655BN",10,425263,330306,"E92000001","E19000001","E18000004","E10000007","E07000039","E05008813"
"DE655BP",10,425283,330278,"E92000001","E19000001","E18000004","E10000007","E07000039","E05008813"
"DE655BQ",10,425236,330343,"E92000001","E19000001","E18000004","E10000007","E07000039","E05008813"
"DE655BT",10,420396,332372,"E92000001","E19000001","E18000004","E10000007","E07000039","E05008813"
"DE655BU",10,419753,331755,"E92000001","E19000001","E18000004","E10000007","E07000039","E05008813"
"DE655BX",10,419998,331969,"E92000001","E19000001","E18000004","E10000007","E07000039","E05008813"
"DE655BY",10,419998,331969,"E92000001","E19000001","E18000004","E10000007","E07000039","E05008813"
"DE655BZ",10,420396,332372,"E92000001","E19000001","E18000004","E10000007","E07000039","E05008813"
"DE655DA",10,420586,333529,"E92000001","E19000001","E18000004","E10000007","E07000039","E05008813"
"DE655DB",10,422204,333493,"E92000001","E19000001","E18000004","E10000007","E07000039","E05008813"
"DE655DD",10,420446,333585,"E92000001","E19000001","E18000004","E10000007","E07000039","E05008813"
"DE655DE",10,422174,333518,"E92000001","E19000001","E18000004","E10000007","E07000039","E05008813"
"DE655DF",10,420582,333628,"E92000001","E19000001","E18000004","E10000007","E07000039","E05008813"
"DE655DG",10,420390,333565,"E92000001","E19000001","E18000004","E10000007","E07000039","E05008813"
"DE655DH",10,422705,333216,"E92000001","E19000001","E18000004","E10000007","E07000039","E05008813"
"DE655DJ",10,419747,332047,"E92000001","E19000001","E18000004","E10000007","E07000039","E05008813"
"DE655DL",10,418803,331815,"E92000001","E19000001","E18000004","E10000007","E07000039","E05008813"
"DE655DN",10,418579,331661,"E92000001","E19000001","E18000004","E10000007","E07000039","E05008813"
"DE655DP",10,421671,329971,"E92000001","E19000001","E18000004","E10000007","E07000039","E05008812"
"DE655DQ",10,421667,329913,"E92000001","E19000001","E18000004","E10000007","E07000039","E05008812"
"DE655DR",10,421676,329833,"E92000001","E19000001","E18000004","E10000007","E07000039","E05008812"
"DE655DS",10,421281,329842,"E92000001","E19000001","E18000004","E10000007","E07000039","E05008812"
"DE655DT",10,420888,329857,"E92000001","E19000001","E18000004","E10000007","E07000039","E05008813"
"DE655DU",10,421341,329721,"E92000001","E19000001","E18000004","E10000007","E07000039","E05008812"
"DE655DW",10,421526,329730,"E92000001","E19000001","E18000004","E10000007","E07000039","E05008812"
"DE655DX",10,421411,329646,"E92000001","E19000001","E18000004","E10000007","E07000039","E05008812"
"DE655DY",10,421574,329626,"E92000001","E19000001","E18000004","E10000007","E07000039","E05008812"
"DE655DZ",10,421645,329567,"E92000001","E19000001","E18000004","E10000007","E07000039","E05008812"
"DE655EA",10,422377,329907,"E92000001","E19000001","E18000004","E10000007","E07000039","E05008813"
"DE655EB",10,421236,329781,"E92000001","E19000001","E18000004","E10000007","E07000039","E05008812"
"DE655ED",10,421772,330312,"E92000001","E19000001","E18000004","E10000007","E07000039","E05008812"
"DE655EE",10,421428,330201,"E92000001","E19000001","E18000004","E10000007","E07000039","E05008812"
"DE655EF",10,421376,330281,"E92000001","E19000001","E18000004","E10000007","E07000039","E05008812"
"DE655EG",10,421728,330540,"E92000001","E19000001","E18000004","E10000007","E07000039","E05008812"
"DE655EH",10,421662,330253,"E92000001","E19000001","E18000004","E10000007","E07000039","E05008812"
"DE655EJ",10,421626,330335,"E92000001","E19000001","E18000004","E10000007","E07000039","E05008812"
"DE655EL",10,421542,329871,"E92000001","E19000001","E18000004","E10000007","E07000039","E05008812"
"DE655EN",10,421493,329935,"E92000001","E19000001","E18000004","E10000007","E07000039","E05008812"
"DE655EP",10,421540,330202,"E92000001","E19000001","E18000004","E10000007","E07000039","E05008812"
"DE655EQ",10,421408,330035,"E92000001","E19000001","E18000004","E10000007","E07000039","E05008812"
"DE655ER",10,421334,329913,"E92000001","E19000001","E18000004","E10000007","E07000039","E05008812"
"DE655ES",10,421320,329983,"E92000001","E19000001","E18000004","E10000007","E07000039","E05008812"
"DE655ET",10,421830,330395,"E92000001","E19000001","E18000004","E10000007","E07000039","E05008812"
"DE655EU",10,421571,330474,"E92000001","E19000001","E18000004","E10000007","E07000039","E05008812"
"DE655EW",10,421628,330569,"E92000001","E19000001","E18000004","E10000007","E07000039","E05008812"
"DE655EX",10,421542,330484,"E92000001","E19000001","E18000004","E10000007","E07000039","E05008812"
"DE655EY",10,421737,330494,"E92000001","E19000001","E18000004","E10000007","E07000039","E05008812"
"DE655EZ",10,421489,329769,"E92000001","E19000001","E18000004","E10000007","E07000039","E05008812"
"DE655FB",10,424548,330856,"E92000001","E19000001","E18000004","E10000007","E07000039","E05008813"
"DE655FD",10,424622,330844,"E92000001","E19000001","E18000004","E10000007","E07000039","E05008813"
"DE655FE",10,424510,331414,"E92000001","E19000001","E18000004","E10000007","E07000039","E05008813"
"DE655FF",10,424540,330690,"E92000001","E19000001","E18000004","E10000007","E07000039","E05008813"
"DE655FG",10,424863,330666,"E92000001","E19000001","E18000004","E10000007","E07000039","E05008813"
"DE655FH",10,425047,330749,"E92000001","E19000001","E18000004","E10000007","E07000039","E05008813"
"DE655FJ",10,425648,330158,"E92000001","E19000001","E18000004","E10000007","E07000039","E05008813"
"DE655FL",10,425428,330712,"E92000001","E19000001","E18000004","E10000007","E07000039","E05008813"
"DE655FN",10,425109,332127,"E92000001","E19000001","E18000004","E10000007","E07000039","E05008813"
"DE655FP",10,424986,330902,"E92000001","E19000001","E18000004","E10000007","E07000039","E05008813"
"DE655FQ",10,424846,330472,"E92000001","E19000001","E18000004","E10000007","E07000039","E05008813"
"DE655FR",10,425158,330657,"E92000001","E19000001","E18000004","E10000007","E07000039","E05008813"
"DE655FS",10,425152,330842,"E92000001","E19000001","E18000004","E10000007","E07000039","E05008813"
"DE655FT",10,424631,330765,"E92000001","E19000001","E18000004","E10000007","E07000039","E05008813"
"DE655FW",10,424335,330798,"E92000001","E19000001","E18000004","E10000007","E07000039","E05008813"
"DE655FX",10,424453,330810,"E92000001","E19000001","E18000004","E10000007","E07000039","E05008813"
"DE655FY",10,424273,330806,"E92000001","E19000001","E18000004","E10000007","E07000039","E05008813"
"DE655FZ",10,423874,330656,"E92000001","E19000001","E18000004","E10000007","E07000039","E05008813"
"DE655GA",10,423293,331632,"E92000001","E19000001","E18000004","E10000007","E07000039","E05008813"
"DE655GB",10,423514,329790,"E92000001","E19000001","E18000004","E10000007","E07000039","E05008813"
"DE655GD",10,423723,329540,"E92000001","E19000001","E18000004","E10000007","E07000039","E05008813"
"DE655GE",10,423956,330724,"E92000001","E19000001","E18000004","E10000007","E07000039","E05008813"
"DE655GF",10,424427,330737,"E92000001","E19000001","E18000004","E10000007","E07000039","E05008813"
"DE655GG",10,424331,330647,"E92000001","E19000001","E18000004","E10000007","E07000039","E05008813"
"DE655GH",10,424711,330565,"E92000001","E19000001","E18000004","E10000007","E07000039","E05008813"
"DE655GJ",10,424526,330495,"E92000001","E19000001","E18000004","E10000007","E07000039","E05008813"
"DE655GL",10,424580,330597,"E92000001","E19000001","E18000004","E10000007","E07000039","E05008813"
"DE655GN",10,424463,330564,"E92000001","E19000001","E18000004","E10000007","E07000039","E05008813"
"DE655GP",10,424303,330512,"E92000001","E19000001","E18000004","E10000007","E07000039","E05008813"
"DE655GQ",10,422307,331813,"E92000001","E19000001","E18000004","E10000007","E07000039","E05008813"
"DE655GR",10,424428,330629,"E92000001","E19000001","E18000004","E10000007","E07000039","E05008813"
"DE655GS",10,424912,330822,"E92000001","E19000001","E18000004","E10000007","E07000039","E05008813"
"DE655GT",10,424845,330798,"E92000001","E19000001","E18000004","E10000007","E07000039","E05008813"
"DE655GU",10,424944,330737,"E92000001","E19000001","E18000004","E10000007","E07000039","E05008813"
"DE655GW",10,425279,330873,"E92000001","E19000001","E18000004","E10000007","E07000039","E05008813"
"DE655GX",10,425370,330734,"E92000001","E19000001","E18000004","E10000007","E07000039","E05008813"
"DE655GY",10,424762,329900,"E92000001","E19000001","E18000004","E10000007","E07000039","E05008813"
"DE655GZ",10,424944,330160,"E92000001","E19000001","E18000004","E10000007","E07000039","E05008813"
"DE655HA",10,425038,330180,"E92000001","E19000001","E18000004","E10000007","E07000039","E05008813"
"DE655HB",10,424916,330259,"E92000001","E19000001","E18000004","E10000007","E07000039","E05008813"
"DE655HD",10,425079,330413,"E92000001","E19000001","E18000004","E10000007","E07000039","E05008813"
"DE655HE",10,425111,330388,"E92000001","E19000001","E18000004","E10000007","E07000039","E05008813"
"DE655HF",10,424971,330404,"E92000001","E19000001","E18000004","E10000007","E07000039","E05008813"
"DE655HG",10,421703,330106,"E92000001","E19000001","E18000004","E10000007","E07000039","E05008812"
"DE655HH",10,425393,330637,"E92000001","E19000001","E18000004","E10000007","E07000039","E05008813"
"DE655HJ",10,425341,330661,"E92000001","E19000001","E18000004","E10000007","E07000039","E05008813"
"DE655HL",10,421735,330180,"E92000001","E19000001","E18000004","E10000007","E07000039","E05008812"
"DE655HN",10,425141,330001,"E92000001","E19000001","E18000004","E10000007","E07000039","E05008813"
"DE655HP",10,425312,330677,"E92000001","E19000001","E18000004","E10000007","E07000039","E05008813"
"DE655HQ",10,425160,330160,"E92000001","E19000001","E18000004","E10000007","E07000039","E05008813"
"DE655HR",10,424893,330332,"E92000001","E19000001","E18000004","E10000007","E07000039","E05008813"
"DE655HS",10,425114,330306,"E92000001","E19000001","E18000004","E10000007","E07000039","E05008813"
"DE655HT",10,425377,330549,"E92000001","E19000001","E18000004","E10000007","E07000039","E05008813"
"DE655HU",10,425152,330879,"E92000001","E19000001","E18000004","E10000007","E07000039","E05008813"
"DE655HW",10,425196,330954,"E92000001","E19000001","E18000004","E10000007","E07000039","E05008813"
"DE655HX",10,424986,329941,"E92000001","E19000001","E18000004","E10000007","E07000039","E05008813"
"DE655HY",10,425026,330009,"E92000001","E19000001","E18000004","E10000007","E07000039","E05008813"
"DE655HZ",10,425006,330094,"E92000001","E19000001","E18000004","E10000007","E07000039","E05008813"
"DE655JA",10,425249,330825,"E92000001","E19000001","E18000004","E10000007","E07000039","E05008813"
"DE655JB",10,424866,330244,"E92000001","E19000001","E18000004","E10000007","E07000039","E05008813"
"DE655JD",10,425366,329716,"E92000001","E19000001","E18000004","E10000007","E07000039","E05008813"
"DE655JE",10,424210,330584,"E92000001","E19000001","E18000004","E10000007","E07000039","E05008813"
"DE655JF",10,424549,330419,"E92000001","E19000001","E18000004","E10000007","E07000039","E05008813"
"DE655JG",10,421739,330286,"E92000001","E19000001","E18000004","E10000007","E07000039","E05008812"
"DE655JH",10,425148,330236,"E92000001","E19000001","E18000004","E10000007","E07000039","E05008813"
"DE655JJ",10,425056,329850,"E92000001","E19000001","E18000004","E10000007","E07000039","E05008813"
"DE655JL",10,425253,330766,"E92000001","E19000001","E18000004","E10000007","E07000039","E05008813"
"DE655JN",10,424449,330719,"E92000001","E19000001","E18000004","E10000007","E07000039","E05008813"
"DE655JP",10,424793,330653,"E92000001","E19000001","E18000004","E10000007","E07000039","E05008813"
"DE655JQ",10,425236,330612,"E92000001","E19000001","E18000004","E10000007","E07000039","E05008813"
"DE655JR",10,425043,330517,"E92000001","E19000001","E18000004","E10000007","E07000039","E05008813"
"DE655JS",50,425137,330612,"E92000001","E19000001","E18000004","E10000007","E07000039","E05008813"
"DE655JT",10,425231,330707,"E92000001","E19000001","E18000004","E10000007","E07000039","E05008813"
"DE655JU",10,421720,330348,"E92000001","E19000001","E18000004","E10000007","E07000039","E05008812"
"DE655JW",10,424000,330642,"E92000001","E19000001","E18000004","E10000007","E07000039","E05008813"
"DE655JX",10,424712,329816,"E92000001","E19000001","E18000004","E10000007","E07000039","E05008813"
"DE655JY",10,424908,329855,"E92000001","E19000001","E18000004","E10000007","E07000039","E05008813"
"DE655JZ",10,424336,330455,"E92000001","E19000001","E18000004","E10000007","E07000039","E05008813"
"DE655LA",10,424789,330110,"E92000001","E19000001","E18000004","E10000007","E07000039","E05008813"
"DE655LB",10,424732,329927,"E92000001","E19000001","E18000004","E10000007","E07000039","E05008813"
"DE655LD",10,424705,330289,"E92000001","E19000001","E18000004","E10000007","E07000039","E05008813"
"DE655LE",10,424805,329827,"E92000001","E19000001","E18000004","E10000007","E07000039","E05008813"
"DE655LF",10,424884,329916,"E92000001","E19000001","E18000004","E10000007","E07000039","E05008813"
"DE655LG",10,424410,330423,"E92000001","E19000001","E18000004","E10000007","E07000039","E05008813"
"DE655LH",10,424872,329985,"E92000001","E19000001","E18000004","E10000007","E07000039","E05008813"
"DE655LJ",10,425386,329936,"E92000001","E19000001","E18000004","E10000007","E07000039","E05008813"
"DE655LL",10,425557,330269,"E92000001","E19000001","E18000004","E10000007","E07000039","E05008813"
"DE655LN",10,425457,330394,"E92000001","E19000001","E18000004","E10000007","E07000039","E05008813"
"DE655LP",10,425535,330290,"E92000001","E19000001","E18000004","E10000007","E07000039","E05008813"
"DE655LQ",10,425494,330305,"E92000001","E19000001","E18000004","E10000007","E07000039","E05008813"
"DE655LR",10,425275,330141,"E92000001","E19000001","E18000004","E10000007","E07000039","E05008813"
"DE655LS",10,424638,329740,"E92000001","E19000001","E18000004","E10000007","E07000039","E05008813"
"DE655LT",10,425311,330320,"E92000001","E19000001","E18000004","E10000007","E07000039","E05008813"
"DE655LU",10,424203,330498,"E92000001","E19000001","E18000004","E10000007","E07000039","E05008813"
"DE655LW",10,425527,330349,"E92000001","E19000001","E18000004","E10000007","E07000039","E05008813"
"DE655LX",50,424203,330498,"E92000001","E19000001","E18000004","E10000007","E07000039","E05008813"
"DE655LZ",10,424368,330243,"E92000001","E19000001","E18000004","E10000007","E07000039","E05008813"
"DE655NA",10,424629,330033,"E92000001","E19000001","E18000004","E10000007","E07000039","E05008813"
"DE655NB",10,424596,330199,"E92000001","E19000001","E18000004","E10000007","E07000039","E05008813"
"DE655ND",10,424576,330102,"E92000001","E19000001","E18000004","E10000007","E07000039","E05008813"
"DE655NE",10,424540,330014,"E92000001","E19000001","E18000004","E10000007","E07000039","E05008813"
"DE655NF",10,424662,330109,"E92000001","E19000001","E18000004","E10000007","E07000039","E05008813"
"DE655NG",10,424519,330034,"E92000001","E19000001","E18000004","E10000007","E07000039","E05008813"
"DE655NH",10,424684,330142,"E92000001","E19000001","E18000004","E10000007","E07000039","E05008813"
"DE655NJ",10,424430,330062,"E92000001","E19000001","E18000004","E10000007","E07000039","E05008813"
"DE655NL",10,424519,329924,"E92000001","E19000001","E18000004","E10000007","E07000039","E05008813"
"DE655NN",10,424360,330091,"E92000001","E19000001","E18000004","E10000007","E07000039","E05008813"
"DE655NP",10,424426,330141,"E92000001","E19000001","E18000004","E10000007","E07000039","E05008813"
"DE655NQ",10,424566,330019,"E92000001","E19000001","E18000004","E10000007","E07000039","E05008813"
"DE655NR",10,424507,330130,"E92000001","E19000001","E18000004","E10000007","E07000039","E05008813"
"DE655NS",10,424688,330193,"E92000001","E19000001","E18000004","E10000007","E07000039","E05008813"
"DE655NT",10,424283,330098,"E92000001","E19000001","E18000004","E10000007","E07000039","E05008813"
"DE655NU",10,424331,330183,"E92000001","E19000001","E18000004","E10000007","E07000039","E05008813"
"DE655NW",10,424370,330291,"E92000001","E19000001","E18000004","E10000007","E07000039","E05008813"
"DE655NX",10,424544,330207,"E92000001","E19000001","E18000004","E10000007","E07000039","E05008813"
"DE655NY",10,424338,330274,"E92000001","E19000001","E18000004","E10000007","E07000039","E05008813"
"DE655PJ",10,419331,332102,"E92000001","E19000001","E18000004","E10000007","E07000039","E05008813"
"DE655PL",10,419377,331000,"E92000001","E19000001","E18000004","E10000007","E07000039","E05008813"
"DE655PN",10,419347,330214,"E92000001","E19000001","E18000004","E10000007","E07000039","E05008813"
"DE655PP",10,419406,330212,"E92000001","E19000001","E18000004","E10000007","E07000039","E05008813"
"DE655PQ",10,419504,330201,"E92000001","E19000001","E18000004","E10000007","E07000039","E05008813"
"DE655PR",10,419593,330145,"E92000001","E19000001","E18000004","E10000007","E07000039","E05008813"
"DE655PS",10,419934,330053,"E92000001","E19000001","E18000004","E10000007","E07000039","E05008813"
"DE655PT",10,421757,330929,"E92000001","E19000001","E18000004","E10000007","E07000039","E05008813"
"DE655PU",10,421671,331268,"E92000001","E19000001","E18000004","E10000007","E07000039","E05008813"
"DE655PW",10,421365,331385,"E92000001","E19000001","E18000004","E10000007","E07000039","E05008813"
"DE655PX",10,420799,330960,"E92000001","E19000001","E18000004","E10000007","E07000039","E05008813"
"DE655PY",10,419864,332204,"E92000001","E19000001","E18000004","E10000007","E07000039","E05008813"
"DE655QA",10,421435,330489,"E92000001","E19000001","E18000004","E10000007","E07000039","E05008812"
"DE655QB",10,421480,330552,"E92000001","E19000001","E18000004","E10000007","E07000039","E05008812"
"DE655QD",10,421467,330391,"E92000001","E19000001","E18000004","E10000007","E07000039","E05008812"
"DE655QE",10,421365,330428,"E92000001","E19000001","E18000004","E10000007","E07000039","E05008812"
"DE655QF",10,421402,330546,"E92000001","E19000001","E18000004","E10000007","E07000039","E05008812"
"DE655QG",10,421721,330034,"E92000001","E19000001","E18000004","E10000007","E07000039","E05008812"
"DE655QH",10,421415,330618,"E92000001","E19000001","E18000004","E10000007","E07000039","E05008812"
"DE655QJ",10,421344,330321,"E92000001","E19000001","E18000004","E10000007","E07000039","E05008812"
"DE655QL",10,421131,329807,"E92000001","E19000001","E18000004","E10000007","E07000039","E05008812"
"DE655QN",10,421115,329922,"E92000001","E19000001","E18000004","E10000007","E07000039","E05008812"
"DE655QQ",10,421442,330310,"E92000001","E19000001","E18000004","E10000007","E07000039","E05008812"
"DE655QR",10,421312,330247,"E92000001","E19000001","E18000004","E10000007","E07000039","E05008812"
"DE655QS",10,421371,330230,"E92000001","E19000001","E18000004","E10000007","E07000039","E05008812"
"DE655QT",10,421318,330194,"E92000001","E19000001","E18000004","E10000007","E07000039","E05008812"
"DE655UR",10,425470,329924,"E92000001","E19000001","E18000004","E10000007","E07000039","E05008813"
"DE655WA",10,424676,330464,"E92000001","E19000001","E18000004","E10000007","E07000039","E05008813"
"DE655WB",10,424819,330540,"E92000001","E19000001","E18000004","E10000007","E07000039","E05008813"
"DE655WD",10,424791,330457,"E92000001","E19000001","E18000004","E10000007","E07000039","E05008813"
"DE655WH",10,421407,329772,"E92000001","E19000001","E18000004","E10000007","E07000039","E05008812"
"DE655YX",10,421407,329772,"E92000001","E19000001","E18000004","E10000007","E07000039","E05008812"
"DE656AA",10,430845,330484,"E92000001","E19000001","E18000004","E10000007","E07000039","E05008822"
"DE656AB",10,430833,330685,"E92000001","E19000001","E18000004","E10000007","E07000039","E05008822"
"DE656AD",10,430932,330406,"E92000001","E19000001","E18000004","E10000007","E07000039","E05008822"
"DE656AE",10,431078,330446,"E92000001","E19000001","E18000004","E10000007","E07000039","E05008822"
"DE656AF",10,430997,330414,"E92000001","E19000001","E18000004","E10000007","E07000039","E05008822"
"DE656AG",10,430766,330389,"E92000001","E19000001","E18000004","E10000007","E07000039","E05008822"
"DE656AH",10,430543,330262,"E92000001","E19000001","E18000004","E10000007","E07000039","E05008822"
"DE656AJ",10,430587,330421,"E92000001","E19000001","E18000004","E10000007","E07000039","E05008822"
"DE656AL",10,430688,330465,"E92000001","E19000001","E18000004","E10000007","E07000039","E05008822"
"DE656AN",10,430702,330562,"E92000001","E19000001","E18000004","E10000007","E07000039","E05008822"
"DE656AP",10,430616,330568,"E92000001","E19000001","E18000004","E10000007","E07000039","E05008822"
"DE656AQ",10,430753,330519,"E92000001","E19000001","E18000004","E10000007","E07000039","E05008822"
"DE656AR",10,430955,329793,"E92000001","E19000001","E18000004","E10000007","E07000039","E05008822"
"DE656AS",10,430769,329797,"E92000001","E19000001","E18000004","E10000007","E07000039","E05008822"
"DE656AT",10,430999,330444,"E92000001","E19000001","E18000004","E10000007","E07000039","E05008822"
"DE656AU",10,431015,330514,"E92000001","E19000001","E18000004","E10000007","E07000039","E05008822"
"DE656AW",10,430391,330504,"E92000001","E19000001","E18000004","E10000007","E07000039","E05008822"
"DE656AX",10,430773,330650,"E92000001","E19000001","E18000004","E10000007","E07000039","E05008822"
"DE656AY",10,430738,330667,"E92000001","E19000001","E18000004","E10000007","E07000039","E05008822"
"DE656AZ",10,430644,330661,"E92000001","E19000001","E18000004","E10000007","E07000039","E05008822"
"DE656BA",10,430723,331128,"E92000001","E19000001","E18000004","E10000007","E07000039","E05008822"
"DE656BB",10,430511,330646,"E92000001","E19000001","E18000004","E10000007","E07000039","E05008822"
"DE656BD",10,430597,330714,"E92000001","E19000001","E18000004","E10000007","E07000039","E05008822"
"DE656BE",10,430548,331633,"E92000001","E19000001","E18000004","E10000007","E07000039","E05008822"
"DE656BG",10,430000,330892,"E92000001","E19000001","E18000004","E10000007","E07000039","E05008822"
"DE656BH",10,431163,331196,"E92000001","E19000001","E18000004","E10000007","E07000039","E05008822"
"DE656BJ",10,430830,330347,"E92000001","E19000001","E18000004","E10000007","E07000039","E05008822"
"DE656BL",10,429938,328235,"E92000001","E19000001","E18000004","E10000007","E07000039","E05008822"
"DE656BP",10,429430,328553,"E92000001","E19000001","E18000004","E10000007","E07000039","E05008822"
"DE656BQ",10,429355,328611,"E92000001","E19000001","E18000004","E10000007","E07000039","E05008822"
"DE656BR",10,429348,328570,"E92000001","E19000001","E18000004","E10000007","E07000039","E05008822"
"DE656BS",10,429204,328426,"E92000001","E19000001","E18000004","E10000007","E07000039","E05008822"
"DE656BT",10,429258,328493,"E92000001","E19000001","E18000004","E10000007","E07000039","E05008822"
"DE656BU",10,428853,328459,"E92000001","E19000001","E18000004","E10000007","E07000039","E05008822"
"DE656BW",10,428342,328578,"E92000001","E19000001","E18000004","E10000007","E07000039","E05008822"
"DE656BX",10,429442,328360,"E92000001","E19000001","E18000004","E10000007","E07000039","E05008822"
"DE656BY",10,429623,328142,"E92000001","E19000001","E18000004","E10000007","E07000039","E05008822"
"DE656BZ",10,429628,328181,"E92000001","E19000001","E18000004","E10000007","E07000039","E05008822"
"DE656DA",10,429574,328456,"E92000001","E19000001","E18000004","E10000007","E07000039","E05008822"
"DE656DB",10,429601,328351,"E92000001","E19000001","E18000004","E10000007","E07000039","E05008822"
"DE656DD",10,429810,328445,"E92000001","E19000001","E18000004","E10000007","E07000039","E05008822"
"DE656DE",10,429981,328473,"E92000001","E19000001","E18000004","E10000007","E07000039","E05008822"
"DE656DG",10,430270,328538,"E92000001","E19000001","E18000004","E10000007","E07000039","E05008822"
"DE656DH",10,429662,328476,"E92000001","E19000001","E18000004","E10000007","E07000039","E05008822"
"DE656DJ",10,429837,328601,"E92000001","E19000001","E18000004","E10000007","E07000039","E05008822"
"DE656DL",10,430356,328483,"E92000001","E19000001","E18000004","E10000007","E07000039","E05008822"
"DE656DN",10,430127,328425,"E92000001","E19000001","E18000004","E10000007","E07000039","E05008822"
"DE656DP",10,430311,328420,"E92000001","E19000001","E18000004","E10000007","E07000039","E05008822"
"DE656DQ",10,430053,328343,"E92000001","E19000001","E18000004","E10000007","E07000039","E05008822"
"DE656DR",10,429869,328259,"E92000001","E19000001","E18000004","E10000007","E07000039","E05008822"
"DE656DS",10,429667,328587,"E92000001","E19000001","E18000004","E10000007","E07000039","E05008822"
"DE656DT",10,429854,328356,"E92000001","E19000001","E18000004","E10000007","E07000039","E05008822"
"DE656DU",10,429744,328394,"E92000001","E19000001","E18000004","E10000007","E07000039","E05008822"
"DE656DW",10,429731,328806,"E92000001","E19000001","E18000004","E10000007","E07000039","E05008822"
"DE656DX",10,429443,329696,"E92000001","E19000001","E18000004","E10000007","E07000039","E05008822"
"DE656DY",10,430473,328600,"E92000001","E19000001","E18000004","E10000007","E07000039","E05008822"
"DE656DZ",10,430380,328572,"E92000001","E19000001","E18000004","E10000007","E07000039","E05008822"
"DE656EA",10,429590,328404,"E92000001","E19000001","E18000004","E10000007","E07000039","E05008822"
"DE656EB",10,429616,328268,"E92000001","E19000001","E18000004","E10000007","E07000039","E05008822"
"DE656ED",10,429455,328717,"E92000001","E19000001","E18000004","E10000007","E07000039","E05008822"
"DE656EE",10,431315,326682,"E92000001","E19000001","E18000004","E10000007","E07000039","E05008818"
"DE656EF",10,432081,326369,"E92000001","E19000001","E18000004","E10000007","E07000039","E05008818"
"DE656EG",10,432912,325081,"E92000001","E19000001","E18000004","E10000007","E07000039","E05008818"
"DE656EH",10,432319,326988,"E92000001","E19000001","E18000004","E10000007","E07000039","E05008818"
"DE656EJ",10,433463,326580,"E92000001","E19000001","E18000004","E10000007","E07000039","E05008818"
"DE656EL",10,429343,328649,"E92000001","E19000001","E18000004","E10000007","E07000039","E05008822"
"DE656EN",10,429572,328218,"E92000001","E19000001","E18000004","E10000007","E07000039","E05008822"
"DE656EP",10,430374,328419,"E92000001","E19000001","E18000004","E10000007","E07000039","E05008822"
"DE656EQ",10,429762,328133,"E92000001","E19000001","E18000004","E10000007","E07000039","E05008822"
"DE656ER",10,430468,328437,"E92000001","E19000001","E18000004","E10000007","E07000039","E05008822"
"DE656ES",10,430052,328243,"E92000001","E19000001","E18000004","E10000007","E07000039","E05008822"
"DE656ET",10,429245,328531,"E92000001","E19000001","E18000004","E10000007","E07000039","E05008822"
"DE656EU",10,430044,328254,"E92000001","E19000001","E18000004","E10000007","E07000039","E05008822"
"DE656EX",10,426424,328443,"E92000001","E19000001","E18000004","E10000007","E07000039","E05008811"
"DE656EY",10,430542,326508,"E92000001","E19000001","E18000004","E10000007","E07000039","E05008818"
"DE656EZ",10,430769,326353,"E92000001","E19000001","E18000004","E10000007","E07000039","E05008818"
"DE656FB",10,431045,325813,"E92000001","E19000001","E18000004","E10000007","E07000039","E05008818"
"DE656FD",10,431651,324647,"E92000001","E19000001","E18000004","E10000007","E07000039","E05008818"
"DE656FE",10,430810,324744,"E92000001","E19000001","E18000004","E10000007","E07000039","E05008818"
"DE656FF",10,430627,326677,"E92000001","E19000001","E18000004","E10000007","E07000039","E05008818"
"DE656FG",10,430503,326990,"E92000001","E19000001","E18000004","E10000007","E07000039","E05008818"
"DE656FH",10,430298,327088,"E92000001","E19000001","E18000004","E10000007","E07000039","E05008818"
"DE656FJ",10,430299,326799,"E92000001","E19000001","E18000004","E10000007","E07000039","E05008818"
"DE656FL",10,430295,326920,"E92000001","E19000001","E18000004","E10000007","E07000039","E05008818"
"DE656FN",10,429681,326604,"E92000001","E19000001","E18000004","E10000007","E07000039","E05008818"
"DE656FP",10,429996,326932,"E92000001","E19000001","E18000004","E10000007","E07000039","E05008818"
"DE656FQ",10,430131,326600,"E92000001","E19000001","E18000004","E10000007","E07000039","E05008818"
"DE656FR",10,430821,326685,"E92000001","E19000001","E18000004","E10000007","E07000039","E05008818"
"DE656FS",10,430685,326359,"E92000001","E19000001","E18000004","E10000007","E07000039","E05008818"
"DE656FT",10,430465,327002,"E92000001","E19000001","E18000004","E10000007","E07000039","E05008818"
"DE656FW",10,430535,327091,"E92000001","E19000001","E18000004","E10000007","E07000039","E05008818"
"DE656FX",10,430762,327143,"E92000001","E19000001","E18000004","E10000007","E07000039","E05008818"
"DE656FY",10,430863,327059,"E92000001","E19000001","E18000004","E10000007","E07000039","E05008818"
"DE656FZ",10,430773,327016,"E92000001","E19000001","E18000004","E10000007","E07000039","E05008818"
"DE656GA",10,430909,327038,"E92000001","E19000001","E18000004","E10000007","E07000039","E05008818"
"DE656GB",10,431099,326693,"E92000001","E19000001","E18000004","E10000007","E07000039","E05008818"
"DE656GD",10,430492,326844,"E92000001","E19000001","E18000004","E10000007","E07000039","E05008818"
"DE656GE",10,430444,326951,"E92000001","E19000001","E18000004","E10000007","E07000039","E05008818"
"DE656GF",10,430621,326629,"E92000001","E19000001","E18000004","E10000007","E07000039","E05008818"
"DE656GG",10,430407,326689,"E92000001","E19000001","E18000004","E10000007","E07000039","E05008818"
"DE656GH",10,430810,326611,"E92000001","E19000001","E18000004","E10000007","E07000039","E05008818"
"DE656GJ",10,430838,326862,"E92000001","E19000001","E18000004","E10000007","E07000039","E05008818"
"DE656GL",10,430769,326782,"E92000001","E19000001","E18000004","E10000007","E07000039","E05008818"
"DE656GN",10,430944,326753,"E92000001","E19000001","E18000004","E10000007","E07000039","E05008818"
"DE656GP",10,431058,326572,"E92000001","E19000001","E18000004","E10000007","E07000039","E05008818"
"DE656GQ",10,431129,326420,"E92000001","E19000001","E18000004","E10000007","E07000039","E05008818"
"DE656GR",10,430605,326918,"E92000001","E19000001","E18000004","E10000007","E07000039","E05008818"
"DE656GS",10,430697,326806,"E92000001","E19000001","E18000004","E10000007","E07000039","E05008818"
"DE656GT",10,431056,326735,"E92000001","E19000001","E18000004","E10000007","E07000039","E05008818"
"DE656GU",10,426105,329522,"E92000001","E19000001","E18000004","E10000007","E07000039","E05008813"
"DE656GW",10,426919,329511,"E92000001","E19000001","E18000004","E10000007","E07000039","E05008811"
"DE656GX",10,428010,329658,"E92000001","E19000001","E18000004","E10000007","E07000039","E05008811"
"DE656GY",10,428306,328732,"E92000001","E19000001","E18000004","E10000007","E07000039","E05008822"
"DE656GZ",10,427664,327934,"E92000001","E19000001","E18000004","E10000007","E07000039","E05008811"
"DE656HA",10,427259,327385,"E92000001","E19000001","E18000004","E10000007","E07000039","E05008811"
"DE656HB",10,427262,327679,"E92000001","E19000001","E18000004","E10000007","E07000039","E05008811"
"DE656HD",10,426677,328100,"E92000001","E19000001","E18000004","E10000007","E07000039","E05008811"
"DE656HE",10,429157,329725,"E92000001","E19000001","E18000004","E10000007","E07000039","E05008822"
"DE656HF",10,426305,328454,"E92000001","E19000001","E18000004","E10000007","E07000039","E05008811"
"DE656HG",10,426531,328494,"E92000001","E19000001","E18000004","E10000007","E07000039","E05008811"
"DE656HH",10,426399,328364,"E92000001","E19000001","E18000004","E10000007","E07000039","E05008811"
"DE656HJ",10,426589,328292,"E92000001","E19000001","E18000004","E10000007","E07000039","E05008811"
"DE656HL",10,426804,328420,"E92000001","E19000001","E18000004","E10000007","E07000039","E05008811"
"DE656HN",10,426929,328460,"E92000001","E19000001","E18000004","E10000007","E07000039","E05008811"
"DE656HP",10,426737,328058,"E92000001","E19000001","E18000004","E10000007","E07000039","E05008811"
"DE656HQ",10,426531,328384,"E92000001","E19000001","E18000004","E10000007","E07000039","E05008811"
"DE656HR",10,426777,328272,"E92000001","E19000001","E18000004","E10000007","E07000039","E05008811"
"DE656HS",10,426850,327863,"E92000001","E19000001","E18000004","E10000007","E07000039","E05008811"
"DE656HT",10,425737,333279,"E92000001","E19000001","E18000004","E10000007","E07000039","E05008811"
"DE656HU",10,427131,331974,"E92000001","E19000001","E18000004","E10000007","E07000039","E05008811"
"DE656HW",10,427103,331960,"E92000001","E19000001","E18000004","E10000007","E07000039","E05008811"
"DE656HX",10,427090,331888,"E92000001","E19000001","E18000004","E10000007","E07000039","E05008811"
"DE656HY",10,428020,331795,"E92000001","E19000001","E18000004","E10000007","E07000039","E05008811"
"DE656HZ",10,426251,331680,"E92000001","E19000001","E18000004","E10000007","E07000039","E05008813"
"DE656JA",10,427469,331901,"E92000001","E19000001","E18000004","E10000007","E07000039","E05008811"
"DE656JB",10,427210,332069,"E92000001","E19000001","E18000004","E10000007","E07000039","E05008811"
"DE656JD",10,427147,331715,"E92000001","E19000001","E18000004","E10000007","E07000039","E05008811"
"DE656JE",10,426903,331793,"E92000001","E19000001","E18000004","E10000007","E07000039","E05008811"
"DE656JF",10,426951,331851,"E92000001","E19000001","E18000004","E10000007","E07000039","E05008811"
"DE656JG",10,426986,331910,"E92000001","E19000001","E18000004","E10000007","E07000039","E05008811"
"DE656JH",10,427257,331998,"E92000001","E19000001","E18000004","E10000007","E07000039","E05008811"
"DE656JJ",10,427077,331810,"E92000001","E19000001","E18000004","E10000007","E07000039","E05008811"
"DE656JL",10,427099,331628,"E92000001","E19000001","E18000004","E10000007","E07000039","E05008811"
"DE656JN",10,427057,331386,"E92000001","E19000001","E18000004","E10000007","E07000039","E05008811"
"DE656JP",10,426879,331359,"E92000001","E19000001","E18000004","E10000007","E07000039","E05008811"
"DE656JQ",10,427018,331624,"E92000001","E19000001","E18000004","E10000007","E07000039","E05008811"
"DE656JR",10,427039,331525,"E92000001","E19000001","E18000004","E10000007","E07000039","E05008811"
"DE656JS",10,427161,331554,"E92000001","E19000001","E18000004","E10000007","E07000039","E05008811"
"DE656JT",10,427110,331343,"E92000001","E19000001","E18000004","E10000007","E07000039","E05008811"
"DE656JU",10,427059,331433,"E92000001","E19000001","E18000004","E10000007","E07000039","E05008811"
"DE656JW",10,427002,331416,"E92000001","E19000001","E18000004","E10000007","E07000039","E05008811"
"DE656JX",10,426971,331442,"E92000001","E19000001","E18000004","E10000007","E07000039","E05008811"
"DE656JY",10,426916,331541,"E92000001","E19000001","E18000004","E10000007","E07000039","E05008811"
"DE656JZ",10,427012,331236,"E92000001","E19000001","E18000004","E10000007","E07000039","E05008811"
"DE656LA",10,426924,331199,"E92000001","E19000001","E18000004","E10000007","E07000039","E05008811"
"DE656LB",10,426956,331237,"E92000001","E19000001","E18000004","E10000007","E07000039","E05008811"
"DE656LD",10,426866,331455,"E92000001","E19000001","E18000004","E10000007","E07000039","E05008811"
"DE656LE",10,426856,331253,"E92000001","E19000001","E18000004","E10000007","E07000039","E05008811"
"DE656LF",10,428639,332524,"E92000001","E19000001","E18000004","E10000007","E07000039","E05008811"
"DE656LG",10,428934,332357,"E92000001","E19000001","E18000004","E10000007","E07000039","E05008811"
"DE656LH",10,429063,331708,"E92000001","E19000001","E18000004","E10000007","E07000039","E05008811"
"DE656LJ",10,429937,331376,"E92000001","E19000001","E18000004","E10000007","E07000039","E05008811"
"DE656LL",10,429281,332084,"E92000001","E19000001","E18000004","E10000007","E07000039","E05008811"
"DE656LN",10,429190,333067,"E92000001","E19000001","E18000004","E10000007","E07000039","E05008811"
"DE656LP",10,426983,331984,"E92000001","E19000001","E18000004","E10000007","E07000039","E05008811"
"DE656LQ",10,427006,332219,"E92000001","E19000001","E18000004","E10000007","E07000039","E05008811"
"DE656LR",10,427823,333089,"E92000001","E19000001","E18000004","E10000007","E07000039","E05008811"
"DE656LS",10,427571,333685,"E92000001","E19000001","E18000004","E10000007","E07000039","E05008811"
"DE656LT",10,426949,332099,"E92000001","E19000001","E18000004","E10000007","E07000039","E05008811"
"DE656LU",10,426682,331935,"E92000001","E19000001","E18000004","E10000007","E07000039","E05008811"
"DE656LW",10,426893,332059,"E92000001","E19000001","E18000004","E10000007","E07000039","E05008811"
"DE656LX",10,427312,332184,"E92000001","E19000001","E18000004","E10000007","E07000039","E05008811"
"DE656LY",10,426988,331351,"E92000001","E19000001","E18000004","E10000007","E07000039","E05008811"
"DE656LZ",10,426925,331356,"E92000001","E19000001","E18000004","E10000007","E07000039","E05008811"
"DE656NA",10,427241,331775,"E92000001","E19000001","E18000004","E10000007","E07000039","E05008811"
"DE656NB",10,426846,331613,"E92000001","E19000001","E18000004","E10000007","E07000039","E05008811"
"DE656ND",10,426750,331543,"E92000001","E19000001","E18000004","E10000007","E07000039","E05008811"
"DE656NE",10,426607,331556,"E92000001","E19000001","E18000004","E10000007","E07000039","E05008811"
"DE656NF",10,426615,331427,"E92000001","E19000001","E18000004","E10000007","E07000039","E05008811"
"DE656NG",10,426743,331417,"E92000001","E19000001","E18000004","E10000007","E07000039","E05008811"
"DE656NH",10,426774,331638,"E92000001","E19000001","E18000004","E10000007","E07000039","E05008811"
"DE656NJ",10,426680,331641,"E92000001","E19000001","E18000004","E10000007","E07000039","E05008811"
"DE656NL",10,426608,331638,"E92000001","E19000001","E18000004","E10000007","E07000039","E05008811"
"DE656NN",10,426638,331500,"E92000001","E19000001","E18000004","E10000007","E07000039","E05008811"
"DE656NP",10,426811,331211,"E92000001","E19000001","E18000004","E10000007","E07000039","E05008811"
"DE656NQ",10,426842,330394,"E92000001","E19000001","E18000004","E10000007","E07000039","E05008811"
"DE656NR",10,427434,331459,"E92000001","E19000001","E18000004","E10000007","E07000039","E05008811"
"DE656NS",10,426972,331012,"E92000001","E19000001","E18000004","E10000007","E07000039","E05008811"
"DE656NT",10,427156,331598,"E92000001","E19000001","E18000004","E10000007","E07000039","E05008811"
"DE656NU",10,427113,331811,"E92000001","E19000001","E18000004","E10000007","E07000039","E05008811"
"DE656NW",10,426903,331085,"E92000001","E19000001","E18000004","E10000007","E07000039","E05008811"
"DE656NX",10,427098,332269,"E92000001","E19000001","E18000004","E10000007","E07000039","E05008811"
"DE656NY",10,429675,328432,"E92000001","E19000001","E18000004","E10000007","E07000039","E05008822"
"DE656NZ",10,430789,326076,"E92000001","E19000001","E18000004","E10000007","E07000039","E05008818"
"DE656PA",10,428931,332437,"E92000001","E19000001","E18000004","E10000007","E07000039","E05008811"
"DE656PB",10,430574,326780,"E92000001","E19000001","E18000004","E10000007","E07000039","E05008818"
"DE656PD",10,429561,328108,"E92000001","E19000001","E18000004","E10000007","E07000039","E05008822"
"DE656PE",50,429795,328125,"E92000001","E19000001","E18000004","E10000007","E07000039","E05008822"
"DE656PF",10,430028,328142,"E92000001","E19000001","E18000004","E10000007","E07000039","E05008822"
"DE656PG",10,429705,328183,"E92000001","E19000001","E18000004","E10000007","E07000039","E05008822"
"DE656PH",10,430454,326592,"E92000001","E19000001","E18000004","E10000007","E07000039","E05008818"
"DE656PJ",10,427894,331952,"E92000001","E19000001","E18000004","E10000007","E07000039","E05008811"
"DE656PL",10,432446,327855,"E92000001","E19000001","E18000004","E10000007","E07000039","E05008818"
"DE656PN",10,429179,332321,"E92000001","E19000001","E18000004","E10000007","E07000039","E05008811"
"DE656PP",10,430561,328593,"E92000001","E19000001","E18000004","E10000007","E07000039","E05008822"
"DE656PQ",10,426490,331475,"E92000001","E19000001","E18000004","E10000007","E07000039","E05008811"
"DE656PR",10,429933,330975,"E92000001","E19000001","E18000004","E10000007","E07000039","E05008811"
"DE656PT",10,430518,328433,"E92000001","E19000001","E18000004","E10000007","E07000039","E05008822"
"DE656PU",10,427038,331947,"E92000001","E19000001","E18000004","E10000007","E07000039","E05008811"
"DE656PW",10,426483,331643,"E92000001","E19000001","E18000004","E10000007","E07000039","E05008811"
"DE656PX",10,427358,330782,"E92000001","E19000001","E18000004","E10000007","E07000039","E05008811"
"DE656PY",10,430405,330254,"E92000001","E19000001","E18000004","E10000007","E07000039","E05008822"
"DE656PZ",10,430775,326922,"E92000001","E19000001","E18000004","E10000007","E07000039","E05008818"
"DE656QA",10,430584,330349,"E92000001","E19000001","E18000004","E10000007","E07000039","E05008822"
"DE656QB",10,430519,330333,"E92000001","E19000001","E18000004","E10000007","E07000039","E05008822"
"DE656QD",10,430457,330369,"E92000001","E19000001","E18000004","E10000007","E07000039","E05008822"
"DE656QE",10,430437,330404,"E92000001","E19000001","E18000004","E10000007","E07000039","E05008822"
"DE656QF",10,430419,330470,"E92000001","E19000001","E18000004","E10000007","E07000039","E05008822"
"DE656QG",10,430490,330452,"E92000001","E19000001","E18000004","E10000007","E07000039","E05008822"
"DE656QH",10,427322,332121,"E92000001","E19000001","E18000004","E10000007","E07000039","E05008811"
"DE656QJ",10,430304,330503,"E92000001","E19000001","E18000004","E10000007","E07000039","E05008822"
"DE656QL",10,430794,330960,"E92000001","E19000001","E18000004","E10000007","E07000039","E05008822"
"DE656QN",10,430782,330927,"E92000001","E19000001","E18000004","E10000007","E07000039","E05008822"
"DE656QP",10,431431,324409,"E92000001","E19000001","E18000004","E10000007","E07000039","E05008818"
"DE656QQ",10,430552,330373,"E92000001","E19000001","E18000004","E10000007","E07000039","E05008822"
"DE656QR",10,430684,330948,"E92000001","E19000001","E18000004","E10000007","E07000039","E05008822"
"DE656QS",10,426594,329506,"E92000001","E19000001","E18000004","E10000007","E07000039","E05008811"
"DE656QT",10,429314,328211,"E92000001","E19000001","E18000004","E10000007","E07000039","E05008822"
"DE656QU",10,429286,328206,"E92000001","E19000001","E18000004","E10000007","E07000039","E05008822"
"DE656QW",10,430847,330888,"E92000001","E19000001","E18000004","E10000007","E07000039","E05008822"
"DE656QX",10,429265,328234,"E92000001","E19000001","E18000004","E10000007","E07000039","E05008822"
"DE656QY",10,431139,326831,"E92000001","E19000001","E18000004","E10000007","E07000039","E05008818"
"DE656QZ",50,431139,326831,"E92000001","E19000001","E18000004","E10000007","E07000039","E05008818"
"DE656RA",10,431138,326801,"E92000001","E19000001","E18000004","E10000007","E07000039","E05008818"
"DE656RB",50,431138,326801,"E92000001","E19000001","E18000004","E10000007","E07000039","E05008818"
"DE656RD",50,431138,326801,"E92000001","E19000001","E18000004","E10000007","E07000039","E05008818"
"DE656RE",50,428800,332473,"E92000001","E19000001","E18000004","E10000007","E07000039","E05008811"
"DE656RF",50,428800,332473,"E92000001","E19000001","E18000004","E10000007","E07000039","E05008811"
"DE656RG",10,428799,332473,"E92000001","E19000001","E18000004","E10000007","E07000039","E05008811"
"DE656RH",50,428799,332473,"E92000001","E19000001","E18000004","E10000007","E07000039","E05008811"
"DE656RJ",50,428800,332473,"E92000001","E19000001","E18000004","E10000007","E07000039","E05008811"
"DE656SA",10,430845,326521,"E92000001","E19000001","E18000004","E10000007","E07000039","E05008818"
"DE656SB",10,430804,326393,"E92000001","E19000001","E18000004","E10000007","E07000039","E05008818"
"DE656SE",10,430356,327117,"E92000001","E19000001","E18000004","E10000007","E07000039","E05008818"
"DE656SH",10,430467,326914,"E92000001","E19000001","E18000004","E10000007","E07000039","E05008818"
"DE656SQ",10,430801,326451,"E92000001","E19000001","E18000004","E10000007","E07000039","E05008818"
"DE656TB",10,429487,328288,"E92000001","E19000001","E18000004","E10000007","E07000039","E05008822"
"DE656WA",10,431988,326564,"E92000001","E19000001","E18000004","E10000007","E07000039","E05008818"
"DE656WR",10,430746,326538,"E92000001","E19000001","E18000004","E10000007","E07000039","E05008818"
"DE656WS",10,430659,326632,"E92000001","E19000001","E18000004","E10000007","E07000039","E05008818"
"DE656WT",10,431009,326740,"E92000001","E19000001","E18000004","E10000007","E07000039","E05008818"
"DE656WY",10,421407,329772,"E92000001","E19000001","E18000004","E10000007","E07000039","E05008812"
"DE656YA",10,430294,328575,"E92000001","E19000001","E18000004","E10000007","E07000039","E05008822"
"DE656YB",10,429365,328246,"E92000001","E19000001","E18000004","E10000007","E07000039","E05008822"
"DE656YD",10,429350,328335,"E92000001","E19000001","E18000004","E10000007","E07000039","E05008822"
"DE656YQ",10,421407,329772,"E92000001","E19000001","E18000004","E10000007","E07000039","E05008812"
"DE656ZU",10,421407,329772,"E92000001","E19000001","E18000004","E10000007","E07000039","E05008812"
"DE659AB",10,421407,329772,"E92000001","E19000001","E18000004","E10000007","E07000039","E05008812"
"DE659AL",10,421407,329772,"E92000001","E19000001","E18000004","E10000007","E07000039","E05008812"
"DE659AT",10,421407,329772,"E92000001","E19000001","E18000004","E10000007","E07000039","E05008812"
"DE659BN",10,421407,329772,"E92000001","E19000001","E18000004","E10000007","E07000039","E05008812"
"DE659BR",10,421407,329772,"E92000001","E19000001","E18000004","E10000007","E07000039","E05008812"
"DE659DJ",10,421407,329772,"E92000001","E19000001","E18000004","E10000007","E07000039","E05008812"
"DE659DL",10,421407,329772,"E92000001","E19000001","E18000004","E10000007","E07000039","E05008812"
"DE659DN",10,421407,329772,"E92000001","E19000001","E18000004","E10000007","E07000039","E05008812"
"DE659DQ",10,421407,329772,"E92000001","E19000001","E18000004","E10000007","E07000039","E05008812"
"DE659DR",10,421407,329772,"E92000001","E19000001","E18000004","E10000007","E07000039","E05008812"
"DE659DS",10,421407,329772,"E92000001","E19000001","E18000004","E10000007","E07000039","E05008812"
"DE7 0AB",10,445905,342226,"E92000001","E19000001","E18000004","E10000007","E07000036","E05010614"
"DE7 0AR",10,445905,342226,"E92000001","E19000001","E18000004","E10000007","E07000036","E05010614"
"DE7 0AZ",10,445905,342226,"E92000001","E19000001","E18000004","E10000007","E07000036","E05010614"
"DE7 0BS",10,445905,342226,"E92000001","E19000001","E18000004","E10000007","E07000036","E05010614"
"DE7 0BT",10,445905,342226,"E92000001","E19000001","E18000004","E10000007","E07000036","E05010614"
"DE7 0BU",10,445905,342226,"E92000001","E19000001","E18000004","E10000007","E07000036","E05010614"
"DE7 0BW",10,445905,342226,"E92000001","E19000001","E18000004","E10000007","E07000036","E05010614"
"DE7 0DA",10,445905,342226,"E92000001","E19000001","E18000004","E10000007","E07000036","E05010614"
"DE7 0DN",10,445905,342226,"E92000001","E19000001","E18000004","E10000007","E07000036","E05010614"
"DE7 0DQ",10,445905,342226,"E92000001","E19000001","E18000004","E10000007","E07000036","E05010614"
"DE7 0DR",10,445905,342226,"E92000001","E19000001","E18000004","E10000007","E07000036","E05010614"
"DE7 0DS",10,445905,342226,"E92000001","E19000001","E18000004","E10000007","E07000036","E05010614"
"DE7 0EG",10,445905,342226,"E92000001","E19000001","E18000004","E10000007","E07000036","E05010614"
"DE7 0EQ",10,445905,342226,"E92000001","E19000001","E18000004","E10000007","E07000036","E05010614"
"DE7 0ER",10,445905,342226,"E92000001","E19000001","E18000004","E10000007","E07000036","E05010614"
"DE7 0EU",10,445905,342226,"E92000001","E19000001","E18000004","E10000007","E07000036","E05010614"
"DE7 0EY",10,445905,342226,"E92000001","E19000001","E18000004","E10000007","E07000036","E05010614"
"DE7 0FA",10,445905,342226,"E92000001","E19000001","E18000004","E10000007","E07000036","E05010614"
"DE7 0FD",10,445905,342226,"E92000001","E19000001","E18000004","E10000007","E07000036","E05010614"
"DE7 0FH",10,445905,342226,"E92000001","E19000001","E18000004","E10000007","E07000036","E05010614"
"DE7 0FJ",10,445905,342226,"E92000001","E19000001","E18000004","E10000007","E07000036","E05010614"
"DE7 0SA",10,446449,341714,"E92000001","E19000001","E18000004","E10000007","E07000036","E05010614"
"DE7 0SB",10,446449,341714,"E92000001","E19000001","E18000004","E10000007","E07000036","E05010614"
"DE7 0SD",10,446449,341714,"E92000001","E19000001","E18000004","E10000007","E07000036","E05010614"
"DE7 0SE",10,446449,341714,"E92000001","E19000001","E18000004","E10000007","E07000036","E05010614"
"DE7 0SF",10,446449,341714,"E92000001","E19000001","E18000004","E10000007","E07000036","E05010614"
"DE7 0SG",10,446449,341714,"E92000001","E19000001","E18000004","E10000007","E07000036","E05010614"
"DE7 0SH",10,446449,341714,"E92000001","E19000001","E18000004","E10000007","E07000036","E05010614"
"DE7 0SJ",10,446449,341714,"E92000001","E19000001","E18000004","E10000007","E07000036","E05010614"
"DE7 0SL",10,446449,341714,"E92000001","E19000001","E18000004","E10000007","E07000036","E05010614"
"DE7 0SN",10,446449,341714,"E92000001","E19000001","E18000004","E10000007","E07000036","E05010614"
"DE7 0SP",10,446449,341714,"E92000001","E19000001","E18000004","E10000007","E07000036","E05010614"
"DE7 0SQ",10,446449,341714,"E92000001","E19000001","E18000004","E10000007","E07000036","E05010614"
"DE7 0SR",10,446449,341714,"E92000001","E19000001","E18000004","E10000007","E07000036","E05010614"
"DE7 0SS",10,446449,341714,"E92000001","E19000001","E18000004","E10000007","E07000036","E05010614"
"DE7 0ST",10,446449,341714,"E92000001","E19000001","E18000004","E10000007","E07000036","E05010614"
"DE7 0SU",10,446449,341714,"E92000001","E19000001","E18000004","E10000007","E07000036","E05010614"
"DE7 0SW",10,446449,341714,"E92000001","E19000001","E18000004","E10000007","E07000036","E05010614"
"DE7 0SX",10,446449,341714,"E92000001","E19000001","E18000004","E10000007","E07000036","E05010614"
"DE7 0SY",10,446449,341714,"E92000001","E19000001","E18000004","E10000007","E07000036","E05010614"
"DE7 0SZ",10,446449,341714,"E92000001","E19000001","E18000004","E10000007","E07000036","E05010614"
"DE7 0TA",10,446449,341714,"E92000001","E19000001","E18000004","E10000007","E07000036","E05010614"
"DE7 0TB",10,446449,341714,"E92000001","E19000001","E18000004","E10000007","E07000036","E05010614"
"DE7 0TD",10,446449,341714,"E92000001","E19000001","E18000004","E10000007","E07000036","E05010614"
"DE7 0TE",10,446449,341714,"E92000001","E19000001","E18000004","E10000007","E07000036","E05010614"
"DE7 0TF",10,446449,341714,"E92000001","E19000001","E18000004","E10000007","E07000036","E05010614"
"DE7 0TG",10,446449,341714,"E92000001","E19000001","E18000004","E10000007","E07000036","E05010614"
"DE7 0ZY",10,446449,341714,"E92000001","E19000001","E18000004","E10000007","E07000036","E05010614"
"DE7 0ZZ",50,446449,341714,"E92000001","E19000001","E18000004","E10000007","E07000036","E05010614"
"DE7 4AA",10,446838,340552,"E92000001","E19000001","E18000004","E10000007","E07000036","E05010610"
"DE7 4AB",10,447244,340600,"E92000001","E19000001","E18000004","E10000007","E07000036","E05010610"
"DE7 4AD",10,446736,340574,"E92000001","E19000001","E18000004","E10000007","E07000036","E05010610"
"DE7 4AE",10,446963,340628,"E92000001","E19000001","E18000004","E10000007","E07000036","E05010610"
"DE7 4AF",10,447075,340619,"E92000001","E19000001","E18000004","E10000007","E07000036","E05010610"
"DE7 4AG",10,447244,340645,"E92000001","E19000001","E18000004","E10000007","E07000036","E05010610"
"DE7 4AH",10,447240,340675,"E92000001","E19000001","E18000004","E10000007","E07000036","E05010610"
"DE7 4AJ",10,447235,340707,"E92000001","E19000001","E18000004","E10000007","E07000036","E05010610"
"DE7 4AL",10,447298,340678,"E92000001","E19000001","E18000004","E10000007","E07000036","E05010610"
"DE7 4AN",10,447339,340657,"E92000001","E19000001","E18000004","E10000007","E07000036","E05010610"
"DE7 4AP",10,447390,340595,"E92000001","E19000001","E18000004","E10000007","E07000036","E05010610"
"DE7 4AQ",10,447436,340486,"E92000001","E19000001","E18000004","E10000007","E07000036","E05010610"
"DE7 4AR",10,447437,340401,"E92000001","E19000001","E18000004","E10000007","E07000036","E05010610"
"DE7 4AS",10,447395,340342,"E92000001","E19000001","E18000004","E10000007","E07000036","E05010610"
"DE7 4AT",10,447432,340383,"E92000001","E19000001","E18000004","E10000007","E07000036","E05010610"
"DE7 4AU",10,447439,340325,"E92000001","E19000001","E18000004","E10000007","E07000036","E05010610"
"DE7 4AW",10,447435,340264,"E92000001","E19000001","E18000004","E10000007","E07000036","E05010610"
"DE7 4AX",10,447324,340184,"E92000001","E19000001","E18000004","E10000007","E07000036","E05010610"
"DE7 4AY",10,447346,340085,"E92000001","E19000001","E18000004","E10000007","E07000036","E05010610"
"DE7 4AZ",10,447539,339734,"E92000001","E19000001","E18000004","E10000007","E07000036","E05010610"
"DE7 4BA",10,447260,339802,"E92000001","E19000001","E18000004","E10000007","E07000036","E05010610"
"DE7 4BB",10,447173,339644,"E92000001","E19000001","E18000004","E10000007","E07000036","E05010610"
"DE7 4BD",10,447287,339781,"E92000001","E19000001","E18000004","E10000007","E07000036","E05010610"
"DE7 4BE",10,446744,340428,"E92000001","E19000001","E18000004","E10000007","E07000036","E05010610"
"DE7 4BG",10,447631,339543,"E92000001","E19000001","E18000004","E10000007","E07000036","E05010610"
"DE7 4BH",10,446656,340462,"E92000001","E19000001","E18000004","E10000007","E07000036","E05010610"
"DE7 4BN",10,447415,340198,"E92000001","E19000001","E18000004","E10000007","E07000036","E05010610"
"DE7 4BR",10,447705,339746,"E92000001","E19000001","E18000004","E10000007","E07000036","E05010610"
"DE7 4BT",10,447384,339804,"E92000001","E19000001","E18000004","E10000007","E07000036","E05010610"
"DE7 4BU",10,447483,340454,"E92000001","E19000001","E18000004","E10000007","E07000036","E05010610"
"DE7 4BW",10,446859,340464,"E92000001","E19000001","E18000004","E10000007","E07000036","E05010610"
"DE7 4BX",10,447421,340097,"E92000001","E19000001","E18000004","E10000007","E07000036","E05010610"
"DE7 4BY",10,447472,340526,"E92000001","E19000001","E18000004","E10000007","E07000036","E05010610"
"DE7 4BZ",10,447579,339580,"E92000001","E19000001","E18000004","E10000007","E07000036","E05010610"
"DE7 4DA",10,446599,340281,"E92000001","E19000001","E18000004","E10000007","E07000036","E05010610"
"DE7 4DB",10,446787,340222,"E92000001","E19000001","E18000004","E10000007","E07000036","E05010610"
"DE7 4DD",10,446773,340278,"E92000001","E19000001","E18000004","E10000007","E07000036","E05010610"
"DE7 4DE",10,446785,340351,"E92000001","E19000001","E18000004","E10000007","E07000036","E05010610"
"DE7 4DF",10,446929,340402,"E92000001","E19000001","E18000004","E10000007","E07000036","E05010610"
"DE7 4DG",10,447001,340378,"E92000001","E19000001","E18000004","E10000007","E07000036","E05010610"
"DE7 4DH",10,447052,340423,"E92000001","E19000001","E18000004","E10000007","E07000036","E05010610"
"DE7 4DJ",10,447061,340301,"E92000001","E19000001","E18000004","E10000007","E07000036","E05010610"
"DE7 4DL",10,447152,340529,"E92000001","E19000001","E18000004","E10000007","E07000036","E05010610"
"DE7 4DN",10,447241,340370,"E92000001","E19000001","E18000004","E10000007","E07000036","E05010610"
"DE7 4DP",10,447283,340218,"E92000001","E19000001","E18000004","E10000007","E07000036","E05010610"
"DE7 4DQ",10,447206,340365,"E92000001","E19000001","E18000004","E10000007","E07000036","E05010610"
"DE7 4DR",10,447207,340279,"E92000001","E19000001","E18000004","E10000007","E07000036","E05010610"
"DE7 4DS",10,447082,340257,"E92000001","E19000001","E18000004","E10000007","E07000036","E05010610"
"DE7 4DT",10,447138,340319,"E92000001","E19000001","E18000004","E10000007","E07000036","E05010610"
"DE7 4DU",10,447114,340256,"E92000001","E19000001","E18000004","E10000007","E07000036","E05010610"
"DE7 4DW",10,447165,340164,"E92000001","E19000001","E18000004","E10000007","E07000036","E05010610"
"DE7 4DX",10,447153,340070,"E92000001","E19000001","E18000004","E10000007","E07000036","E05010610"
"DE7 4DY",10,447270,340075,"E92000001","E19000001","E18000004","E10000007","E07000036","E05010610"
"DE7 4EA",10,447361,340156,"E92000001","E19000001","E18000004","E10000007","E07000036","E05010610"
"DE7 4EB",10,447402,340148,"E92000001","E19000001","E18000004","E10000007","E07000036","E05010610"
"DE7 4ED",10,446150,340351,"E92000001","E19000001","E18000004","E10000007","E07000036","E05010611"
"DE7 4EE",10,446195,340296,"E92000001","E19000001","E18000004","E10000007","E07000036","E05010611"
"DE7 4EF",10,446048,340177,"E92000001","E19000001","E18000004","E10000007","E07000036","E05010611"
"DE7 4EG",10,446059,340288,"E92000001","E19000001","E18000004","E10000007","E07000036","E05010611"
"DE7 4EH",10,445874,340082,"E92000001","E19000001","E18000004","E10000007","E07000036","E05010611"
"DE7 4EJ",10,445847,340017,"E92000001","E19000001","E18000004","E10000007","E07000036","E05010611"
"DE7 4EL",10,445703,340051,"E92000001","E19000001","E18000004","E10000007","E07000036","E05010611"
"DE7 4EN",10,445533,339983,"E92000001","E19000001","E18000004","E10000007","E07000036","E05010611"
"DE7 4EP",10,445561,339939,"E92000001","E19000001","E18000004","E10000007","E07000036","E05010611"
"DE7 4EQ",10,445374,339950,"E92000001","E19000001","E18000004","E10000007","E07000036","E05010611"
"DE7 4ER",10,445201,340081,"E92000001","E19000001","E18000004","E10000007","E07000036","E05010611"
"DE7 4ES",10,445126,340252,"E92000001","E19000001","E18000004","E10000007","E07000036","E05010611"
"DE7 4ET",10,445197,340150,"E92000001","E19000001","E18000004","E10000007","E07000036","E05010611"
"DE7 4EU",10,445315,340041,"E92000001","E19000001","E18000004","E10000007","E07000036","E05010611"
"DE7 4EW",10,445428,340168,"E92000001","E19000001","E18000004","E10000007","E07000036","E05010611"
"DE7 4EX",10,445481,340141,"E92000001","E19000001","E18000004","E10000007","E07000036","E05010611"
"DE7 4EY",10,445414,340088,"E92000001","E19000001","E18000004","E10000007","E07000036","E05010611"
"DE7 4EZ",10,445521,340033,"E92000001","E19000001","E18000004","E10000007","E07000036","E05010611"
"DE7 4FB",10,445481,340066,"E92000001","E19000001","E18000004","E10000007","E07000036","E05010611"
"DE7 4FD",10,445493,340107,"E92000001","E19000001","E18000004","E10000007","E07000036","E05010611"
"DE7 4FE",10,445578,340127,"E92000001","E19000001","E18000004","E10000007","E07000036","E05010611"
"DE7 4FF",10,445625,340145,"E92000001","E19000001","E18000004","E10000007","E07000036","E05010611"
"DE7 4FG",10,445723,340166,"E92000001","E19000001","E18000004","E10000007","E07000036","E05010611"
"DE7 4FH",10,445867,340271,"E92000001","E19000001","E18000004","E10000007","E07000036","E05010611"
"DE7 4FJ",10,445907,340365,"E92000001","E19000001","E18000004","E10000007","E07000036","E05010611"
"DE7 4FL",10,445938,340257,"E92000001","E19000001","E18000004","E10000007","E07000036","E05010611"
"DE7 4FN",10,445848,340221,"E92000001","E19000001","E18000004","E10000007","E07000036","E05010611"
"DE7 4FP",10,445791,340192,"E92000001","E19000001","E18000004","E10000007","E07000036","E05010611"
"DE7 4FQ",10,445876,340181,"E92000001","E19000001","E18000004","E10000007","E07000036","E05010611"
"DE7 4FR",10,445860,340130,"E92000001","E19000001","E18000004","E10000007","E07000036","E05010611"
"DE7 4FS",10,446021,340293,"E92000001","E19000001","E18000004","E10000007","E07000036","E05010611"
"DE7 4FT",10,447383,340008,"E92000001","E19000001","E18000004","E10000007","E07000036","E05010610"
"DE7 4FW",10,447369,339947,"E92000001","E19000001","E18000004","E10000007","E07000036","E05010610"
"DE7 4FX",10,447358,339953,"E92000001","E19000001","E18000004","E10000007","E07000036","E05010610"
"DE7 4FY",10,447346,339959,"E92000001","E19000001","E18000004","E10000007","E07000036","E05010610"
"DE7 4FZ",10,447333,339969,"E92000001","E19000001","E18000004","E10000007","E07000036","E05010610"
"DE7 4GA",10,445092,340115,"E92000001","E19000001","E18000004","E10000007","E07000036","E05010611"
"DE7 4GB",10,445111,340101,"E92000001","E19000001","E18000004","E10000007","E07000036","E05010611"
"DE7 4GD",10,445042,340150,"E92000001","E19000001","E18000004","E10000007","E07000036","E05010611"
"DE7 4GE",10,445020,340196,"E92000001","E19000001","E18000004","E10000007","E07000036","E05010611"
"DE7 4GF",10,445081,340253,"E92000001","E19000001","E18000004","E10000007","E07000036","E05010611"
"DE7 4GG",10,445009,340241,"E92000001","E19000001","E18000004","E10000007","E07000036","E05010611"
"DE7 4GH",10,444912,340186,"E92000001","E19000001","E18000004","E10000007","E07000036","E05010611"
"DE7 4GJ",10,445016,340044,"E92000001","E19000001","E18000004","E10000007","E07000036","E05010611"
"DE7 4GL",10,445240,339784,"E92000001","E19000001","E18000004","E10000007","E07000036","E05010611"
"DE7 4GN",10,445570,339791,"E92000001","E19000001","E18000004","E10000007","E07000036","E05010611"
"DE7 4GP",10,445111,340031,"E92000001","E19000001","E18000004","E10000007","E07000036","E05010611"
"DE7 4GQ",10,445192,339973,"E92000001","E19000001","E18000004","E10000007","E07000036","E05010611"
"DE7 4GR",10,445209,340030,"E92000001","E19000001","E18000004","E10000007","E07000036","E05010611"
"DE7 4GS",10,445266,339813,"E92000001","E19000001","E18000004","E10000007","E07000036","E05010611"
"DE7 4GT",10,445466,339874,"E92000001","E19000001","E18000004","E10000007","E07000036","E05010611"
"DE7 4GU",10,445315,339935,"E92000001","E19000001","E18000004","E10000007","E07000036","E05010611"
"DE7 4GW",10,445640,339914,"E92000001","E19000001","E18000004","E10000007","E07000036","E05010611"
"DE7 4GX",10,445542,339906,"E92000001","E19000001","E18000004","E10000007","E07000036","E05010611"
"DE7 4GY",10,445710,339929,"E92000001","E19000001","E18000004","E10000007","E07000036","E05010611"
"DE7 4GZ",10,445894,339809,"E92000001","E19000001","E18000004","E10000007","E07000036","E05010611"
"DE7 4HA",10,445883,339995,"E92000001","E19000001","E18000004","E10000007","E07000036","E05010611"
"DE7 4HB",10,445974,339870,"E92000001","E19000001","E18000004","E10000007","E07000036","E05010611"
"DE7 4HD",10,446058,339909,"E92000001","E19000001","E18000004","E10000007","E07000036","E05010611"
"DE7 4HE",10,445997,339985,"E92000001","E19000001","E18000004","E10000007","E07000036","E05010611"
"DE7 4HF",10,445399,340681,"E92000001","E19000001","E18000004","E10000007","E07000036","E05010611"
"DE7 4HG",10,445374,340726,"E92000001","E19000001","E18000004","E10000007","E07000036","E05010611"
"DE7 4HH",10,445626,340939,"E92000001","E19000001","E18000004","E10000007","E07000036","E05010614"
"DE7 4HJ",10,446024,340539,"E92000001","E19000001","E18000004","E10000007","E07000036","E05010611"
"DE7 4HL",10,445962,340554,"E92000001","E19000001","E18000004","E10000007","E07000036","E05010611"
"DE7 4HN",10,445962,340673,"E92000001","E19000001","E18000004","E10000007","E07000036","E05010611"
"DE7 4HP",10,445809,340682,"E92000001","E19000001","E18000004","E10000007","E07000036","E05010611"
"DE7 4HQ",10,445586,340635,"E92000001","E19000001","E18000004","E10000007","E07000036","E05010611"
"DE7 4HR",10,445480,340642,"E92000001","E19000001","E18000004","E10000007","E07000036","E05010611"
"DE7 4HS",10,445712,340710,"E92000001","E19000001","E18000004","E10000007","E07000036","E05010611"
"DE7 4HT",10,445202,340604,"E92000001","E19000001","E18000004","E10000007","E07000036","E05010611"
"DE7 4HU",10,445189,340529,"E92000001","E19000001","E18000004","E10000007","E07000036","E05010611"
"DE7 4HW",10,445129,340419,"E92000001","E19000001","E18000004","E10000007","E07000036","E05010611"
"DE7 4HX",10,445220,340813,"E92000001","E19000001","E18000004","E10000007","E07000036","E05010611"
"DE7 4HY",10,445150,340828,"E92000001","E19000001","E18000004","E10000007","E07000036","E05010611"
"DE7 4HZ",10,445180,340648,"E92000001","E19000001","E18000004","E10000007","E07000036","E05010611"
"DE7 4JA",10,445174,340782,"E92000001","E19000001","E18000004","E10000007","E07000036","E05010611"
"DE7 4JB",10,445115,340814,"E92000001","E19000001","E18000004","E10000007","E07000036","E05010611"
"DE7 4JD",10,445080,340840,"E92000001","E19000001","E18000004","E10000007","E07000036","E05010611"
"DE7 4JE",10,445093,340723,"E92000001","E19000001","E18000004","E10000007","E07000036","E05010611"
"DE7 4JF",10,444983,340804,"E92000001","E19000001","E18000004","E10000007","E07000036","E05010611"
"DE7 4JG",10,445020,340629,"E92000001","E19000001","E18000004","E10000007","E07000036","E05010611"
"DE7 4JH",10,445063,340618,"E92000001","E19000001","E18000004","E10000007","E07000036","E05010611"
"DE7 4JJ",10,445079,340441,"E92000001","E19000001","E18000004","E10000007","E07000036","E05010611"
"DE7 4JL",10,444911,340524,"E92000001","E19000001","E18000004","E10000007","E07000036","E05010611"
"DE7 4JN",10,444888,340398,"E92000001","E19000001","E18000004","E10000007","E07000036","E05010611"
"DE7 4JP",10,444903,340327,"E92000001","E19000001","E18000004","E10000007","E07000036","E05010611"
"DE7 4JQ",10,444955,340469,"E92000001","E19000001","E18000004","E10000007","E07000036","E05010611"
"DE7 4JR",10,444992,340475,"E92000001","E19000001","E18000004","E10000007","E07000036","E05010611"
"DE7 4JS",10,445213,340465,"E92000001","E19000001","E18000004","E10000007","E07000036","E05010611"
"DE7 4JT",10,445297,340524,"E92000001","E19000001","E18000004","E10000007","E07000036","E05010611"
"DE7 4JU",10,445314,340463,"E92000001","E19000001","E18000004","E10000007","E07000036","E05010611"
"DE7 4JW",10,445317,340420,"E92000001","E19000001","E18000004","E10000007","E07000036","E05010611"
"DE7 4JX",10,445688,340613,"E92000001","E19000001","E18000004","E10000007","E07000036","E05010611"
"DE7 4JY",10,445706,340570,"E92000001","E19000001","E18000004","E10000007","E07000036","E05010611"
"DE7 4JZ",10,445376,340561,"E92000001","E19000001","E18000004","E10000007","E07000036","E05010611"
"DE7 4LA",10,445479,340562,"E92000001","E19000001","E18000004","E10000007","E07000036","E05010611"
"DE7 4LB",10,445436,340522,"E92000001","E19000001","E18000004","E10000007","E07000036","E05010611"
"DE7 4LD",10,446411,341037,"E92000001","E19000001","E18000004","E10000007","E07000036","E05010614"
"DE7 4LE",10,446313,341074,"E92000001","E19000001","E18000004","E10000007","E07000036","E05010614"
"DE7 4LF",10,446338,341058,"E92000001","E19000001","E18000004","E10000007","E07000036","E05010614"
"DE7 4LG",10,446405,340839,"E92000001","E19000001","E18000004","E10000007","E07000036","E05010614"
"DE7 4LH",10,446365,340740,"E92000001","E19000001","E18000004","E10000007","E07000036","E05010614"
"DE7 4LJ",10,446352,340939,"E92000001","E19000001","E18000004","E10000007","E07000036","E05010614"
"DE7 4LL",10,446497,340905,"E92000001","E19000001","E18000004","E10000007","E07000036","E05010614"
"DE7 4LN",10,446606,340703,"E92000001","E19000001","E18000004","E10000007","E07000036","E05010614"
"DE7 4LP",10,446544,340730,"E92000001","E19000001","E18000004","E10000007","E07000036","E05010614"
"DE7 4LQ",10,446509,340693,"E92000001","E19000001","E18000004","E10000007","E07000036","E05010614"
"DE7 4LR",10,446651,340674,"E92000001","E19000001","E18000004","E10000007","E07000036","E05010610"
"DE7 4LS",10,446748,340770,"E92000001","E19000001","E18000004","E10000007","E07000036","E05010612"
"DE7 4LT",10,446870,340811,"E92000001","E19000001","E18000004","E10000007","E07000036","E05010612"
"DE7 4LU",10,446833,340675,"E92000001","E19000001","E18000004","E10000007","E07000036","E05010610"
"DE7 4LW",10,446768,340654,"E92000001","E19000001","E18000004","E10000007","E07000036","E05010610"
"DE7 4LX",10,446701,340637,"E92000001","E19000001","E18000004","E10000007","E07000036","E05010610"
"DE7 4LY",10,446529,340501,"E92000001","E19000001","E18000004","E10000007","E07000036","E05010610"
"DE7 4LZ",10,446337,340642,"E92000001","E19000001","E18000004","E10000007","E07000036","E05010614"
"DE7 4NA",10,446449,341209,"E92000001","E19000001","E18000004","E10000007","E07000036","E05010614"
"DE7 4NB",10,446699,340833,"E92000001","E19000001","E18000004","E10000007","E07000036","E05010612"
"DE7 4ND",10,445782,340524,"E92000001","E19000001","E18000004","E10000007","E07000036","E05010611"
"DE7 4NE",10,446038,340415,"E92000001","E19000001","E18000004","E10000007","E07000036","E05010611"
"DE7 4NF",10,445921,340483,"E92000001","E19000001","E18000004","E10000007","E07000036","E05010611"
"DE7 4NG",10,445710,340483,"E92000001","E19000001","E18000004","E10000007","E07000036","E05010611"
"DE7 4NH",10,445635,340452,"E92000001","E19000001","E18000004","E10000007","E07000036","E05010611"
"DE7 4NJ",10,445183,340351,"E92000001","E19000001","E18000004","E10000007","E07000036","E05010611"
"DE7 4NL",10,445849,340392,"E92000001","E19000001","E18000004","E10000007","E07000036","E05010611"
"DE7 4NN",10,445798,340329,"E92000001","E19000001","E18000004","E10000007","E07000036","E05010611"
"DE7 4NP",10,445748,340413,"E92000001","E19000001","E18000004","E10000007","E07000036","E05010611"
"DE7 4NQ",10,445648,340390,"E92000001","E19000001","E18000004","E10000007","E07000036","E05010611"
"DE7 4NR",10,445605,340368,"E92000001","E19000001","E18000004","E10000007","E07000036","E05010611"
"DE7 4NS",10,445355,340322,"E92000001","E19000001","E18000004","E10000007","E07000036","E05010611"
"DE7 4NT",10,445373,340278,"E92000001","E19000001","E18000004","E10000007","E07000036","E05010611"
"DE7 4NU",10,445638,340317,"E92000001","E19000001","E18000004","E10000007","E07000036","E05010611"
"DE7 4NW",10,445390,340245,"E92000001","E19000001","E18000004","E10000007","E07000036","E05010611"
"DE7 4NX",10,445279,340168,"E92000001","E19000001","E18000004","E10000007","E07000036","E05010611"
"DE7 4NY",10,445385,340197,"E92000001","E19000001","E18000004","E10000007","E07000036","E05010611"
"DE7 4NZ",10,446248,340724,"E92000001","E19000001","E18000004","E10000007","E07000036","E05010614"
"DE7 4PA",10,446883,340074,"E92000001","E19000001","E18000004","E10000007","E07000036","E05010610"
"DE7 4PB",10,447010,340119,"E92000001","E19000001","E18000004","E10000007","E07000036","E05010610"
"DE7 4PD",10,446007,339448,"E92000001","E19000001","E18000004","E10000007","E07000036","E05010611"
"DE7 4PE",10,445611,338240,"E92000001","E19000001","E18000004","E10000007","E07000036","E05010611"
"DE7 4PF",10,444936,338801,"E92000001","E19000001","E18000004","E10000007","E07000036","E05010621"
"DE7 4PG",10,444878,338184,"E92000001","E19000001","E18000004","E10000007","E07000036","E05010611"
"DE7 4PH",10,444418,337993,"E92000001","E19000001","E18000004","E10000007","E07000036","E05010621"
"DE7 4PJ",10,444259,338629,"E92000001","E19000001","E18000004","E10000007","E07000036","E05010621"
"DE7 4PL",10,444259,338984,"E92000001","E19000001","E18000004","E10000007","E07000036","E05010621"
"DE7 4PN",10,443661,338758,"E92000001","E19000001","E18000004","E10000007","E07000036","E05010621"
"DE7 4PP",10,443659,338898,"E92000001","E19000001","E18000004","E10000007","E07000036","E05010621"
"DE7 4PQ",10,442539,338676,"E92000001","E19000001","E18000004","E10000007","E07000036","E05010621"
"DE7 4PR",10,442958,339541,"E92000001","E19000001","E18000004","E10000007","E07000036","E05010621"
"DE7 4PS",10,443875,339672,"E92000001","E19000001","E18000004","E10000007","E07000036","E05010621"
"DE7 4PT",10,444697,339719,"E92000001","E19000001","E18000004","E10000007","E07000036","E05010621"
"DE7 4PU",10,446957,340013,"E92000001","E19000001","E18000004","E10000007","E07000036","E05010610"
"DE7 4PW",10,447062,340022,"E92000001","E19000001","E18000004","E10000007","E07000036","E05010610"
"DE7 4PX",10,446912,339984,"E92000001","E19000001","E18000004","E10000007","E07000036","E05010610"
"DE7 4PY",10,447040,339959,"E92000001","E19000001","E18000004","E10000007","E07000036","E05010610"
"DE7 4PZ",10,447028,339819,"E92000001","E19000001","E18000004","E10000007","E07000036","E05010610"
"DE7 4QA",10,446524,338032,"E92000001","E19000001","E18000004","E10000007","E07000036","E05010611"
"DE7 4QB",10,446460,337988,"E92000001","E19000001","E18000004","E10000007","E07000036","E05010611"
"DE7 4QD",10,446424,338056,"E92000001","E19000001","E18000004","E10000007","E07000036","E05010611"
"DE7 4QE",10,446543,338128,"E92000001","E19000001","E18000004","E10000007","E07000036","E05010611"
"DE7 4QF",10,446300,337987,"E92000001","E19000001","E18000004","E10000007","E07000036","E05010611"
"DE7 4QG",10,446249,337937,"E92000001","E19000001","E18000004","E10000007","E07000036","E05010611"
"DE7 4QH",10,446562,337913,"E92000001","E19000001","E18000004","E10000007","E07000036","E05010611"
"DE7 4QJ",10,446660,337817,"E92000001","E19000001","E18000004","E10000007","E07000036","E05010611"
"DE7 4QL",10,446754,337842,"E92000001","E19000001","E18000004","E10000007","E07000036","E05010611"
"DE7 4QN",10,446738,337762,"E92000001","E19000001","E18000004","E10000007","E07000036","E05010611"
"DE7 4QP",10,446748,337945,"E92000001","E19000001","E18000004","E10000007","E07000036","E05010611"
"DE7 4QQ",10,446839,337906,"E92000001","E19000001","E18000004","E10000007","E07000036","E05010611"
"DE7 4QR",10,447729,338111,"E92000001","E19000001","E18000004","E10000007","E07000036","E05010611"
"DE7 4QS",10,448225,338196,"E92000001","E19000001","E18000004","E10000007","E07000036","E05010611"
"DE7 4QU",10,447508,338641,"E92000001","E19000001","E18000004","E10000007","E07000036","E05010611"
"DE7 4QW",10,446526,338932,"E92000001","E19000001","E18000004","E10000007","E07000036","E05010611"
"DE7 4QX",10,446463,339080,"E92000001","E19000001","E18000004","E10000007","E07000036","E05010611"
"DE7 4QY",10,447106,339952,"E92000001","E19000001","E18000004","E10000007","E07000036","E05010610"
"DE7 4QZ",10,447166,339979,"E92000001","E19000001","E18000004","E10000007","E07000036","E05010610"
"DE7 4RA",10,447035,339589,"E92000001","E19000001","E18000004","E10000007","E07000036","E05010610"
"DE7 4RB",10,446721,339973,"E92000001","E19000001","E18000004","E10000007","E07000036","E05010610"
"DE7 4RD",10,446811,339866,"E92000001","E19000001","E18000004","E10000007","E07000036","E05010610"
"DE7 4RE",10,446827,339645,"E92000001","E19000001","E18000004","E10000007","E07000036","E05010610"
"DE7 4RF",10,446922,339569,"E92000001","E19000001","E18000004","E10000007","E07000036","E05010610"
"DE7 4RG",10,447120,339460,"E92000001","E19000001","E18000004","E10000007","E07000036","E05010610"
"DE7 4RH",10,445444,340581,"E92000001","E19000001","E18000004","E10000007","E07000036","E05010611"
"DE7 4RJ",10,447768,338432,"E92000001","E19000001","E18000004","E10000007","E07000036","E05010611"
"DE7 4RL",10,447333,339985,"E92000001","E19000001","E18000004","E10000007","E07000036","E05010610"
"DE7 4RN",10,446779,340187,"E92000001","E19000001","E18000004","E10000007","E07000036","E05010610"
"DE7 4RP",10,445061,340863,"E92000001","E19000001","E18000004","E10000007","E07000036","E05010611"
"DE7 4RQ",10,443585,338808,"E92000001","E19000001","E18000004","E10000007","E07000036","E05010621"
"DE7 4RR",10,443560,338702,"E92000001","E19000001","E18000004","E10000007","E07000036","E05010621"
"DE7 4RS",10,443601,338878,"E92000001","E19000001","E18000004","E10000007","E07000036","E05010621"
"DE7 4SA",10,447120,339779,"E92000001","E19000001","E18000004","E10000007","E07000036","E05010610"
"DE7 4SB",10,447069,339766,"E92000001","E19000001","E18000004","E10000007","E07000036","E05010610"
"DE7 4ZD",10,445905,342226,"E92000001","E19000001","E18000004","E10000007","E07000036","E05010614"
"DE7 4ZS",10,445905,342226,"E92000001","E19000001","E18000004","E10000007","E07000036","E05010614"
"DE7 5AA",10,447087,342309,"E92000001","E19000001","E18000004","E10000007","E07000036","E05010612"
"DE7 5AB",10,447105,340970,"E92000001","E19000001","E18000004","E10000007","E07000036","E05010612"
"DE7 5AD",10,447224,340997,"E92000001","E19000001","E18000004","E10000007","E07000036","E05010612"
"DE7 5AE",10,447195,340975,"E92000001","E19000001","E18000004","E10000007","E07000036","E05010612"
"DE7 5AF",10,447721,340798,"E92000001","E19000001","E18000004","E10000007","E07000036","E05010612"
"DE7 5AG",10,447416,340898,"E92000001","E19000001","E18000004","E10000007","E07000036","E05010612"
"DE7 5AH",10,447251,340933,"E92000001","E19000001","E18000004","E10000007","E07000036","E05010612"
"DE7 5AJ",10,447217,340794,"E92000001","E19000001","E18000004","E10000007","E07000036","E05010612"
"DE7 5AL",10,447104,340889,"E92000001","E19000001","E18000004","E10000007","E07000036","E05010612"
"DE7 5AN",10,447013,340772,"E92000001","E19000001","E18000004","E10000007","E07000036","E05010610"
"DE7 5AP",10,447002,340705,"E92000001","E19000001","E18000004","E10000007","E07000036","E05010610"
"DE7 5AQ",10,447102,340743,"E92000001","E19000001","E18000004","E10000007","E07000036","E05010610"
"DE7 5AR",10,447044,340673,"E92000001","E19000001","E18000004","E10000007","E07000036","E05010610"
"DE7 5AS",10,447195,340720,"E92000001","E19000001","E18000004","E10000007","E07000036","E05010610"
"DE7 5AT",10,447211,340761,"E92000001","E19000001","E18000004","E10000007","E07000036","E05010610"
"DE7 5AU",10,447296,340831,"E92000001","E19000001","E18000004","E10000007","E07000036","E05010612"
"DE7 5AW",10,447540,340822,"E92000001","E19000001","E18000004","E10000007","E07000036","E05010612"
"DE7 5AX",10,447524,340790,"E92000001","E19000001","E18000004","E10000007","E07000036","E05010612"
"DE7 5AY",10,447422,340767,"E92000001","E19000001","E18000004","E10000007","E07000036","E05010612"
"DE7 5AZ",10,447351,340752,"E92000001","E19000001","E18000004","E10000007","E07000036","E05010612"
"DE7 5BA",10,447284,340796,"E92000001","E19000001","E18000004","E10000007","E07000036","E05010612"
"DE7 5BB",10,447392,340660,"E92000001","E19000001","E18000004","E10000007","E07000036","E05010610"
"DE7 5BD",10,447382,340706,"E92000001","E19000001","E18000004","E10000007","E07000036","E05010612"
"DE7 5BE",10,447486,340658,"E92000001","E19000001","E18000004","E10000007","E07000036","E05010612"
"DE7 5BF",10,447104,341216,"E92000001","E19000001","E18000004","E10000007","E07000036","E05010612"
"DE7 5BG",10,447569,340701,"E92000001","E19000001","E18000004","E10000007","E07000036","E05010612"
"DE7 5BH",10,447513,340746,"E92000001","E19000001","E18000004","E10000007","E07000036","E05010612"
"DE7 5BJ",10,447590,340681,"E92000001","E19000001","E18000004","E10000007","E07000036","E05010612"
"DE7 5BL",10,447677,340713,"E92000001","E19000001","E18000004","E10000007","E07000036","E05010612"
"DE7 5BN",10,447549,340597,"E92000001","E19000001","E18000004","E10000007","E07000036","E05010612"
"DE7 5BP",10,447603,340531,"E92000001","E19000001","E18000004","E10000007","E07000036","E05010610"
"DE7 5BQ",10,446670,341403,"E92000001","E19000001","E18000004","E10000007","E07000036","E05010612"
"DE7 5BS",10,446729,341471,"E92000001","E19000001","E18000004","E10000007","E07000036","E05010612"
"DE7 5BU",10,446696,341490,"E92000001","E19000001","E18000004","E10000007","E07000036","E05010612"
"DE7 5BW",10,446698,341622,"E92000001","E19000001","E18000004","E10000007","E07000036","E05010612"
"DE7 5BX",10,447761,341117,"E92000001","E19000001","E18000004","E10000007","E07000036","E05010612"
"DE7 5BY",10,447062,341238,"E92000001","E19000001","E18000004","E10000007","E07000036","E05010612"
"DE7 5BZ",10,447082,341333,"E92000001","E19000001","E18000004","E10000007","E07000036","E05010612"
"DE7 5DA",10,446798,341446,"E92000001","E19000001","E18000004","E10000007","E07000036","E05010612"
"DE7 5DB",10,446795,341573,"E92000001","E19000001","E18000004","E10000007","E07000036","E05010612"
"DE7 5DD",10,446861,341590,"E92000001","E19000001","E18000004","E10000007","E07000036","E05010612"
"DE7 5DE",10,446798,341706,"E92000001","E19000001","E18000004","E10000007","E07000036","E05010612"
"DE7 5DF",10,446947,341490,"E92000001","E19000001","E18000004","E10000007","E07000036","E05010612"
"DE7 5DG",10,446898,341397,"E92000001","E19000001","E18000004","E10000007","E07000036","E05010612"
"DE7 5DH",10,446993,341570,"E92000001","E19000001","E18000004","E10000007","E07000036","E05010612"
"DE7 5DJ",10,447053,341596,"E92000001","E19000001","E18000004","E10000007","E07000036","E05010612"
"DE7 5DL",10,447084,341558,"E92000001","E19000001","E18000004","E10000007","E07000036","E05010612"
"DE7 5DN",10,447039,341432,"E92000001","E19000001","E18000004","E10000007","E07000036","E05010612"
"DE7 5DP",10,447126,341508,"E92000001","E19000001","E18000004","E10000007","E07000036","E05010612"
"DE7 5DQ",10,447238,341537,"E92000001","E19000001","E18000004","E10000007","E07000036","E05010612"
"DE7 5DR",10,447270,341502,"E92000001","E19000001","E18000004","E10000007","E07000036","E05010612"
"DE7 5DS",10,447323,341461,"E92000001","E19000001","E18000004","E10000007","E07000036","E05010612"
"DE7 5DT",10,447437,341470,"E92000001","E19000001","E18000004","E10000007","E07000036","E05010612"
"DE7 5DU",10,447442,341408,"E92000001","E19000001","E18000004","E10000007","E07000036","E05010612"
"DE7 5DW",10,447541,341240,"E92000001","E19000001","E18000004","E10000007","E07000036","E05010612"
"DE7 5DX",10,447504,341320,"E92000001","E19000001","E18000004","E10000007","E07000036","E05010612"
"DE7 5DY",10,447618,341431,"E92000001","E19000001","E18000004","E10000007","E07000036","E05010612"
"DE7 5DZ",10,447523,341437,"E92000001","E19000001","E18000004","E10000007","E07000036","E05010612"
"DE7 5EA",10,447624,341530,"E92000001","E19000001","E18000004","E10000007","E07000036","E05010612"
"DE7 5EB",10,447502,341506,"E92000001","E19000001","E18000004","E10000007","E07000036","E05010612"
"DE7 5ED",10,447520,341551,"E92000001","E19000001","E18000004","E10000007","E07000036","E05010612"
"DE7 5EE",10,447570,341742,"E92000001","E19000001","E18000004","E10000007","E07000036","E05010612"
"DE7 5EF",10,447552,341560,"E92000001","E19000001","E18000004","E10000007","E07000036","E05010612"
"DE7 5EG",10,447435,341524,"E92000001","E19000001","E18000004","E10000007","E07000036","E05010612"
"DE7 5EH",10,447384,341654,"E92000001","E19000001","E18000004","E10000007","E07000036","E05010612"
"DE7 5EJ",10,447251,341602,"E92000001","E19000001","E18000004","E10000007","E07000036","E05010612"
"DE7 5EL",10,447225,341671,"E92000001","E19000001","E18000004","E10000007","E07000036","E05010612"
"DE7 5EN",10,447427,341696,"E92000001","E19000001","E18000004","E10000007","E07000036","E05010612"
"DE7 5EP",10,447786,340934,"E92000001","E19000001","E18000004","E10000007","E07000036","E05010612"
"DE7 5EQ",10,447558,340497,"E92000001","E19000001","E18000004","E10000007","E07000036","E05010610"
"DE7 5ER",10,447669,341464,"E92000001","E19000001","E18000004","E10000007","E07000036","E05010612"
"DE7 5ES",10,447616,341333,"E92000001","E19000001","E18000004","E10000007","E07000036","E05010612"
"DE7 5ET",10,447286,341875,"E92000001","E19000001","E18000004","E10000007","E07000036","E05010612"
"DE7 5EU",10,447316,341877,"E92000001","E19000001","E18000004","E10000007","E07000036","E05010612"
"DE7 5EW",10,447361,341832,"E92000001","E19000001","E18000004","E10000007","E07000036","E05010612"
"DE7 5EX",10,447301,341738,"E92000001","E19000001","E18000004","E10000007","E07000036","E05010612"
"DE7 5EY",10,447344,341682,"E92000001","E19000001","E18000004","E10000007","E07000036","E05010612"
"DE7 5EZ",10,446324,341358,"E92000001","E19000001","E18000004","E10000007","E07000036","E05010614"
"DE7 5FA",10,445801,341387,"E92000001","E19000001","E18000004","E10000007","E07000036","E05010614"
"DE7 5FB",10,445756,341291,"E92000001","E19000001","E18000004","E10000007","E07000036","E05010614"
"DE7 5FD",10,445541,341328,"E92000001","E19000001","E18000004","E10000007","E07000036","E05010614"
"DE7 5FF",10,445707,341215,"E92000001","E19000001","E18000004","E10000007","E07000036","E05010614"
"DE7 5FG",10,445506,341161,"E92000001","E19000001","E18000004","E10000007","E07000036","E05010614"
"DE7 5FH",10,446368,341279,"E92000001","E19000001","E18000004","E10000007","E07000036","E05010614"
"DE7 5FJ",10,446507,341237,"E92000001","E19000001","E18000004","E10000007","E07000036","E05010614"
"DE7 5FL",10,446490,341157,"E92000001","E19000001","E18000004","E10000007","E07000036","E05010614"
"DE7 5FP",10,446572,341130,"E92000001","E19000001","E18000004","E10000007","E07000036","E05010614"
"DE7 5FQ",10,446606,341209,"E92000001","E19000001","E18000004","E10000007","E07000036","E05010614"
"DE7 5FR",10,446584,341195,"E92000001","E19000001","E18000004","E10000007","E07000036","E05010614"
"DE7 5FS",10,446574,341240,"E92000001","E19000001","E18000004","E10000007","E07000036","E05010614"
"DE7 5FT",10,446568,341265,"E92000001","E19000001","E18000004","E10000007","E07000036","E05010614"
"DE7 5FW",10,446649,341075,"E92000001","E19000001","E18000004","E10000007","E07000036","E05010612"
"DE7 5FX",10,446553,341079,"E92000001","E19000001","E18000004","E10000007","E07000036","E05010614"
"DE7 5FY",10,446577,340937,"E92000001","E19000001","E18000004","E10000007","E07000036","E05010614"
"DE7 5FZ",10,446516,340952,"E92000001","E19000001","E18000004","E10000007","E07000036","E05010614"
"DE7 5GA",10,446064,341374,"E92000001","E19000001","E18000004","E10000007","E07000036","E05010614"
"DE7 5GB",10,446589,341570,"E92000001","E19000001","E18000004","E10000007","E07000036","E05010614"
"DE7 5GD",10,446471,341343,"E92000001","E19000001","E18000004","E10000007","E07000036","E05010614"
"DE7 5GE",10,446390,341482,"E92000001","E19000001","E18000004","E10000007","E07000036","E05010614"
"DE7 5GF",10,446320,341705,"E92000001","E19000001","E18000004","E10000007","E07000036","E05010614"
"DE7 5GG",10,446142,341761,"E92000001","E19000001","E18000004","E10000007","E07000036","E05010614"
"DE7 5GH",10,445818,341668,"E92000001","E19000001","E18000004","E10000007","E07000036","E05010614"
"DE7 5GJ",10,445875,341775,"E92000001","E19000001","E18000004","E10000007","E07000036","E05010614"
"DE7 5GL",10,446176,341545,"E92000001","E19000001","E18000004","E10000007","E07000036","E05010614"
"DE7 5GN",10,446280,341455,"E92000001","E19000001","E18000004","E10000007","E07000036","E05010614"
"DE7 5GP",10,446335,341414,"E92000001","E19000001","E18000004","E10000007","E07000036","E05010614"
"DE7 5GQ",10,446382,341424,"E92000001","E19000001","E18000004","E10000007","E07000036","E05010614"
"DE7 5GR",10,446281,341535,"E92000001","E19000001","E18000004","E10000007","E07000036","E05010614"
"DE7 5GS",10,446453,341425,"E92000001","E19000001","E18000004","E10000007","E07000036","E05010614"
"DE7 5GT",10,446457,341569,"E92000001","E19000001","E18000004","E10000007","E07000036","E05010614"
"DE7 5GU",10,446378,341581,"E92000001","E19000001","E18000004","E10000007","E07000036","E05010614"
"DE7 5GW",10,446270,341622,"E92000001","E19000001","E18000004","E10000007","E07000036","E05010614"
"DE7 5GX",10,446187,341646,"E92000001","E19000001","E18000004","E10000007","E07000036","E05010614"
"DE7 5GY",10,446144,341879,"E92000001","E19000001","E18000004","E10000007","E07000036","E05010614"
"DE7 5GZ",10,446058,341909,"E92000001","E19000001","E18000004","E10000007","E07000036","E05010614"
"DE7 5HA",10,446093,342028,"E92000001","E19000001","E18000004","E10000007","E07000036","E05010614"
"DE7 5HB",10,446036,342190,"E92000001","E19000001","E18000004","E10000007","E07000036","E05010614"
"DE7 5HD",10,446249,342071,"E92000001","E19000001","E18000004","E10000007","E07000036","E05010614"
"DE7 5HE",10,446222,341903,"E92000001","E19000001","E18000004","E10000007","E07000036","E05010614"
"DE7 5HF",10,446289,341951,"E92000001","E19000001","E18000004","E10000007","E07000036","E05010614"
"DE7 5HG",10,446288,341864,"E92000001","E19000001","E18000004","E10000007","E07000036","E05010614"
"DE7 5HH",10,446195,341829,"E92000001","E19000001","E18000004","E10000007","E07000036","E05010614"
"DE7 5HN",10,445966,342024,"E92000001","E19000001","E18000004","E10000007","E07000036","E05010614"
"DE7 5HR",10,445854,341997,"E92000001","E19000001","E18000004","E10000007","E07000036","E05010614"
"DE7 5HS",10,446044,341827,"E92000001","E19000001","E18000004","E10000007","E07000036","E05010614"
"DE7 5HT",10,447190,341831,"E92000001","E19000001","E18000004","E10000007","E07000036","E05010612"
"DE7 5HU",10,447181,342004,"E92000001","E19000001","E18000004","E10000007","E07000036","E05010612"
"DE7 5HX",10,447226,342230,"E92000001","E19000001","E18000004","E10000007","E07000036","E05010612"
"DE7 5HY",10,446555,341714,"E92000001","E19000001","E18000004","E10000007","E07000036","E05010614"
"DE7 5JA",10,446626,341803,"E92000001","E19000001","E18000004","E10000007","E07000036","E05010614"
"DE7 5JB",10,446641,341863,"E92000001","E19000001","E18000004","E10000007","E07000036","E05010614"
"DE7 5JD",10,446668,342042,"E92000001","E19000001","E18000004","E10000007","E07000036","E05010614"
"DE7 5JG",10,446759,342108,"E92000001","E19000001","E18000004","E10000007","E07000036","E05010612"
"DE7 5JH",10,446803,342114,"E92000001","E19000001","E18000004","E10000007","E07000036","E05010612"
"DE7 5JJ",10,446880,342103,"E92000001","E19000001","E18000004","E10000007","E07000036","E05010612"
"DE7 5JL",10,446964,342160,"E92000001","E19000001","E18000004","E10000007","E07000036","E05010612"
"DE7 5JN",10,446845,342152,"E92000001","E19000001","E18000004","E10000007","E07000036","E05010612"
"DE7 5JP",10,446877,342210,"E92000001","E19000001","E18000004","E10000007","E07000036","E05010612"
"DE7 5JQ",10,446822,342207,"E92000001","E19000001","E18000004","E10000007","E07000036","E05010612"
"DE7 5JR",10,446760,342168,"E92000001","E19000001","E18000004","E10000007","E07000036","E05010612"
"DE7 5JS",10,446324,341736,"E92000001","E19000001","E18000004","E10000007","E07000036","E05010614"
"DE7 5JW",10,446473,341474,"E92000001","E19000001","E18000004","E10000007","E07000036","E05010614"
"DE7 5LD",10,446570,342188,"E92000001","E19000001","E18000004","E10000007","E07000036","E05010614"
"DE7 5LE",10,446760,342253,"E92000001","E19000001","E18000004","E10000007","E07000036","E05010612"
"DE7 5LF",10,447161,342498,"E92000001","E19000001","E18000004","E10000007","E07000036","E05010612"
"DE7 5LG",10,446895,342286,"E92000001","E19000001","E18000004","E10000007","E07000036","E05010612"
"DE7 5LH",10,446866,342250,"E92000001","E19000001","E18000004","E10000007","E07000036","E05010612"
"DE7 5LJ",10,447017,342321,"E92000001","E19000001","E18000004","E10000007","E07000036","E05010612"
"DE7 5LL",10,446954,342278,"E92000001","E19000001","E18000004","E10000007","E07000036","E05010612"
"DE7 5LN",10,446807,341828,"E92000001","E19000001","E18000004","E10000007","E07000036","E05010612"
"DE7 5LP",10,447107,342259,"E92000001","E19000001","E18000004","E10000007","E07000036","E05010612"
"DE7 5LQ",10,447016,342209,"E92000001","E19000001","E18000004","E10000007","E07000036","E05010612"
"DE7 5LR",10,446953,342203,"E92000001","E19000001","E18000004","E10000007","E07000036","E05010612"
"DE7 5LS",10,446984,342052,"E92000001","E19000001","E18000004","E10000007","E07000036","E05010612"
"DE7 5LT",10,447063,342009,"E92000001","E19000001","E18000004","E10000007","E07000036","E05010612"
"DE7 5LU",10,447022,341981,"E92000001","E19000001","E18000004","E10000007","E07000036","E05010612"
"DE7 5LW",10,446907,341999,"E92000001","E19000001","E18000004","E10000007","E07000036","E05010612"
"DE7 5LX",10,446880,342021,"E92000001","E19000001","E18000004","E10000007","E07000036","E05010612"
"DE7 5LY",10,446583,342193,"E92000001","E19000001","E18000004","E10000007","E07000036","E05010614"
"DE7 5LZ",10,447044,342264,"E92000001","E19000001","E18000004","E10000007","E07000036","E05010612"
"DE7 5NA",10,447040,342182,"E92000001","E19000001","E18000004","E10000007","E07000036","E05010612"
"DE7 5ND",10,446784,341429,"E92000001","E19000001","E18000004","E10000007","E07000036","E05010612"
"DE7 5NE",10,446770,341380,"E92000001","E19000001","E18000004","E10000007","E07000036","E05010612"
"DE7 5NF",10,446805,341373,"E92000001","E19000001","E18000004","E10000007","E07000036","E05010612"
"DE7 5NG",10,446834,341342,"E92000001","E19000001","E18000004","E10000007","E07000036","E05010612"
"DE7 5NH",10,446791,341329,"E92000001","E19000001","E18000004","E10000007","E07000036","E05010612"
"DE7 5NJ",10,446850,341327,"E92000001","E19000001","E18000004","E10000007","E07000036","E05010612"
"DE7 5NL",10,446861,341188,"E92000001","E19000001","E18000004","E10000007","E07000036","E05010612"
"DE7 5NN",10,446819,341174,"E92000001","E19000001","E18000004","E10000007","E07000036","E05010612"
"DE7 5NP",10,446823,341129,"E92000001","E19000001","E18000004","E10000007","E07000036","E05010612"
"DE7 5NQ",10,446857,341279,"E92000001","E19000001","E18000004","E10000007","E07000036","E05010612"
"DE7 5NR",10,446925,341347,"E92000001","E19000001","E18000004","E10000007","E07000036","E05010612"
"DE7 5NS",10,446952,341321,"E92000001","E19000001","E18000004","E10000007","E07000036","E05010612"
"DE7 5NT",10,446879,341244,"E92000001","E19000001","E18000004","E10000007","E07000036","E05010612"
"DE7 5NU",10,446912,340978,"E92000001","E19000001","E18000004","E10000007","E07000036","E05010612"
"DE7 5NW",10,446989,341068,"E92000001","E19000001","E18000004","E10000007","E07000036","E05010612"
"DE7 5NX",10,446949,341049,"E92000001","E19000001","E18000004","E10000007","E07000036","E05010612"
"DE7 5NY",10,446971,340974,"E92000001","E19000001","E18000004","E10000007","E07000036","E05010612"
"DE7 5NZ",10,447024,341240,"E92000001","E19000001","E18000004","E10000007","E07000036","E05010612"
"DE7 5PA",10,447150,341095,"E92000001","E19000001","E18000004","E10000007","E07000036","E05010612"
"DE7 5PB",10,447162,341118,"E92000001","E19000001","E18000004","E10000007","E07000036","E05010612"
"DE7 5PD",10,447176,341250,"E92000001","E19000001","E18000004","E10000007","E07000036","E05010612"
"DE7 5PE",10,447285,341188,"E92000001","E19000001","E18000004","E10000007","E07000036","E05010612"
"DE7 5PF",10,447274,341077,"E92000001","E19000001","E18000004","E10000007","E07000036","E05010612"
"DE7 5PG",10,447408,341084,"E92000001","E19000001","E18000004","E10000007","E07000036","E05010612"
"DE7 5PH",10,447236,341293,"E92000001","E19000001","E18000004","E10000007","E07000036","E05010612"
"DE7 5PJ",10,447298,341227,"E92000001","E19000001","E18000004","E10000007","E07000036","E05010612"
"DE7 5PL",10,447422,341205,"E92000001","E19000001","E18000004","E10000007","E07000036","E05010612"
"DE7 5PN",10,447347,341287,"E92000001","E19000001","E18000004","E10000007","E07000036","E05010612"
"DE7 5PP",10,447329,341352,"E92000001","E19000001","E18000004","E10000007","E07000036","E05010612"
"DE7 5PR",10,446787,341236,"E92000001","E19000001","E18000004","E10000007","E07000036","E05010612"
"DE7 5PT",10,447422,341022,"E92000001","E19000001","E18000004","E10000007","E07000036","E05010612"
"DE7 5PW",10,447286,340872,"E92000001","E19000001","E18000004","E10000007","E07000036","E05010612"
"DE7 5PX",10,446888,342154,"E92000001","E19000001","E18000004","E10000007","E07000036","E05010612"
"DE7 5PY",10,446996,341020,"E92000001","E19000001","E18000004","E10000007","E07000036","E05010612"
"DE7 5PZ",10,446570,341434,"E92000001","E19000001","E18000004","E10000007","E07000036","E05010614"
"DE7 5QA",10,446509,341782,"E92000001","E19000001","E18000004","E10000007","E07000036","E05010614"
"DE7 5QB",10,446439,341782,"E92000001","E19000001","E18000004","E10000007","E07000036","E05010614"
"DE7 5QE",10,446475,341590,"E92000001","E19000001","E18000004","E10000007","E07000036","E05010614"
"DE7 5QG",10,446529,341642,"E92000001","E19000001","E18000004","E10000007","E07000036","E05010614"
"DE7 5QH",10,446547,341593,"E92000001","E19000001","E18000004","E10000007","E07000036","E05010614"
"DE7 5QJ",10,446515,341431,"E92000001","E19000001","E18000004","E10000007","E07000036","E05010614"
"DE7 5QL",10,446606,341583,"E92000001","E19000001","E18000004","E10000007","E07000036","E05010614"
"DE7 5QQ",10,446539,341469,"E92000001","E19000001","E18000004","E10000007","E07000036","E05010614"
"DE7 5QS",10,446577,341497,"E92000001","E19000001","E18000004","E10000007","E07000036","E05010614"
"DE7 5QT",10,446510,341535,"E92000001","E19000001","E18000004","E10000007","E07000036","E05010614"
"DE7 5QU",10,446599,341550,"E92000001","E19000001","E18000004","E10000007","E07000036","E05010614"
"DE7 5QY",10,446615,341514,"E92000001","E19000001","E18000004","E10000007","E07000036","E05010614"
"DE7 5RB",10,446580,341525,"E92000001","E19000001","E18000004","E10000007","E07000036","E05010614"
"DE7 5RD",10,446608,341478,"E92000001","E19000001","E18000004","E10000007","E07000036","E05010614"
"DE7 5RE",10,446702,341325,"E92000001","E19000001","E18000004","E10000007","E07000036","E05010612"
"DE7 5RF",10,446694,341289,"E92000001","E19000001","E18000004","E10000007","E07000036","E05010612"
"DE7 5RG",10,446665,341250,"E92000001","E19000001","E18000004","E10000007","E07000036","E05010612"
"DE7 5RH",10,446693,341207,"E92000001","E19000001","E18000004","E10000007","E07000036","E05010612"
"DE7 5RJ",10,446723,341211,"E92000001","E19000001","E18000004","E10000007","E07000036","E05010612"
"DE7 5RL",10,446705,341148,"E92000001","E19000001","E18000004","E10000007","E07000036","E05010612"
"DE7 5RN",10,446499,341640,"E92000001","E19000001","E18000004","E10000007","E07000036","E05010614"
"DE7 5RP",10,446445,341707,"E92000001","E19000001","E18000004","E10000007","E07000036","E05010614"
"DE7 5RU",10,446577,341599,"E92000001","E19000001","E18000004","E10000007","E07000036","E05010614"
"DE7 5SE",10,445905,342226,"E92000001","E19000001","E18000004","E10000007","E07000036","E05010614"
"DE7 5SP",10,447513,340942,"E92000001","E19000001","E18000004","E10000007","E07000036","E05010612"
"DE7 5SR",10,447489,341063,"E92000001","E19000001","E18000004","E10000007","E07000036","E05010612"
"DE7 5SS",10,447543,341047,"E92000001","E19000001","E18000004","E10000007","E07000036","E05010612"
"DE7 5SW",10,447600,340936,"E92000001","E19000001","E18000004","E10000007","E07000036","E05010612"
"DE7 5TB",10,447274,342334,"E92000001","E19000001","E18000004","E10000007","E07000036","E05010612"
"DE7 5TD",10,447270,342400,"E92000001","E19000001","E18000004","E10000007","E07000036","E05010612"
"DE7 5TE",10,447390,342490,"E92000001","E19000001","E18000004","E10000007","E07000036","E05010612"
"DE7 5TF",10,447330,342540,"E92000001","E19000001","E18000004","E10000007","E07000036","E05010612"
"DE7 5TG",10,447374,342370,"E92000001","E19000001","E18000004","E10000007","E07000036","E05010612"
"DE7 5TJ",10,447373,342398,"E92000001","E19000001","E18000004","E10000007","E07000036","E05010612"
"DE7 5TN",10,447461,342357,"E92000001","E19000001","E18000004","E10000007","E07000036","E05010612"
"DE7 5TS",10,447444,342059,"E92000001","E19000001","E18000004","E10000007","E07000036","E05010612"
"DE7 5TT",10,447463,342437,"E92000001","E19000001","E18000004","E10000007","E07000036","E05010612"
"DE7 5TW",10,447233,342441,"E92000001","E19000001","E18000004","E10000007","E07000036","E05010612"
"DE7 5UA",10,447734,342672,"E92000001","E19000001","E18000004","E10000024","E07000172","E05010515"
"DE7 5UD",10,447665,342605,"E92000001","E19000001","E18000004","E10000024","E07000172","E05010515"
"DE7 5UE",10,447860,342756,"E92000001","E19000001","E18000004","E10000024","E07000172","E05010515"
"DE7 5UG",10,447787,342661,"E92000001","E19000001","E18000004","E10000024","E07000172","E05010515"
"DE7 6AB",10,443107,341200,"E92000001","E19000001","E18000004","E10000007","E07000036","E05010621"
"DE7 6AH",10,439096,342458,"E92000001","E19000001","E18000004","E10000007","E07000036","E05010613"
"DE7 6AP",10,440777,344230,"E92000001","E19000001","E18000004","E10000007","E07000032","E05008524"
"DE7 6AQ",10,443485,342956,"E92000001","E19000001","E18000004","E10000007","E07000032","E05008524"
"DE7 6AR",10,439201,345023,"E92000001","E19000001","E18000004","E10000007","E07000032","E05008524"
"DE7 6AS",10,439522,344933,"E92000001","E19000001","E18000004","E10000007","E07000032","E05008524"
"DE7 6AT",10,439618,344862,"E92000001","E19000001","E18000004","E10000007","E07000032","E05008524"
"DE7 6AU",10,439398,344910,"E92000001","E19000001","E18000004","E10000007","E07000032","E05008524"
"DE7 6AW",10,439155,344998,"E92000001","E19000001","E18000004","E10000007","E07000032","E05008524"
"DE7 6AX",10,438844,345065,"E92000001","E19000001","E18000004","E10000007","E07000032","E05008524"
"DE7 6AY",10,438586,345256,"E92000001","E19000001","E18000004","E10000007","E07000032","E05008523"
"DE7 6AZ",10,438673,345104,"E92000001","E19000001","E18000004","E10000007","E07000032","E05008524"
"DE7 6BA",10,438845,344873,"E92000001","E19000001","E18000004","E10000007","E07000032","E05008524"
"DE7 6BB",10,439907,344777,"E92000001","E19000001","E18000004","E10000007","E07000032","E05008524"
"DE7 6BD",10,440117,344774,"E92000001","E19000001","E18000004","E10000007","E07000032","E05008524"
"DE7 6BE",10,439367,345040,"E92000001","E19000001","E18000004","E10000007","E07000032","E05008524"
"DE7 6BG",10,439404,345128,"E92000001","E19000001","E18000004","E10000007","E07000032","E05008524"
"DE7 6BH",10,439214,345076,"E92000001","E19000001","E18000004","E10000007","E07000032","E05008524"
"DE7 6BJ",10,439152,345102,"E92000001","E19000001","E18000004","E10000007","E07000032","E05008524"
"DE7 6BL",10,439298,345175,"E92000001","E19000001","E18000004","E10000007","E07000032","E05008524"
"DE7 6BN",10,439731,344055,"E92000001","E19000001","E18000004","E10000007","E07000032","E05008524"
"DE7 6BP",10,439322,345510,"E92000001","E19000001","E18000004","E10000007","E07000032","E05008524"
"DE7 6BQ",10,444454,343629,"E92000001","E19000001","E18000004","E10000007","E07000032","E05008524"
"DE7 6BR",10,443506,343613,"E92000001","E19000001","E18000004","E10000007","E07000032","E05008524"
"DE7 6BS",10,443467,342972,"E92000001","E19000001","E18000004","E10000007","E07000032","E05008524"
"DE7 6BT",10,443468,343038,"E92000001","E19000001","E18000004","E10000007","E07000032","E05008524"
"DE7 6BU",10,443511,342995,"E92000001","E19000001","E18000004","E10000007","E07000032","E05008524"
"DE7 6BW",10,443451,342637,"E92000001","E19000001","E18000004","E10000007","E07000032","E05008524"
"DE7 6BX",10,444327,342591,"E92000001","E19000001","E18000004","E10000007","E07000032","E05008524"
"DE7 6BY",10,443383,343014,"E92000001","E19000001","E18000004","E10000007","E07000032","E05008524"
"DE7 6BZ",10,443174,343088,"E92000001","E19000001","E18000004","E10000007","E07000032","E05008524"
"DE7 6DA",10,442611,343157,"E92000001","E19000001","E18000004","E10000007","E07000032","E05008524"
"DE7 6DB",10,443521,343125,"E92000001","E19000001","E18000004","E10000007","E07000032","E05008524"
"DE7 6DD",10,439604,344927,"E92000001","E19000001","E18000004","E10000007","E07000032","E05008524"
"DE7 6DE",10,439629,340642,"E92000001","E19000001","E18000004","E10000007","E07000036","E05010613"
"DE7 6DF",10,439327,341542,"E92000001","E19000001","E18000004","E10000007","E07000036","E05010613"
"DE7 6DG",10,439963,342962,"E92000001","E19000001","E18000004","E10000007","E07000032","E05008524"
"DE7 6DH",10,439339,342900,"E92000001","E19000001","E18000004","E10000007","E07000032","E05008524"
"DE7 6DJ",10,438646,342616,"E92000001","E19000001","E18000004","E10000007","E07000036","E05010613"
"DE7 6DL",10,438591,341337,"E92000001","E19000001","E18000004","E10000007","E07000036","E05010613"
"DE7 6DN",10,438997,340156,"E92000001","E19000001","E18000004","E10000007","E07000036","E05010613"
"DE7 6DP",10,442195,345916,"E92000001","E19000001","E18000004","E10000007","E07000032","E05008524"
"DE7 6DQ",10,439671,343261,"E92000001","E19000001","E18000004","E10000007","E07000032","E05008524"
"DE7 6DR",10,439593,345005,"E92000001","E19000001","E18000004","E10000007","E07000032","E05008524"
"DE7 6DS",10,440721,344177,"E92000001","E19000001","E18000004","E10000007","E07000032","E05008524"
"DE7 6DT",10,440777,343585,"E92000001","E19000001","E18000004","E10000007","E07000032","E05008524"
"DE7 6DU",10,441186,343964,"E92000001","E19000001","E18000004","E10000007","E07000032","E05008524"
"DE7 6DW",10,441233,345110,"E92000001","E19000001","E18000004","E10000007","E07000032","E05008524"
"DE7 6DX",10,441701,345740,"E92000001","E19000001","E18000004","E10000007","E07000032","E05008524"
"DE7 6DY",10,441974,345999,"E92000001","E19000001","E18000004","E10000007","E07000032","E05008524"
"DE7 6DZ",10,441940,345938,"E92000001","E19000001","E18000004","E10000007","E07000032","E05008524"
"DE7 6EA",10,441998,345890,"E92000001","E19000001","E18000004","E10000007","E07000032","E05008524"
"DE7 6EB",10,440800,344678,"E92000001","E19000001","E18000004","E10000007","E07000032","E05008524"
"DE7 6ED",10,440911,344639,"E92000001","E19000001","E18000004","E10000007","E07000032","E05008524"
"DE7 6EE",10,440712,344783,"E92000001","E19000001","E18000004","E10000007","E07000032","E05008524"
"DE7 6EF",10,440771,344520,"E92000001","E19000001","E18000004","E10000007","E07000032","E05008524"
"DE7 6EG",10,440582,344395,"E92000001","E19000001","E18000004","E10000007","E07000032","E05008524"
"DE7 6EH",10,440626,344312,"E92000001","E19000001","E18000004","E10000007","E07000032","E05008524"
"DE7 6EJ",10,440612,344455,"E92000001","E19000001","E18000004","E10000007","E07000032","E05008524"
"DE7 6EL",10,440514,344546,"E92000001","E19000001","E18000004","E10000007","E07000032","E05008524"
"DE7 6EN",10,440614,344654,"E92000001","E19000001","E18000004","E10000007","E07000032","E05008524"
"DE7 6EP",10,440789,344844,"E92000001","E19000001","E18000004","E10000007","E07000032","E05008524"
"DE7 6EQ",10,440930,344881,"E92000001","E19000001","E18000004","E10000007","E07000032","E05008524"
"DE7 6ER",10,440888,344758,"E92000001","E19000001","E18000004","E10000007","E07000032","E05008524"
"DE7 6ES",10,440975,344762,"E92000001","E19000001","E18000004","E10000007","E07000032","E05008524"
"DE7 6ET",10,440977,344729,"E92000001","E19000001","E18000004","E10000007","E07000032","E05008524"
"DE7 6EU",10,440596,344528,"E92000001","E19000001","E18000004","E10000007","E07000032","E05008524"
"DE7 6EW",10,440633,344549,"E92000001","E19000001","E18000004","E10000007","E07000032","E05008524"
"DE7 6EX",10,441674,339981,"E92000001","E19000001","E18000004","E10000007","E07000036","E05010613"
"DE7 6EY",10,441997,339981,"E92000001","E19000001","E18000004","E10000007","E07000036","E05010613"
"DE7 6EZ",10,441513,340557,"E92000001","E19000001","E18000004","E10000007","E07000036","E05010613"
"DE7 6FB",10,441974,340573,"E92000001","E19000001","E18000004","E10000007","E07000036","E05010613"
"DE7 6FD",10,442090,340549,"E92000001","E19000001","E18000004","E10000007","E07000036","E05010613"
"DE7 6FE",10,442130,340793,"E92000001","E19000001","E18000004","E10000007","E07000036","E05010613"
"DE7 6FF",10,442052,340800,"E92000001","E19000001","E18000004","E10000007","E07000036","E05010613"
"DE7 6FG",10,442115,340651,"E92000001","E19000001","E18000004","E10000007","E07000036","E05010613"
"DE7 6FH",10,442111,340730,"E92000001","E19000001","E18000004","E10000007","E07000036","E05010613"
"DE7 6FJ",10,442227,340655,"E92000001","E19000001","E18000004","E10000007","E07000036","E05010613"
"DE7 6FL",10,442003,340494,"E92000001","E19000001","E18000004","E10000007","E07000036","E05010613"
"DE7 6FN",10,441583,342194,"E92000001","E19000001","E18000004","E10000007","E07000036","E05010621"
"DE7 6FP",10,442002,342034,"E92000001","E19000001","E18000004","E10000007","E07000036","E05010621"
"DE7 6FQ",10,441817,342127,"E92000001","E19000001","E18000004","E10000007","E07000036","E05010621"
"DE7 6FR",10,441858,342169,"E92000001","E19000001","E18000004","E10000007","E07000036","E05010621"
"DE7 6FS",10,441659,342220,"E92000001","E19000001","E18000004","E10000007","E07000036","E05010621"
"DE7 6FT",10,441454,342405,"E92000001","E19000001","E18000004","E10000007","E07000036","E05010621"
"DE7 6FU",10,441585,342070,"E92000001","E19000001","E18000004","E10000007","E07000036","E05010621"
"DE7 6FW",10,441423,342501,"E92000001","E19000001","E18000004","E10000007","E07000036","E05010621"
"DE7 6FX",10,441481,342256,"E92000001","E19000001","E18000004","E10000007","E07000036","E05010621"
"DE7 6FY",10,441103,342631,"E92000001","E19000001","E18000004","E10000007","E07000036","E05010621"
"DE7 6FZ",10,441117,342555,"E92000001","E19000001","E18000004","E10000007","E07000036","E05010621"
"DE7 6GA",10,441049,342468,"E92000001","E19000001","E18000004","E10000007","E07000036","E05010621"
"DE7 6GB",10,441593,342142,"E92000001","E19000001","E18000004","E10000007","E07000036","E05010621"
"DE7 6GD",10,441496,342109,"E92000001","E19000001","E18000004","E10000007","E07000036","E05010621"
"DE7 6GE",10,441423,342219,"E92000001","E19000001","E18000004","E10000007","E07000036","E05010621"
"DE7 6GF",10,441432,342123,"E92000001","E19000001","E18000004","E10000007","E07000036","E05010621"
"DE7 6GG",10,441568,341996,"E92000001","E19000001","E18000004","E10000007","E07000036","E05010621"
"DE7 6GH",10,441807,341909,"E92000001","E19000001","E18000004","E10000007","E07000036","E05010621"
"DE7 6GJ",10,441068,342447,"E92000001","E19000001","E18000004","E10000007","E07000036","E05010621"
"DE7 6GL",10,441785,341876,"E92000001","E19000001","E18000004","E10000007","E07000036","E05010621"
"DE7 6GN",10,441907,341911,"E92000001","E19000001","E18000004","E10000007","E07000036","E05010621"
"DE7 6GP",10,442998,341307,"E92000001","E19000001","E18000004","E10000007","E07000036","E05010621"
"DE7 6GQ",10,441155,342495,"E92000001","E19000001","E18000004","E10000007","E07000036","E05010621"
"DE7 6GR",10,443155,341213,"E92000001","E19000001","E18000004","E10000007","E07000036","E05010621"
"DE7 6GS",10,443159,341133,"E92000001","E19000001","E18000004","E10000007","E07000036","E05010621"
"DE7 6GT",10,443066,341143,"E92000001","E19000001","E18000004","E10000007","E07000036","E05010621"
"DE7 6GU",10,442720,341333,"E92000001","E19000001","E18000004","E10000007","E07000036","E05010621"
"DE7 6GW",10,442522,341503,"E92000001","E19000001","E18000004","E10000007","E07000036","E05010621"
"DE7 6GX",10,442428,341750,"E92000001","E19000001","E18000004","E10000007","E07000036","E05010621"
"DE7 6GY",10,442281,341912,"E92000001","E19000001","E18000004","E10000007","E07000036","E05010621"
"DE7 6GZ",10,442303,341753,"E92000001","E19000001","E18000004","E10000007","E07000036","E05010621"
"DE7 6HA",10,442382,341658,"E92000001","E19000001","E18000004","E10000007","E07000036","E05010621"
"DE7 6HB",10,442521,341057,"E92000001","E19000001","E18000004","E10000007","E07000036","E05010621"
"DE7 6HD",10,443315,340181,"E92000001","E19000001","E18000004","E10000007","E07000036","E05010621"
"DE7 6HE",10,443316,340731,"E92000001","E19000001","E18000004","E10000007","E07000036","E05010621"
"DE7 6HF",10,443249,341516,"E92000001","E19000001","E18000004","E10000007","E07000036","E05010621"
"DE7 6HG",10,443428,341662,"E92000001","E19000001","E18000004","E10000007","E07000036","E05010621"
"DE7 6HH",10,443474,341638,"E92000001","E19000001","E18000004","E10000007","E07000036","E05010621"
"DE7 6HJ",10,443297,341931,"E92000001","E19000001","E18000004","E10000007","E07000036","E05010621"
"DE7 6HL",10,443401,341876,"E92000001","E19000001","E18000004","E10000007","E07000036","E05010621"
"DE7 6HN",10,443485,342181,"E92000001","E19000001","E18000004","E10000007","E07000036","E05010621"
"DE7 6HP",10,443214,342083,"E92000001","E19000001","E18000004","E10000007","E07000036","E05010621"
"DE7 6HQ",10,442750,341968,"E92000001","E19000001","E18000004","E10000007","E07000036","E05010621"
"DE7 6HR",10,442413,342058,"E92000001","E19000001","E18000004","E10000007","E07000036","E05010621"
"DE7 6HS",10,443114,341942,"E92000001","E19000001","E18000004","E10000007","E07000036","E05010621"
"DE7 6HT",10,443229,341403,"E92000001","E19000001","E18000004","E10000007","E07000036","E05010621"
"DE7 6HU",10,443909,342162,"E92000001","E19000001","E18000004","E10000007","E07000036","E05010621"
"DE7 6HW",10,444477,341993,"E92000001","E19000001","E18000004","E10000007","E07000036","E05010621"
"DE7 6HX",10,444363,342123,"E92000001","E19000001","E18000004","E10000007","E07000036","E05010621"
"DE7 6HY",10,444760,341766,"E92000001","E19000001","E18000004","E10000007","E07000036","E05010621"
"DE7 6HZ",10,444964,341595,"E92000001","E19000001","E18000004","E10000007","E07000036","E05010621"
"DE7 6JA",10,443149,341274,"E92000001","E19000001","E18000004","E10000007","E07000036","E05010621"
"DE7 6JB",10,443117,341450,"E92000001","E19000001","E18000004","E10000007","E07000036","E05010621"
"DE7 6JD",10,440996,344880,"E92000001","E19000001","E18000004","E10000007","E07000032","E05008524"
"DE7 6JE",10,443205,341815,"E92000001","E19000001","E18000004","E10000007","E07000036","E05010621"
"DE7 6JF",10,443375,341805,"E92000001","E19000001","E18000004","E10000007","E07000036","E05010621"
"DE7 6JG",10,443257,341863,"E92000001","E19000001","E18000004","E10000007","E07000036","E05010621"
"DE7 6JH",10,441034,342531,"E92000001","E19000001","E18000004","E10000007","E07000036","E05010621"
"DE7 6JJ",10,443226,341346,"E92000001","E19000001","E18000004","E10000007","E07000036","E05010621"
"DE7 6JL",10,443565,343082,"E92000001","E19000001","E18000004","E10000007","E07000032","E05008524"
"DE7 6JN",10,443447,342033,"E92000001","E19000001","E18000004","E10000007","E07000036","E05010621"
"DE7 6JP",10,443543,343035,"E92000001","E19000001","E18000004","E10000007","E07000032","E05008524"
"DE7 6JQ",10,443239,341432,"E92000001","E19000001","E18000004","E10000007","E07000036","E05010621"
"DE7 6JR",10,442541,341678,"E92000001","E19000001","E18000004","E10000007","E07000036","E05010621"
"DE7 6JS",10,440795,344960,"E92000001","E19000001","E18000004","E10000007","E07000032","E05008524"
"DE7 6JT",10,440837,344992,"E92000001","E19000001","E18000004","E10000007","E07000032","E05008524"
"DE7 6JU",10,439171,340013,"E92000001","E19000001","E18000004","E10000007","E07000036","E05010613"
"DE7 6JW",10,439363,344991,"E92000001","E19000001","E18000004","E10000007","E07000032","E05008524"
"DE7 6JX",10,440635,344197,"E92000001","E19000001","E18000004","E10000007","E07000032","E05008524"
"DE7 6JY",10,442625,341438,"E92000001","E19000001","E18000004","E10000007","E07000036","E05010621"
"DE7 6JZ",10,442107,345818,"E92000001","E19000001","E18000004","E10000007","E07000032","E05008524"
"DE7 6LA",10,443009,341384,"E92000001","E19000001","E18000004","E10000007","E07000036","E05010621"
"DE7 6LB",10,442983,341398,"E92000001","E19000001","E18000004","E10000007","E07000036","E05010621"
"DE7 6LD",10,442904,341525,"E92000001","E19000001","E18000004","E10000007","E07000036","E05010621"
"DE7 6LE",10,442744,341782,"E92000001","E19000001","E18000004","E10000007","E07000036","E05010621"
"DE7 6LF",10,443019,341513,"E92000001","E19000001","E18000004","E10000007","E07000036","E05010621"
"DE7 6LG",10,443081,341595,"E92000001","E19000001","E18000004","E10000007","E07000036","E05010621"
"DE7 6LH",10,442908,341548,"E92000001","E19000001","E18000004","E10000007","E07000036","E05010621"
"DE7 6LJ",10,442846,341537,"E92000001","E19000001","E18000004","E10000007","E07000036","E05010621"
"DE7 6LL",10,442737,341473,"E92000001","E19000001","E18000004","E10000007","E07000036","E05010621"
"DE7 6LN",10,442614,341563,"E92000001","E19000001","E18000004","E10000007","E07000036","E05010621"
"DE7 6LP",10,442661,341640,"E92000001","E19000001","E18000004","E10000007","E07000036","E05010621"
"DE7 6LQ",10,442890,341596,"E92000001","E19000001","E18000004","E10000007","E07000036","E05010621"
"DE7 6LR",10,442667,341515,"E92000001","E19000001","E18000004","E10000007","E07000036","E05010621"
"DE7 6LS",10,442598,341504,"E92000001","E19000001","E18000004","E10000007","E07000036","E05010621"
"DE7 6LT",10,442583,341610,"E92000001","E19000001","E18000004","E10000007","E07000036","E05010621"
"DE7 6LU",10,442884,341710,"E92000001","E19000001","E18000004","E10000007","E07000036","E05010621"
"DE7 6LW",10,442814,341646,"E92000001","E19000001","E18000004","E10000007","E07000036","E05010621"
"DE7 6LX",10,442649,341694,"E92000001","E19000001","E18000004","E10000007","E07000036","E05010621"
"DE7 6LY",10,442704,341722,"E92000001","E19000001","E18000004","E10000007","E07000036","E05010621"
"DE7 6LZ",10,442169,345903,"E92000001","E19000001","E18000004","E10000007","E07000032","E05008524"
"DE7 6NA",10,442862,341645,"E92000001","E19000001","E18000004","E10000007","E07000036","E05010621"
"DE7 6NB",10,442578,341788,"E92000001","E19000001","E18000004","E10000007","E07000036","E05010621"
"DE7 6ND",10,443220,341706,"E92000001","E19000001","E18000004","E10000007","E07000036","E05010621"
"DE7 6NE",10,443357,341771,"E92000001","E19000001","E18000004","E10000007","E07000036","E05010621"
"DE7 6NF",10,443257,341770,"E92000001","E19000001","E18000004","E10000007","E07000036","E05010621"
"DE7 6NG",10,443364,341678,"E92000001","E19000001","E18000004","E10000007","E07000036","E05010621"
"DE7 6NH",10,443230,341676,"E92000001","E19000001","E18000004","E10000007","E07000036","E05010621"
"DE7 6NJ",10,443157,341587,"E92000001","E19000001","E18000004","E10000007","E07000036","E05010621"
"DE7 6NL",10,442931,341644,"E92000001","E19000001","E18000004","E10000007","E07000036","E05010621"
"DE7 6NN",10,443004,341650,"E92000001","E19000001","E18000004","E10000007","E07000036","E05010621"
"DE7 6NP",10,442706,341857,"E92000001","E19000001","E18000004","E10000007","E07000036","E05010621"
"DE7 6NQ",10,443339,341661,"E92000001","E19000001","E18000004","E10000007","E07000036","E05010621"
"DE7 6NR",10,442811,341841,"E92000001","E19000001","E18000004","E10000007","E07000036","E05010621"
"DE7 6NS",10,442859,341741,"E92000001","E19000001","E18000004","E10000007","E07000036","E05010621"
"DE7 6NT",10,442772,341766,"E92000001","E19000001","E18000004","E10000007","E07000036","E05010621"
"DE7 6NU",50,442981,341817,"E92000001","E19000001","E18000004","E10000007","E07000036","E05010621"
"DE7 6NW",10,442231,345763,"E92000001","E19000001","E18000004","E10000007","E07000032","E05008524"
"DE7 6NX",10,443190,341867,"E92000001","E19000001","E18000004","E10000007","E07000036","E05010621"
"DE7 6NY",10,443149,341824,"E92000001","E19000001","E18000004","E10000007","E07000036","E05010621"
"DE7 6NZ",10,441824,341401,"E92000001","E19000001","E18000004","E10000007","E07000036","E05010613"
"DE7 6PA",10,443040,341782,"E92000001","E19000001","E18000004","E10000007","E07000036","E05010621"
"DE7 6PB",10,443014,341793,"E92000001","E19000001","E18000004","E10000007","E07000036","E05010621"
"DE7 6PD",10,442916,341781,"E92000001","E19000001","E18000004","E10000007","E07000036","E05010621"
"DE7 6PE",10,442957,341911,"E92000001","E19000001","E18000004","E10000007","E07000036","E05010621"
"DE7 6PF",10,441904,345814,"E92000001","E19000001","E18000004","E10000007","E07000032","E05008524"
"DE7 6PG",10,443054,341950,"E92000001","E19000001","E18000004","E10000007","E07000036","E05010621"
"DE7 6PH",10,441999,345800,"E92000001","E19000001","E18000004","E10000007","E07000032","E05008524"
"DE7 6PJ",10,443061,341744,"E92000001","E19000001","E18000004","E10000007","E07000036","E05010621"
"DE7 6PL",10,441881,345802,"E92000001","E19000001","E18000004","E10000007","E07000032","E05008524"
"DE7 6PN",10,443084,341859,"E92000001","E19000001","E18000004","E10000007","E07000036","E05010621"
"DE7 6PP",10,442999,341872,"E92000001","E19000001","E18000004","E10000007","E07000036","E05010621"
"DE7 6PQ",10,441953,345736,"E92000001","E19000001","E18000004","E10000007","E07000032","E05008524"
"DE7 6PR",10,440799,344724,"E92000001","E19000001","E18000004","E10000007","E07000032","E05008524"
"DE7 6PS",10,441274,342597,"E92000001","E19000001","E18000004","E10000007","E07000036","E05010621"
"DE7 6PT",10,442279,345657,"E92000001","E19000001","E18000004","E10000007","E07000032","E05008524"
"DE7 6PU",50,441274,342597,"E92000001","E19000001","E18000004","E10000007","E07000036","E05010621"
"DE7 6WE",10,445905,342226,"E92000001","E19000001","E18000004","E10000007","E07000036","E05010614"
"DE7 6XA",10,441879,341996,"E92000001","E19000001","E18000004","E10000007","E07000036","E05010621"
"DE7 6XB",10,441169,342521,"E92000001","E19000001","E18000004","E10000007","E07000036","E05010621"
"DE7 6XD",10,441346,342567,"E92000001","E19000001","E18000004","E10000007","E07000036","E05010621"
"DE7 8AA",10,446424,341824,"E92000001","E19000001","E18000004","E10000007","E07000036","E05010614"
"DE7 8AB",10,446357,341881,"E92000001","E19000001","E18000004","E10000007","E07000036","E05010614"
"DE7 8AD",10,446347,341950,"E92000001","E19000001","E18000004","E10000007","E07000036","E05010614"
"DE7 8AE",10,446406,341971,"E92000001","E19000001","E18000004","E10000007","E07000036","E05010614"
"DE7 8AF",10,446471,341854,"E92000001","E19000001","E18000004","E10000007","E07000036","E05010614"
"DE7 8AG",10,446569,341947,"E92000001","E19000001","E18000004","E10000007","E07000036","E05010614"
"DE7 8AH",10,446502,341933,"E92000001","E19000001","E18000004","E10000007","E07000036","E05010614"
"DE7 8AJ",10,446493,342103,"E92000001","E19000001","E18000004","E10000007","E07000036","E05010614"
"DE7 8AL",10,446445,342138,"E92000001","E19000001","E18000004","E10000007","E07000036","E05010614"
"DE7 8AN",10,446462,342154,"E92000001","E19000001","E18000004","E10000007","E07000036","E05010614"
"DE7 8AP",10,446474,342217,"E92000001","E19000001","E18000004","E10000007","E07000036","E05010614"
"DE7 8AQ",10,446502,341793,"E92000001","E19000001","E18000004","E10000007","E07000036","E05010614"
"DE7 8AR",10,446426,342285,"E92000001","E19000001","E18000004","E10000007","E07000036","E05010614"
"DE7 8AS",10,446459,342348,"E92000001","E19000001","E18000004","E10000007","E07000036","E05010614"
"DE7 8AT",10,446332,342319,"E92000001","E19000001","E18000004","E10000007","E07000036","E05010614"
"DE7 8AU",10,446399,342263,"E92000001","E19000001","E18000004","E10000007","E07000036","E05010614"
"DE7 8AW",10,446367,342288,"E92000001","E19000001","E18000004","E10000007","E07000036","E05010614"
"DE7 8AX",10,446332,342119,"E92000001","E19000001","E18000004","E10000007","E07000036","E05010614"
"DE7 8AY",10,446297,342173,"E92000001","E19000001","E18000004","E10000007","E07000036","E05010614"
"DE7 8AZ",10,446399,342118,"E92000001","E19000001","E18000004","E10000007","E07000036","E05010614"
"DE7 8BA",10,446436,342163,"E92000001","E19000001","E18000004","E10000007","E07000036","E05010614"
"DE7 8BB",10,446454,342096,"E92000001","E19000001","E18000004","E10000007","E07000036","E05010614"
"DE7 8BD",10,446426,342054,"E92000001","E19000001","E18000004","E10000007","E07000036","E05010614"
"DE7 8BE",10,446602,344633,"E92000001","E19000001","E18000004","E10000007","E07000036","E05010606"
"DE7 8BF",10,446530,344605,"E92000001","E19000001","E18000004","E10000007","E07000036","E05010606"
"DE7 8BH",10,446484,344567,"E92000001","E19000001","E18000004","E10000007","E07000036","E05010606"
"DE7 8BJ",10,446240,342236,"E92000001","E19000001","E18000004","E10000007","E07000036","E05010614"
"DE7 8BL",10,446428,344551,"E92000001","E19000001","E18000004","E10000007","E07000036","E05010606"
"DE7 8BN",10,446627,344549,"E92000001","E19000001","E18000004","E10000007","E07000036","E05010606"
"DE7 8BP",10,446568,344530,"E92000001","E19000001","E18000004","E10000007","E07000036","E05010606"
"DE7 8BQ",10,446445,341872,"E92000001","E19000001","E18000004","E10000007","E07000036","E05010614"
"DE7 8BS",10,446299,342242,"E92000001","E19000001","E18000004","E10000007","E07000036","E05010614"
"DE7 8BT",10,446537,344496,"E92000001","E19000001","E18000004","E10000007","E07000036","E05010606"
"DE7 8BU",10,446479,342210,"E92000001","E19000001","E18000004","E10000007","E07000036","E05010614"
"DE7 8BW",10,446484,344486,"E92000001","E19000001","E18000004","E10000007","E07000036","E05010606"
"DE7 8BX",10,446443,344462,"E92000001","E19000001","E18000004","E10000007","E07000036","E05010606"
"DE7 8BY",10,446619,344456,"E92000001","E19000001","E18000004","E10000007","E07000036","E05010606"
"DE7 8BZ",10,446517,344439,"E92000001","E19000001","E18000004","E10000007","E07000036","E05010606"
"DE7 8DA",10,446462,344411,"E92000001","E19000001","E18000004","E10000007","E07000036","E05010606"
"DE7 8DD",10,446495,342070,"E92000001","E19000001","E18000004","E10000007","E07000036","E05010614"
"DE7 8DE",10,446641,344358,"E92000001","E19000001","E18000004","E10000007","E07000036","E05010606"
"DE7 8DF",10,446589,344335,"E92000001","E19000001","E18000004","E10000007","E07000036","E05010606"
"DE7 8DG",10,446642,342527,"E92000001","E19000001","E18000004","E10000007","E07000036","E05010604"
"DE7 8DH",10,446501,342560,"E92000001","E19000001","E18000004","E10000007","E07000036","E05010604"
"DE7 8DJ",10,446538,342623,"E92000001","E19000001","E18000004","E10000007","E07000036","E05010604"
"DE7 8DL",10,446525,344364,"E92000001","E19000001","E18000004","E10000007","E07000036","E05010606"
"DE7 8DN",10,446647,342582,"E92000001","E19000001","E18000004","E10000007","E07000036","E05010604"
"DE7 8DP",10,446501,344350,"E92000001","E19000001","E18000004","E10000007","E07000036","E05010606"
"DE7 8DQ",10,446574,342674,"E92000001","E19000001","E18000004","E10000007","E07000036","E05010604"
"DE7 8DR",10,446375,342595,"E92000001","E19000001","E18000004","E10000007","E07000036","E05010614"
"DE7 8DS",10,446750,342645,"E92000001","E19000001","E18000004","E10000007","E07000036","E05010604"
"DE7 8DT",10,446454,342319,"E92000001","E19000001","E18000004","E10000007","E07000036","E05010614"
"DE7 8DU",10,446873,342626,"E92000001","E19000001","E18000004","E10000007","E07000036","E05010604"
"DE7 8DW",10,446949,342588,"E92000001","E19000001","E18000004","E10000007","E07000036","E05010604"
"DE7 8DX",10,446333,342811,"E92000001","E19000001","E18000004","E10000007","E07000036","E05010604"
"DE7 8DY",10,446261,342826,"E92000001","E19000001","E18000004","E10000007","E07000036","E05010604"
"DE7 8DZ",10,446065,342930,"E92000001","E19000001","E18000004","E10000007","E07000036","E05010604"
"DE7 8EA",10,446018,342872,"E92000001","E19000001","E18000004","E10000007","E07000036","E05010604"
"DE7 8EB",10,445943,342792,"E92000001","E19000001","E18000004","E10000007","E07000036","E05010604"
"DE7 8ED",10,445999,342840,"E92000001","E19000001","E18000004","E10000007","E07000036","E05010604"
"DE7 8EE",10,446076,342786,"E92000001","E19000001","E18000004","E10000007","E07000036","E05010604"
"DE7 8EF",10,445741,342394,"E92000001","E19000001","E18000004","E10000007","E07000036","E05010614"
"DE7 8EG",10,446235,342452,"E92000001","E19000001","E18000004","E10000007","E07000036","E05010614"
"DE7 8EH",10,446286,342510,"E92000001","E19000001","E18000004","E10000007","E07000036","E05010614"
"DE7 8EJ",10,446339,342568,"E92000001","E19000001","E18000004","E10000007","E07000036","E05010614"
"DE7 8EL",10,446621,343154,"E92000001","E19000001","E18000004","E10000007","E07000036","E05010604"
"DE7 8EN",10,446621,343058,"E92000001","E19000001","E18000004","E10000007","E07000036","E05010604"
"DE7 8EP",10,446076,342736,"E92000001","E19000001","E18000004","E10000007","E07000036","E05010604"
"DE7 8EQ",10,446643,343133,"E92000001","E19000001","E18000004","E10000007","E07000036","E05010604"
"DE7 8ES",10,446261,342615,"E92000001","E19000001","E18000004","E10000007","E07000036","E05010614"
"DE7 8ET",10,446142,342779,"E92000001","E19000001","E18000004","E10000007","E07000036","E05010604"
"DE7 8EU",10,446522,342568,"E92000001","E19000001","E18000004","E10000007","E07000036","E05010604"
"DE7 8EW",10,445805,342175,"E92000001","E19000001","E18000004","E10000007","E07000036","E05010614"
"DE7 8EX",10,446152,342722,"E92000001","E19000001","E18000004","E10000007","E07000036","E05010604"
"DE7 8EY",10,446694,343101,"E92000001","E19000001","E18000004","E10000007","E07000036","E05010604"
"DE7 8EZ",10,446196,342728,"E92000001","E19000001","E18000004","E10000007","E07000036","E05010604"
"DE7 8FB",10,446527,341885,"E92000001","E19000001","E18000004","E10000007","E07000036","E05010614"
"DE7 8FD",10,446512,342040,"E92000001","E19000001","E18000004","E10000007","E07000036","E05010614"
"DE7 8FE",10,446500,342189,"E92000001","E19000001","E18000004","E10000007","E07000036","E05010614"
"DE7 8FF",10,446484,342313,"E92000001","E19000001","E18000004","E10000007","E07000036","E05010614"
"DE7 8FG",10,446505,342383,"E92000001","E19000001","E18000004","E10000007","E07000036","E05010614"
"DE7 8FH",10,446455,342523,"E92000001","E19000001","E18000004","E10000007","E07000036","E05010604"
"DE7 8FJ",10,446490,342317,"E92000001","E19000001","E18000004","E10000007","E07000036","E05010614"
"DE7 8FL",10,446544,342303,"E92000001","E19000001","E18000004","E10000007","E07000036","E05010614"
"DE7 8FN",10,446547,342916,"E92000001","E19000001","E18000004","E10000007","E07000036","E05010604"
"DE7 8FP",10,446530,342277,"E92000001","E19000001","E18000004","E10000007","E07000036","E05010614"
"DE7 8FQ",10,446571,342287,"E92000001","E19000001","E18000004","E10000007","E07000036","E05010614"
"DE7 8FR",10,446531,342262,"E92000001","E19000001","E18000004","E10000007","E07000036","E05010614"
"DE7 8FS",10,446541,342248,"E92000001","E19000001","E18000004","E10000007","E07000036","E05010614"
"DE7 8FT",10,446582,342248,"E92000001","E19000001","E18000004","E10000007","E07000036","E05010614"
"DE7 8FW",10,446560,342230,"E92000001","E19000001","E18000004","E10000007","E07000036","E05010614"
"DE7 8FZ",10,446657,342384,"E92000001","E19000001","E18000004","E10000007","E07000036","E05010612"
"DE7 8GA",10,446599,342248,"E92000001","E19000001","E18000004","E10000007","E07000036","E05010614"
"DE7 8GB",10,446642,342316,"E92000001","E19000001","E18000004","E10000007","E07000036","E05010612"
"DE7 8GD",10,446691,342392,"E92000001","E19000001","E18000004","E10000007","E07000036","E05010612"
"DE7 8GE",10,446738,342359,"E92000001","E19000001","E18000004","E10000007","E07000036","E05010612"
"DE7 8GF",10,446164,342707,"E92000001","E19000001","E18000004","E10000007","E07000036","E05010604"
"DE7 8GG",10,446852,342403,"E92000001","E19000001","E18000004","E10000007","E07000036","E05010612"
"DE7 8GH",10,446815,342379,"E92000001","E19000001","E18000004","E10000007","E07000036","E05010612"
"DE7 8GJ",10,446846,342320,"E92000001","E19000001","E18000004","E10000007","E07000036","E05010612"
"DE7 8GL",10,446887,342345,"E92000001","E19000001","E18000004","E10000007","E07000036","E05010612"
"DE7 8GN",10,446952,342434,"E92000001","E19000001","E18000004","E10000007","E07000036","E05010612"
"DE7 8GP",10,446944,342346,"E92000001","E19000001","E18000004","E10000007","E07000036","E05010612"
"DE7 8GQ",10,446996,342402,"E92000001","E19000001","E18000004","E10000007","E07000036","E05010612"
"DE7 8GR",10,447029,342364,"E92000001","E19000001","E18000004","E10000007","E07000036","E05010612"
"DE7 8GS",10,446558,341811,"E92000001","E19000001","E18000004","E10000007","E07000036","E05010614"
"DE7 8GT",10,446114,342622,"E92000001","E19000001","E18000004","E10000007","E07000036","E05010604"
"DE7 8GW",10,446039,342627,"E92000001","E19000001","E18000004","E10000007","E07000036","E05010604"
"DE7 8GY",10,446047,342670,"E92000001","E19000001","E18000004","E10000007","E07000036","E05010604"
"DE7 8GZ",10,446711,342598,"E92000001","E19000001","E18000004","E10000007","E07000036","E05010604"
"DE7 8HB",10,446780,342935,"E92000001","E19000001","E18000004","E10000007","E07000036","E05010604"
"DE7 8HD",10,446524,344215,"E92000001","E19000001","E18000004","E10000007","E07000036","E05010606"
"DE7 8HE",10,446079,342256,"E92000001","E19000001","E18000004","E10000007","E07000036","E05010614"
"DE7 8HF",10,446518,341992,"E92000001","E19000001","E18000004","E10000007","E07000036","E05010614"
"DE7 8HG",10,446051,342343,"E92000001","E19000001","E18000004","E10000007","E07000036","E05010614"
"DE7 8HJ",10,446573,342974,"E92000001","E19000001","E18000004","E10000007","E07000036","E05010604"
"DE7 8HL",10,446676,343027,"E92000001","E19000001","E18000004","E10000007","E07000036","E05010604"
"DE7 8HN",10,446523,342668,"E92000001","E19000001","E18000004","E10000007","E07000036","E05010604"
"DE7 8HP",10,446461,342614,"E92000001","E19000001","E18000004","E10000007","E07000036","E05010604"
"DE7 8HQ",10,446458,342674,"E92000001","E19000001","E18000004","E10000007","E07000036","E05010604"
"DE7 8HR",10,446490,342760,"E92000001","E19000001","E18000004","E10000007","E07000036","E05010604"
"DE7 8HS",10,446427,342735,"E92000001","E19000001","E18000004","E10000007","E07000036","E05010604"
"DE7 8HT",10,446622,343373,"E92000001","E19000001","E18000004","E10000007","E07000036","E05010604"
"DE7 8HU",10,446504,342897,"E92000001","E19000001","E18000004","E10000007","E07000036","E05010604"
"DE7 8HW",10,446591,342694,"E92000001","E19000001","E18000004","E10000007","E07000036","E05010604"
"DE7 8HX",10,446592,342755,"E92000001","E19000001","E18000004","E10000007","E07000036","E05010604"
"DE7 8HY",10,446780,342765,"E92000001","E19000001","E18000004","E10000007","E07000036","E05010604"
"DE7 8HZ",10,446954,342841,"E92000001","E19000001","E18000004","E10000007","E07000036","E05010604"
"DE7 8JA",10,446777,342796,"E92000001","E19000001","E18000004","E10000007","E07000036","E05010604"
"DE7 8JB",10,446448,343244,"E92000001","E19000001","E18000004","E10000007","E07000036","E05010604"
"DE7 8JD",10,446652,342887,"E92000001","E19000001","E18000004","E10000007","E07000036","E05010604"
"DE7 8JE",10,446583,342899,"E92000001","E19000001","E18000004","E10000007","E07000036","E05010604"
"DE7 8JF",10,446770,342990,"E92000001","E19000001","E18000004","E10000007","E07000036","E05010604"
"DE7 8JG",10,446620,343021,"E92000001","E19000001","E18000004","E10000007","E07000036","E05010604"
"DE7 8JH",10,446530,343141,"E92000001","E19000001","E18000004","E10000007","E07000036","E05010604"
"DE7 8JL",10,446749,343094,"E92000001","E19000001","E18000004","E10000007","E07000036","E05010604"
"DE7 8JN",10,446563,343091,"E92000001","E19000001","E18000004","E10000007","E07000036","E05010604"
"DE7 8JP",10,446819,343052,"E92000001","E19000001","E18000004","E10000007","E07000036","E05010604"
"DE7 8JQ",10,446631,343088,"E92000001","E19000001","E18000004","E10000007","E07000036","E05010604"
"DE7 8JR",10,446822,343091,"E92000001","E19000001","E18000004","E10000007","E07000036","E05010604"
"DE7 8JS",10,446964,343035,"E92000001","E19000001","E18000004","E10000007","E07000036","E05010604"
"DE7 8JT",10,447083,342829,"E92000001","E19000001","E18000004","E10000007","E07000036","E05010604"
"DE7 8JU",10,446727,343176,"E92000001","E19000001","E18000004","E10000007","E07000036","E05010604"
"DE7 8JW",10,446536,343211,"E92000001","E19000001","E18000004","E10000007","E07000036","E05010604"
"DE7 8JX",10,446398,343290,"E92000001","E19000001","E18000004","E10000007","E07000036","E05010604"
"DE7 8JY",10,446226,343303,"E92000001","E19000001","E18000004","E10000007","E07000036","E05010604"
"DE7 8JZ",10,446308,343179,"E92000001","E19000001","E18000004","E10000007","E07000036","E05010604"
"DE7 8LA",10,446230,343261,"E92000001","E19000001","E18000004","E10000007","E07000036","E05010604"
"DE7 8LB",10,446280,343212,"E92000001","E19000001","E18000004","E10000007","E07000036","E05010604"
"DE7 8LD",10,446257,343163,"E92000001","E19000001","E18000004","E10000007","E07000036","E05010604"
"DE7 8LE",10,446325,343207,"E92000001","E19000001","E18000004","E10000007","E07000036","E05010604"
"DE7 8LF",10,446365,343217,"E92000001","E19000001","E18000004","E10000007","E07000036","E05010604"
"DE7 8LG",10,446388,343142,"E92000001","E19000001","E18000004","E10000007","E07000036","E05010604"
"DE7 8LH",10,446275,343110,"E92000001","E19000001","E18000004","E10000007","E07000036","E05010604"
"DE7 8LJ",10,446405,343047,"E92000001","E19000001","E18000004","E10000007","E07000036","E05010604"
"DE7 8LL",10,446480,343075,"E92000001","E19000001","E18000004","E10000007","E07000036","E05010604"
"DE7 8LN",10,445691,343633,"E92000001","E19000001","E18000004","E10000007","E07000036","E05010620"
"DE7 8LP",10,445510,344177,"E92000001","E19000001","E18000004","E10000007","E07000032","E05008524"
"DE7 8LQ",10,446345,343029,"E92000001","E19000001","E18000004","E10000007","E07000036","E05010604"
"DE7 8LR",10,446849,342994,"E92000001","E19000001","E18000004","E10000007","E07000036","E05010604"
"DE7 8LT",10,446773,342859,"E92000001","E19000001","E18000004","E10000007","E07000036","E05010604"
"DE7 8LU",10,446223,343410,"E92000001","E19000001","E18000004","E10000007","E07000036","E05010604"
"DE7 8LW",10,446293,343032,"E92000001","E19000001","E18000004","E10000007","E07000036","E05010604"
"DE7 8LY",10,446367,343039,"E92000001","E19000001","E18000004","E10000007","E07000036","E05010604"
"DE7 8LZ",10,446729,343343,"E92000001","E19000001","E18000004","E10000007","E07000036","E05010604"
"DE7 8NA",10,446507,343353,"E92000001","E19000001","E18000004","E10000007","E07000036","E05010604"
"DE7 8NB",10,446394,343361,"E92000001","E19000001","E18000004","E10000007","E07000036","E05010604"
"DE7 8ND",10,446482,343361,"E92000001","E19000001","E18000004","E10000007","E07000036","E05010604"
"DE7 8NE",10,446537,343456,"E92000001","E19000001","E18000004","E10000007","E07000036","E05010604"
"DE7 8NF",10,446609,343481,"E92000001","E19000001","E18000004","E10000007","E07000036","E05010604"
"DE7 8NG",10,446492,343445,"E92000001","E19000001","E18000004","E10000007","E07000036","E05010606"
"DE7 8NH",10,446370,343423,"E92000001","E19000001","E18000004","E10000007","E07000036","E05010604"
"DE7 8NJ",10,446361,343543,"E92000001","E19000001","E18000004","E10000007","E07000036","E05010606"
"DE7 8NL",10,446292,343380,"E92000001","E19000001","E18000004","E10000007","E07000036","E05010604"
"DE7 8NN",10,446209,343381,"E92000001","E19000001","E18000004","E10000007","E07000036","E05010604"
"DE7 8NP",10,446263,343382,"E92000001","E19000001","E18000004","E10000007","E07000036","E05010604"
"DE7 8NQ",10,446421,343514,"E92000001","E19000001","E18000004","E10000007","E07000036","E05010606"
"DE7 8NR",10,446287,343565,"E92000001","E19000001","E18000004","E10000007","E07000036","E05010606"
"DE7 8NS",10,446422,343554,"E92000001","E19000001","E18000004","E10000007","E07000036","E05010606"
"DE7 8NT",10,446438,343592,"E92000001","E19000001","E18000004","E10000007","E07000036","E05010606"
"DE7 8NU",10,446488,343653,"E92000001","E19000001","E18000004","E10000007","E07000036","E05010606"
"DE7 8NW",10,446404,343701,"E92000001","E19000001","E18000004","E10000007","E07000036","E05010606"
"DE7 8NX",10,446521,343751,"E92000001","E19000001","E18000004","E10000007","E07000036","E05010606"
"DE7 8NY",10,446511,343628,"E92000001","E19000001","E18000004","E10000007","E07000036","E05010606"
"DE7 8NZ",10,446576,343628,"E92000001","E19000001","E18000004","E10000007","E07000036","E05010606"
"DE7 8PA",10,446665,343555,"E92000001","E19000001","E18000004","E10000007","E07000036","E05010604"
"DE7 8PB",10,446606,343603,"E92000001","E19000001","E18000004","E10000007","E07000036","E05010604"
"DE7 8PD",10,446689,343630,"E92000001","E19000001","E18000004","E10000007","E07000036","E05010606"
"DE7 8PE",10,446613,343683,"E92000001","E19000001","E18000004","E10000007","E07000036","E05010606"
"DE7 8PF",10,446678,343704,"E92000001","E19000001","E18000004","E10000007","E07000036","E05010606"
"DE7 8PG",10,446161,343203,"E92000001","E19000001","E18000004","E10000007","E07000036","E05010620"
"DE7 8PH",10,446617,343648,"E92000001","E19000001","E18000004","E10000007","E07000036","E05010606"
"DE7 8PJ",10,446628,343522,"E92000001","E19000001","E18000004","E10000007","E07000036","E05010604"
"DE7 8PL",10,446350,343620,"E92000001","E19000001","E18000004","E10000007","E07000036","E05010606"
"DE7 8PN",10,446719,343522,"E92000001","E19000001","E18000004","E10000007","E07000036","E05010604"
"DE7 8PP",10,446883,343321,"E92000001","E19000001","E18000004","E10000007","E07000036","E05010604"
"DE7 8PQ",10,446182,343527,"E92000001","E19000001","E18000004","E10000007","E07000036","E05010604"
"DE7 8PR",10,446149,343447,"E92000001","E19000001","E18000004","E10000007","E07000036","E05010604"
"DE7 8PS",10,446049,343501,"E92000001","E19000001","E18000004","E10000007","E07000036","E05010604"
"DE7 8PT",10,446813,343369,"E92000001","E19000001","E18000004","E10000007","E07000036","E05010604"
"DE7 8PU",10,446780,343254,"E92000001","E19000001","E18000004","E10000007","E07000036","E05010604"
"DE7 8PW",10,446900,343502,"E92000001","E19000001","E18000004","E10000007","E07000036","E05010604"
"DE7 8PX",10,446926,343461,"E92000001","E19000001","E18000004","E10000007","E07000036","E05010604"
"DE7 8PY",10,446727,343313,"E92000001","E19000001","E18000004","E10000007","E07000036","E05010604"
"DE7 8PZ",10,446788,343558,"E92000001","E19000001","E18000004","E10000007","E07000036","E05010604"
"DE7 8QA",10,445766,343984,"E92000001","E19000001","E18000004","E10000007","E07000036","E05010606"
"DE7 8QB",10,445755,344069,"E92000001","E19000001","E18000004","E10000007","E07000036","E05010606"
"DE7 8QD",10,445858,344026,"E92000001","E19000001","E18000004","E10000007","E07000036","E05010606"
"DE7 8QE",10,445828,343966,"E92000001","E19000001","E18000004","E10000007","E07000036","E05010606"
"DE7 8QF",10,445843,343849,"E92000001","E19000001","E18000004","E10000007","E07000036","E05010606"
"DE7 8QG",10,446172,343886,"E92000001","E19000001","E18000004","E10000007","E07000036","E05010606"
"DE7 8QH",10,446380,343976,"E92000001","E19000001","E18000004","E10000007","E07000036","E05010606"
"DE7 8QJ",10,446450,343938,"E92000001","E19000001","E18000004","E10000007","E07000036","E05010606"
"DE7 8QL",10,445955,343647,"E92000001","E19000001","E18000004","E10000007","E07000036","E05010606"
"DE7 8QN",10,445919,343740,"E92000001","E19000001","E18000004","E10000007","E07000036","E05010606"
"DE7 8QP",10,446213,343847,"E92000001","E19000001","E18000004","E10000007","E07000036","E05010606"
"DE7 8QQ",10,446304,343758,"E92000001","E19000001","E18000004","E10000007","E07000036","E05010606"
"DE7 8QR",10,446345,343749,"E92000001","E19000001","E18000004","E10000007","E07000036","E05010606"
"DE7 8QS",10,446445,343886,"E92000001","E19000001","E18000004","E10000007","E07000036","E05010606"
"DE7 8QT",10,446575,343824,"E92000001","E19000001","E18000004","E10000007","E07000036","E05010606"
"DE7 8QU",10,446481,343843,"E92000001","E19000001","E18000004","E10000007","E07000036","E05010606"
"DE7 8QW",10,446465,343800,"E92000001","E19000001","E18000004","E10000007","E07000036","E05010606"
"DE7 8QX",10,446607,343797,"E92000001","E19000001","E18000004","E10000007","E07000036","E05010606"
"DE7 8QY",10,446712,343785,"E92000001","E19000001","E18000004","E10000007","E07000036","E05010606"
"DE7 8QZ",10,446705,343863,"E92000001","E19000001","E18000004","E10000007","E07000036","E05010606"
"DE7 8RA",10,446745,343905,"E92000001","E19000001","E18000004","E10000007","E07000036","E05010606"
"DE7 8RB",10,446593,343891,"E92000001","E19000001","E18000004","E10000007","E07000036","E05010606"
"DE7 8RD",10,446736,343940,"E92000001","E19000001","E18000004","E10000007","E07000036","E05010606"
"DE7 8RE",10,446845,343531,"E92000001","E19000001","E18000004","E10000007","E07000036","E05010604"
"DE7 8RG",10,446510,343313,"E92000001","E19000001","E18000004","E10000007","E07000036","E05010604"
"DE7 8RH",10,445534,343653,"E92000001","E19000001","E18000004","E10000007","E07000036","E05010620"
"DE7 8RJ",10,445236,343519,"E92000001","E19000001","E18000004","E10000007","E07000036","E05010620"
"DE7 8RL",10,446205,343943,"E92000001","E19000001","E18000004","E10000007","E07000036","E05010606"
"DE7 8RN",10,446318,344123,"E92000001","E19000001","E18000004","E10000007","E07000036","E05010606"
"DE7 8RP",10,446309,344221,"E92000001","E19000001","E18000004","E10000007","E07000036","E05010606"
"DE7 8RQ",10,446211,344177,"E92000001","E19000001","E18000004","E10000007","E07000036","E05010606"
"DE7 8RR",10,446288,344080,"E92000001","E19000001","E18000004","E10000007","E07000036","E05010606"
"DE7 8RS",10,446230,344114,"E92000001","E19000001","E18000004","E10000007","E07000036","E05010606"
"DE7 8RT",10,446127,344107,"E92000001","E19000001","E18000004","E10000007","E07000036","E05010606"
"DE7 8RU",10,446073,344080,"E92000001","E19000001","E18000004","E10000007","E07000036","E05010606"
"DE7 8RW",10,445929,344118,"E92000001","E19000001","E18000004","E10000007","E07000036","E05010606"
"DE7 8RX",10,446032,344167,"E92000001","E19000001","E18000004","E10000007","E07000036","E05010606"
"DE7 8RY",10,445971,344251,"E92000001","E19000001","E18000004","E10000007","E07000036","E05010606"
"DE7 8RZ",10,446198,344452,"E92000001","E19000001","E18000004","E10000007","E07000036","E05010606"
"DE7 8SA",10,446272,344449,"E92000001","E19000001","E18000004","E10000007","E07000036","E05010606"
"DE7 8SB",10,446350,344413,"E92000001","E19000001","E18000004","E10000007","E07000036","E05010606"
"DE7 8SD",10,446198,344374,"E92000001","E19000001","E18000004","E10000007","E07000036","E05010606"
"DE7 8SE",10,446266,344310,"E92000001","E19000001","E18000004","E10000007","E07000036","E05010606"
"DE7 8SF",10,446247,344392,"E92000001","E19000001","E18000004","E10000007","E07000036","E05010606"
"DE7 8SG",10,446170,344261,"E92000001","E19000001","E18000004","E10000007","E07000036","E05010606"
"DE7 8SH",10,446114,344306,"E92000001","E19000001","E18000004","E10000007","E07000036","E05010606"
"DE7 8SJ",10,446110,344327,"E92000001","E19000001","E18000004","E10000007","E07000036","E05010606"
"DE7 8SL",10,446106,344262,"E92000001","E19000001","E18000004","E10000007","E07000036","E05010606"
"DE7 8SN",10,446043,344220,"E92000001","E19000001","E18000004","E10000007","E07000036","E05010606"
"DE7 8SP",10,446117,344207,"E92000001","E19000001","E18000004","E10000007","E07000036","E05010606"
"DE7 8SQ",10,446235,344215,"E92000001","E19000001","E18000004","E10000007","E07000036","E05010606"
"DE7 8SR",10,446343,344385,"E92000001","E19000001","E18000004","E10000007","E07000036","E05010606"
"DE7 8SS",10,446364,344323,"E92000001","E19000001","E18000004","E10000007","E07000036","E05010606"
"DE7 8ST",10,446376,344252,"E92000001","E19000001","E18000004","E10000007","E07000036","E05010606"
"DE7 8SU",10,446389,344463,"E92000001","E19000001","E18000004","E10000007","E07000036","E05010606"
"DE7 8SW",10,446491,344225,"E92000001","E19000001","E18000004","E10000007","E07000036","E05010606"
"DE7 8SX",10,446448,344203,"E92000001","E19000001","E18000004","E10000007","E07000036","E05010606"
"DE7 8SY",10,445822,343391,"E92000001","E19000001","E18000004","E10000007","E07000036","E05010620"
"DE7 8TA",10,445989,343238,"E92000001","E19000001","E18000004","E10000007","E07000036","E05010620"
"DE7 8TB",10,446085,343169,"E92000001","E19000001","E18000004","E10000007","E07000036","E05010620"
"DE7 8TD",10,446119,343311,"E92000001","E19000001","E18000004","E10000007","E07000036","E05010620"
"DE7 8TE",10,445957,343368,"E92000001","E19000001","E18000004","E10000007","E07000036","E05010620"
"DE7 8TF",10,445983,343439,"E92000001","E19000001","E18000004","E10000007","E07000036","E05010620"
"DE7 8TG",10,445877,343618,"E92000001","E19000001","E18000004","E10000007","E07000036","E05010606"
"DE7 8TH",10,445742,343948,"E92000001","E19000001","E18000004","E10000007","E07000036","E05010606"
"DE7 8TJ",10,445629,344203,"E92000001","E19000001","E18000004","E10000007","E07000036","E05010606"
"DE7 8TL",10,445744,343801,"E92000001","E19000001","E18000004","E10000007","E07000036","E05010606"
"DE7 8TN",10,445649,344081,"E92000001","E19000001","E18000004","E10000007","E07000036","E05010606"
"DE7 8TP",10,445282,344082,"E92000001","E19000001","E18000004","E10000007","E07000032","E05008524"
"DE7 8TQ",10,445660,343524,"E92000001","E19000001","E18000004","E10000007","E07000036","E05010620"
"DE7 8TR",10,445441,343627,"E92000001","E19000001","E18000004","E10000007","E07000036","E05010620"
"DE7 8TS",10,445813,343503,"E92000001","E19000001","E18000004","E10000007","E07000036","E05010620"
"DE7 8TT",10,445682,344267,"E92000001","E19000001","E18000004","E10000007","E07000036","E05010606"
"DE7 8TU",10,446513,341449,"E92000001","E19000001","E18000004","E10000007","E07000036","E05010614"
"DE7 8TW",10,445920,343596,"E92000001","E19000001","E18000004","E10000007","E07000036","E05010606"
"DE7 8TY",10,445751,344109,"E92000001","E19000001","E18000004","E10000007","E07000036","E05010606"
"DE7 8TZ",10,445871,343307,"E92000001","E19000001","E18000004","E10000007","E07000036","E05010620"
"DE7 8UA",10,445900,343163,"E92000001","E19000001","E18000004","E10000007","E07000036","E05010620"
"DE7 8UB",10,445698,343352,"E92000001","E19000001","E18000004","E10000007","E07000036","E05010620"
"DE7 8US",10,446078,343451,"E92000001","E19000001","E18000004","E10000007","E07000036","E05010620"
"DE7 8UT",10,445773,343250,"E92000001","E19000001","E18000004","E10000007","E07000036","E05010620"
"DE7 8UU",10,445771,343173,"E92000001","E19000001","E18000004","E10000007","E07000036","E05010620"
"DE7 8UW",10,445799,343124,"E92000001","E19000001","E18000004","E10000007","E07000036","E05010620"
"DE7 8UX",10,445778,343028,"E92000001","E19000001","E18000004","E10000007","E07000036","E05010620"
"DE7 8UY",10,445885,343029,"E92000001","E19000001","E18000004","E10000007","E07000036","E05010620"
"DE7 8UZ",10,445753,343268,"E92000001","E19000001","E18000004","E10000007","E07000036","E05010620"
"DE7 8WA",10,446658,344238,"E92000001","E19000001","E18000004","E10000007","E07000036","E05010606"
"DE7 8WB",10,446608,344129,"E92000001","E19000001","E18000004","E10000007","E07000036","E05010606"
"DE7 8WD",10,446680,344126,"E92000001","E19000001","E18000004","E10000007","E07000036","E05010606"
"DE7 8WE",10,446550,344234,"E92000001","E19000001","E18000004","E10000007","E07000036","E05010606"
"DE7 8WF",10,446627,344280,"E92000001","E19000001","E18000004","E10000007","E07000036","E05010606"
"DE7 8WG",10,446547,344113,"E92000001","E19000001","E18000004","E10000007","E07000036","E05010606"
"DE7 8WH",10,446577,344199,"E92000001","E19000001","E18000004","E10000007","E07000036","E05010606"
"DE7 8WJ",10,446705,344107,"E92000001","E19000001","E18000004","E10000007","E07000036","E05010606"
"DE7 8WL",10,446773,343997,"E92000001","E19000001","E18000004","E10000007","E07000036","E05010606"
"DE7 8WP",10,445905,342226,"E92000001","E19000001","E18000004","E10000007","E07000036","E05010614"
"DE7 8WQ",10,446733,344296,"E92000001","E19000001","E18000004","E10000007","E07000036","E05010606"
"DE7 8WR",10,446611,343999,"E92000001","E19000001","E18000004","E10000007","E07000036","E05010606"
"DE7 8WS",10,446599,343974,"E92000001","E19000001","E18000004","E10000007","E07000036","E05010606"
"DE7 8WT",10,446574,344055,"E92000001","E19000001","E18000004","E10000007","E07000036","E05010606"
"DE7 8WU",10,446624,344061,"E92000001","E19000001","E18000004","E10000007","E07000036","E05010606"
"DE7 8WW",10,446655,343979,"E92000001","E19000001","E18000004","E10000007","E07000036","E05010606"
"DE7 8WX",10,446773,344082,"E92000001","E19000001","E18000004","E10000007","E07000036","E05010606"
"DE7 8WY",10,446780,344199,"E92000001","E19000001","E18000004","E10000007","E07000036","E05010606"
"DE7 8XD",10,445905,342226,"E92000001","E19000001","E18000004","E10000007","E07000036","E05010614"
"DE7 8XJ",10,445905,342226,"E92000001","E19000001","E18000004","E10000007","E07000036","E05010614"
"DE7 8YA",10,445526,342427,"E92000001","E19000001","E18000004","E10000007","E07000036","E05010614"
"DE7 8YD",10,446798,343491,"E92000001","E19000001","E18000004","E10000007","E07000036","E05010604"
"DE7 8YF",10,446048,343009,"E92000001","E19000001","E18000004","E10000007","E07000036","E05010620"
"DE7 8YG",10,446225,342714,"E92000001","E19000001","E18000004","E10000007","E07000036","E05010604"
"DE7 8YH",10,446261,342730,"E92000001","E19000001","E18000004","E10000007","E07000036","E05010604"
"DE7 8YL",10,446165,342637,"E92000001","E19000001","E18000004","E10000007","E07000036","E05010604"
"DE7 8ZA",10,445905,342226,"E92000001","E19000001","E18000004","E10000007","E07000036","E05010614"
"DE7 8ZG",10,445905,342226,"E92000001","E19000001","E18000004","E10000007","E07000036","E05010614"
"DE7 8ZN",10,446040,343925,"E92000001","E19000001","E18000004","E10000007","E07000036","E05010606"
"DE7 8ZX",10,445905,342226,"E92000001","E19000001","E18000004","E10000007","E07000036","E05010614"
"DE7 9GA",10,445409,343379,"E92000001","E19000001","E18000004","E10000007","E07000036","E05010620"
"DE7 9GB",10,445318,343356,"E92000001","E19000001","E18000004","E10000007","E07000036","E05010620"
"DE7 9HA",10,445693,343096,"E92000001","E19000001","E18000004","E10000007","E07000036","E05010620"
"DE7 9HB",10,445744,343042,"E92000001","E19000001","E18000004","E10000007","E07000036","E05010620"
"DE7 9HD",10,445598,343017,"E92000001","E19000001","E18000004","E10000007","E07000036","E05010620"
"DE7 9HE",10,445625,343255,"E92000001","E19000001","E18000004","E10000007","E07000036","E05010620"
"DE7 9HF",10,445665,343260,"E92000001","E19000001","E18000004","E10000007","E07000036","E05010620"
"DE7 9HG",10,445222,343209,"E92000001","E19000001","E18000004","E10000007","E07000036","E05010620"
"DE7 9HH",10,445358,343336,"E92000001","E19000001","E18000004","E10000007","E07000036","E05010620"
"DE7 9HJ",10,445532,343259,"E92000001","E19000001","E18000004","E10000007","E07000036","E05010620"
"DE7 9HL",10,445403,343245,"E92000001","E19000001","E18000004","E10000007","E07000036","E05010620"
"DE7 9HN",10,445550,343179,"E92000001","E19000001","E18000004","E10000007","E07000036","E05010620"
"DE7 9HP",10,445266,343038,"E92000001","E19000001","E18000004","E10000007","E07000036","E05010620"
"DE7 9HQ",10,445330,343305,"E92000001","E19000001","E18000004","E10000007","E07000036","E05010620"
"DE7 9HR",10,445316,343125,"E92000001","E19000001","E18000004","E10000007","E07000036","E05010620"
"DE7 9HT",10,445386,343232,"E92000001","E19000001","E18000004","E10000007","E07000036","E05010620"
"DE7 9HU",10,445501,343113,"E92000001","E19000001","E18000004","E10000007","E07000036","E05010620"
"DE7 9HW",10,445440,343178,"E92000001","E19000001","E18000004","E10000007","E07000036","E05010620"
"DE7 9HX",10,445588,343112,"E92000001","E19000001","E18000004","E10000007","E07000036","E05010620"
"DE7 9HY",10,445564,343166,"E92000001","E19000001","E18000004","E10000007","E07000036","E05010620"
"DE7 9HZ",10,445509,343211,"E92000001","E19000001","E18000004","E10000007","E07000036","E05010620"
"DE7 9JA",10,445378,342889,"E92000001","E19000001","E18000004","E10000007","E07000036","E05010620"
"DE7 9JB",10,445619,343377,"E92000001","E19000001","E18000004","E10000007","E07000036","E05010620"
"DE7 9JD",10,445177,343235,"E92000001","E19000001","E18000004","E10000007","E07000036","E05010620"
"DE7 9JE",10,445276,343182,"E92000001","E19000001","E18000004","E10000007","E07000036","E05010620"
"DE7 9JF",10,445499,343391,"E92000001","E19000001","E18000004","E10000007","E07000036","E05010620"
"DE7 9JG",10,445474,343489,"E92000001","E19000001","E18000004","E10000007","E07000036","E05010620"
"DE7 9JH",10,445568,343429,"E92000001","E19000001","E18000004","E10000007","E07000036","E05010620"
"DE7 9JJ",10,445791,342909,"E92000001","E19000001","E18000004","E10000007","E07000036","E05010620"
"DE7 9JL",10,445817,342839,"E92000001","E19000001","E18000004","E10000007","E07000036","E05010620"
"DE7 9JN",10,445791,342939,"E92000001","E19000001","E18000004","E10000007","E07000036","E05010620"
"DE7 9JP",10,445585,342722,"E92000001","E19000001","E18000004","E10000007","E07000036","E05010620"
"DE7 9JQ",10,445575,342939,"E92000001","E19000001","E18000004","E10000007","E07000036","E05010620"
"DE7 9JR",10,445605,342891,"E92000001","E19000001","E18000004","E10000007","E07000036","E05010620"
"DE7 9JS",10,445654,342827,"E92000001","E19000001","E18000004","E10000007","E07000036","E05010620"
"DE7 9JT",10,445555,342820,"E92000001","E19000001","E18000004","E10000007","E07000036","E05010620"
"DE7 9JU",10,445489,342796,"E92000001","E19000001","E18000004","E10000007","E07000036","E05010620"
"DE7 9JW",10,445211,343458,"E92000001","E19000001","E18000004","E10000007","E07000036","E05010620"
"DE7 9JX",10,445299,343481,"E92000001","E19000001","E18000004","E10000007","E07000036","E05010620"
"DE7 9JY",10,445341,343524,"E92000001","E19000001","E18000004","E10000007","E07000036","E05010620"
"DE7 9JZ",10,445307,343409,"E92000001","E19000001","E18000004","E10000007","E07000036","E05010620"
"DE7 9LA",10,445359,342804,"E92000001","E19000001","E18000004","E10000007","E07000036","E05010620"
"DE7 9LB",10,445449,342760,"E92000001","E19000001","E18000004","E10000007","E07000036","E05010620"
"DE7 9LD",10,445416,342869,"E92000001","E19000001","E18000004","E10000007","E07000036","E05010620"
"DE7 9LE",10,445405,342698,"E92000001","E19000001","E18000004","E10000007","E07000036","E05010620"
"DE7 9LF",10,445220,343342,"E92000001","E19000001","E18000004","E10000007","E07000036","E05010620"
"DE7 9LG",10,445121,343345,"E92000001","E19000001","E18000004","E10000007","E07000036","E05010620"
"DE7 9LH",10,446017,342994,"E92000001","E19000001","E18000004","E10000007","E07000036","E05010620"
"DE7 9LJ",10,445291,342835,"E92000001","E19000001","E18000004","E10000007","E07000036","E05010620"
"DE7 9LL",10,445232,342822,"E92000001","E19000001","E18000004","E10000007","E07000036","E05010620"
"DE7 9LN",10,445258,342718,"E92000001","E19000001","E18000004","E10000007","E07000036","E05010620"
"DE7 9LP",10,445588,342644,"E92000001","E19000001","E18000004","E10000007","E07000036","E05010620"
"DE7 9LS",10,445148,343458,"E92000001","E19000001","E18000004","E10000007","E07000036","E05010620"
"DE7 9LT",10,445156,343403,"E92000001","E19000001","E18000004","E10000007","E07000036","E05010620"
"DE7 9ZQ",10,445905,342226,"E92000001","E19000001","E18000004","E10000007","E07000036","E05010614"
"DE7 9ZW",10,445905,342226,"E92000001","E19000001","E18000004","E10000007","E07000036","E05010614"
"DE722AA",10,441509,329488,"E92000001","E19000001","E18000004","E10000007","E07000039","E05008809"
"DE722AB",10,441646,329623,"E92000001","E19000001","E18000004","E10000007","E07000039","E05008809"
"DE722AD",10,442318,330101,"E92000001","E19000001","E18000004","E10000007","E07000039","E05008809"
"DE722AE",10,441473,329883,"E92000001","E19000001","E18000004","E10000007","E07000039","E05008809"
"DE722AF",10,441513,329900,"E92000001","E19000001","E18000004","E10000007","E07000039","E05008809"
"DE722AG",10,441590,329777,"E92000001","E19000001","E18000004","E10000007","E07000039","E05008809"
"DE722AH",10,441545,329378,"E92000001","E19000001","E18000004","E10000007","E07000039","E05008809"
"DE722AJ",10,441586,329383,"E92000001","E19000001","E18000004","E10000007","E07000039","E05008809"
"DE722AN",10,441919,329442,"E92000001","E19000001","E18000004","E10000007","E07000039","E05008809"
"DE722AP",10,441622,329345,"E92000001","E19000001","E18000004","E10000007","E07000039","E05008809"
"DE722AQ",10,442218,329802,"E92000001","E19000001","E18000004","E10000007","E07000039","E05008809"
"DE722AS",10,441380,329489,"E92000001","E19000001","E18000004","E10000007","E07000039","E05008809"
"DE722AT",10,441598,329947,"E92000001","E19000001","E18000004","E10000007","E07000039","E05008809"
"DE722AU",10,441300,329665,"E92000001","E19000001","E18000004","E10000007","E07000039","E05008809"
"DE722AW",10,441167,329620,"E92000001","E19000001","E18000004","E10000007","E07000039","E05008809"
"DE722AX",10,441009,329602,"E92000001","E19000001","E18000004","E10000007","E07000039","E05008809"
"DE722AY",10,441553,330151,"E92000001","E19000001","E18000004","E10000007","E07000039","E05008809"
"DE722AZ",10,441424,329390,"E92000001","E19000001","E18000004","E10000007","E07000039","E05008809"
"DE722BA",10,441153,329300,"E92000001","E19000001","E18000004","E10000007","E07000039","E05008809"
"DE722BB",10,441022,329331,"E92000001","E19000001","E18000004","E10000007","E07000039","E05008809"
"DE722BD",10,441022,329396,"E92000001","E19000001","E18000004","E10000007","E07000039","E05008809"
"DE722BE",10,441058,329398,"E92000001","E19000001","E18000004","E10000007","E07000039","E05008809"
"DE722BG",10,441103,329054,"E92000001","E19000001","E18000004","E10000007","E07000039","E05008809"
"DE722BH",10,440736,328513,"E92000001","E19000001","E18000004","E10000007","E07000039","E05008809"
"DE722BJ",10,440466,328300,"E92000001","E19000001","E18000004","E10000007","E07000039","E05008809"
"DE722BL",10,440367,328058,"E92000001","E19000001","E18000004","E10000007","E07000039","E05008809"
"DE722BN",10,440428,328205,"E92000001","E19000001","E18000004","E10000007","E07000039","E05008809"
"DE722BP",10,440525,328157,"E92000001","E19000001","E18000004","E10000007","E07000039","E05008809"
"DE722BQ",10,440530,328008,"E92000001","E19000001","E18000004","E10000007","E07000039","E05008809"
"DE722BR",10,440217,327826,"E92000001","E19000001","E18000004","E10000007","E07000039","E05008809"
"DE722BS",10,440546,328204,"E92000001","E19000001","E18000004","E10000007","E07000039","E05008809"
"DE722BT",10,440512,327905,"E92000001","E19000001","E18000004","E10000007","E07000039","E05008809"
"DE722BU",10,439163,327688,"E92000001","E19000001","E18000004","E10000007","E07000039","E05008809"
"DE722BW",10,441718,329577,"E92000001","E19000001","E18000004","E10000007","E07000039","E05008809"
"DE722BX",10,441685,329451,"E92000001","E19000001","E18000004","E10000007","E07000039","E05008809"
"DE722BY",10,441588,329480,"E92000001","E19000001","E18000004","E10000007","E07000039","E05008809"
"DE722BZ",10,440483,328072,"E92000001","E19000001","E18000004","E10000007","E07000039","E05008809"
"DE722DA",10,439350,329495,"E92000001","E19000001","E18000004","E10000007","E07000039","E05008809"
"DE722DB",10,441572,329602,"E92000001","E19000001","E18000004","E10000007","E07000039","E05008809"
"DE722DD",10,441500,329231,"E92000001","E19000001","E18000004","E10000007","E07000039","E05008809"
"DE722DE",10,441498,329161,"E92000001","E19000001","E18000004","E10000007","E07000039","E05008809"
"DE722DF",10,441312,329036,"E92000001","E19000001","E18000004","E10000007","E07000039","E05008809"
"DE722DG",10,441223,329034,"E92000001","E19000001","E18000004","E10000007","E07000039","E05008809"
"DE722DH",10,441521,329361,"E92000001","E19000001","E18000004","E10000007","E07000039","E05008809"
"DE722DJ",10,440364,327992,"E92000001","E19000001","E18000004","E10000007","E07000039","E05008809"
"DE722DL",10,441358,329076,"E92000001","E19000001","E18000004","E10000007","E07000039","E05008809"
"DE722DN",10,441138,329164,"E92000001","E19000001","E18000004","E10000007","E07000039","E05008809"
"DE722DP",10,441129,329011,"E92000001","E19000001","E18000004","E10000007","E07000039","E05008809"
"DE722DQ",10,440581,328260,"E92000001","E19000001","E18000004","E10000007","E07000039","E05008809"
"DE722DR",10,440106,327697,"E92000001","E19000001","E18000004","E10000007","E07000039","E05008809"
"DE722DS",10,441496,328957,"E92000001","E19000001","E18000004","E10000007","E07000039","E05008809"
"DE722DT",10,441377,329438,"E92000001","E19000001","E18000004","E10000007","E07000039","E05008809"
"DE722DU",10,441318,329408,"E92000001","E19000001","E18000004","E10000007","E07000039","E05008809"
"DE722DW",10,441479,329469,"E92000001","E19000001","E18000004","E10000007","E07000039","E05008809"
"DE722DX",10,441424,330194,"E92000001","E19000001","E18000004","E10000007","E07000039","E05008809"
"DE722DY",10,442896,330510,"E92000001","E19000001","E18000004","E10000007","E07000039","E05008809"
"DE722DZ",10,441736,329678,"E92000001","E19000001","E18000004","E10000007","E07000039","E05008809"
"DE722ED",50,442440,330225,"E92000001","E19000001","E18000004","E10000007","E07000039","E05008809"
"DE722GA",10,444172,330283,"E92000001","E19000001","E18000004","E10000007","E07000039","E05008809"
"DE722GD",10,442762,330468,"E92000001","E19000001","E18000004","E10000007","E07000039","E05008809"
"DE722GE",10,443093,330536,"E92000001","E19000001","E18000004","E10000007","E07000039","E05008809"
"DE722GH",10,444258,330379,"E92000001","E19000001","E18000004","E10000007","E07000039","E05008809"
"DE722GL",10,444103,330166,"E92000001","E19000001","E18000004","E10000007","E07000039","E05008809"
"DE722GP",10,443658,330381,"E92000001","E19000001","E18000004","E10000007","E07000039","E05008809"
"DE722GQ",10,443510,330436,"E92000001","E19000001","E18000004","E10000007","E07000039","E05008809"
"DE722GR",10,443141,330607,"E92000001","E19000001","E18000004","E10000007","E07000039","E05008809"
"DE722GS",10,443440,330324,"E92000001","E19000001","E18000004","E10000007","E07000039","E05008809"
"DE722GU",10,443225,330642,"E92000001","E19000001","E18000004","E10000007","E07000039","E05008809"
"DE722GW",10,442743,330675,"E92000001","E19000001","E18000004","E10000007","E07000039","E05008809"
"DE722GX",10,443336,330333,"E92000001","E19000001","E18000004","E10000007","E07000039","E05008809"
"DE722GY",10,443226,330428,"E92000001","E19000001","E18000004","E10000007","E07000039","E05008809"
"DE722GZ",10,443075,330485,"E92000001","E19000001","E18000004","E10000007","E07000039","E05008809"
"DE722HA",10,444448,330406,"E92000001","E19000001","E18000004","E10000007","E07000039","E05008809"
"DE722HD",10,444633,330528,"E92000001","E19000001","E18000004","E10000007","E07000039","E05008809"
"DE722HE",10,444548,330639,"E92000001","E19000001","E18000004","E10000007","E07000039","E05008809"
"DE722HF",10,444850,330901,"E92000001","E19000001","E18000004","E10000007","E07000039","E05008809"
"DE722HG",10,444437,330536,"E92000001","E19000001","E18000004","E10000007","E07000039","E05008809"
"DE722HH",10,444501,330511,"E92000001","E19000001","E18000004","E10000007","E07000039","E05008809"
"DE722HJ",10,444456,330232,"E92000001","E19000001","E18000004","E10000007","E07000039","E05008809"
"DE722HL",10,444730,329846,"E92000001","E19000001","E18000004","E10000018","E07000134","E05010101"
"DE722HN",10,445157,329667,"E92000001","E19000001","E18000004","E10000018","E07000134","E05010101"
"DE722HP",10,446378,330189,"E92000001","E19000001","E18000004","E10000018","E07000134","E05010106"
"DE722HS",10,444491,330622,"E92000001","E19000001","E18000004","E10000007","E07000039","E05008809"
"DE722HW",10,441593,329672,"E92000001","E19000001","E18000004","E10000007","E07000039","E05008809"
"DE722HX",10,440551,328058,"E92000001","E19000001","E18000004","E10000007","E07000039","E05008809"
"DE722SP",10,442581,329429,"E92000001","E19000001","E18000004","E10000007","E07000039","E05008809"
"DE722UH",10,441436,329655,"E92000001","E19000001","E18000004","E10000007","E07000039","E05008809"
"DE722UJ",10,441580,329879,"E92000001","E19000001","E18000004","E10000007","E07000039","E05008809"
"DE722UQ",10,441375,329606,"E92000001","E19000001","E18000004","E10000007","E07000039","E05008809"
"DE722WA",10,442686,330250,"E92000001","E19000001","E18000004","E10000007","E07000039","E05008809"
"DE722WD",10,443120,330438,"E92000001","E19000001","E18000004","E10000007","E07000039","E05008809"
"DE722WE",10,444278,330416,"E92000001","E19000001","E18000004","E10000007","E07000039","E05008809"
"DE722WW",10,442440,330225,"E92000001","E19000001","E18000004","E10000007","E07000039","E05008809"
"DE723AA",10,446457,333845,"E92000001","E19000001","E18000004","E10000007","E07000036","E05010605"
"DE723AB",10,446591,333871,"E92000001","E19000001","E18000004","E10000007","E07000036","E05010605"
"DE723AD",10,446530,333841,"E92000001","E19000001","E18000004","E10000007","E07000036","E05010605"
"DE723AE",10,446590,333713,"E92000001","E19000001","E18000004","E10000007","E07000036","E05010605"
"DE723AF",10,446870,333674,"E92000001","E19000001","E18000004","E10000007","E07000036","E05010605"
"DE723AG",10,446866,333605,"E92000001","E19000001","E18000004","E10000007","E07000036","E05010605"
"DE723AH",10,446593,333516,"E92000001","E19000001","E18000004","E10000007","E07000036","E05010605"
"DE723AJ",10,446640,333436,"E92000001","E19000001","E18000004","E10000007","E07000036","E05010605"
"DE723AL",10,446776,333530,"E92000001","E19000001","E18000004","E10000007","E07000036","E05010605"
"DE723AN",10,446941,333501,"E92000001","E19000001","E18000004","E10000007","E07000036","E05010605"
"DE723AP",10,447039,333515,"E92000001","E19000001","E18000004","E10000007","E07000036","E05010605"
"DE723AQ",10,447011,333389,"E92000001","E19000001","E18000004","E10000007","E07000036","E05010605"
"DE723AR",10,446881,333503,"E92000001","E19000001","E18000004","E10000007","E07000036","E05010605"
"DE723AS",10,446793,333425,"E92000001","E19000001","E18000004","E10000007","E07000036","E05010605"
"DE723AT",10,446495,333557,"E92000001","E19000001","E18000004","E10000007","E07000036","E05010605"
"DE723AU",10,446071,333815,"E92000001","E19000001","E18000004","E10000007","E07000036","E05010605"
"DE723AW",10,446051,333660,"E92000001","E19000001","E18000004","E10000007","E07000036","E05010605"
"DE723AX",10,446159,334218,"E92000001","E19000001","E18000004","E10000007","E07000036","E05010605"
"DE723AY",10,445980,333718,"E92000001","E19000001","E18000004","E10000007","E07000036","E05010605"
"DE723AZ",10,445999,333860,"E92000001","E19000001","E18000004","E10000007","E07000036","E05010605"
"DE723BA",10,446007,333916,"E92000001","E19000001","E18000004","E10000007","E07000036","E05010605"
"DE723BB",10,446242,334050,"E92000001","E19000001","E18000004","E10000007","E07000036","E05010605"
"DE723BD",10,446490,334110,"E92000001","E19000001","E18000004","E10000007","E07000036","E05010605"
"DE723BE",10,446706,334201,"E92000001","E19000001","E18000004","E10000007","E07000036","E05010605"
"DE723BF",10,446493,333446,"E92000001","E19000001","E18000004","E10000007","E07000036","E05010605"
"DE723BG",10,446812,334151,"E92000001","E19000001","E18000004","E10000007","E07000036","E05010605"
"DE723BH",10,446739,333872,"E92000001","E19000001","E18000004","E10000007","E07000036","E05010605"
"DE723BJ",10,446774,334025,"E92000001","E19000001","E18000004","E10000007","E07000036","E05010605"
"DE723BL",10,446840,333883,"E92000001","E19000001","E18000004","E10000007","E07000036","E05010605"
"DE723BN",10,446913,333779,"E92000001","E19000001","E18000004","E10000007","E07000036","E05010605"
"DE723BP",10,446022,334090,"E92000001","E19000001","E18000004","E10000007","E07000036","E05010605"
"DE723BR",10,446923,333982,"E92000001","E19000001","E18000004","E10000007","E07000036","E05010605"
"DE723BS",10,445899,333577,"E92000001","E19000001","E18000004","E10000007","E07000036","E05010605"
"DE723BT",10,445717,333710,"E92000001","E19000001","E18000004","E10000007","E07000036","E05010605"
"DE723BU",10,445847,333686,"E92000001","E19000001","E18000004","E10000007","E07000036","E05010605"
"DE723BW",10,445942,333898,"E92000001","E19000001","E18000004","E10000007","E07000036","E05010605"
"DE723BX",10,445823,333876,"E92000001","E19000001","E18000004","E10000007","E07000036","E05010605"
"DE723BY",10,445840,333913,"E92000001","E19000001","E18000004","E10000007","E07000036","E05010605"
"DE723BZ",10,445954,333781,"E92000001","E19000001","E18000004","E10000007","E07000036","E05010605"
"DE723DA",10,445729,333453,"E92000001","E19000001","E18000004","E10000007","E07000036","E05010605"
"DE723DB",10,445346,333377,"E92000001","E19000001","E18000004","E10000007","E07000036","E05010605"
"DE723DD",10,445657,333350,"E92000001","E19000001","E18000004","E10000007","E07000036","E05010605"
"DE723DE",10,445463,333352,"E92000001","E19000001","E18000004","E10000007","E07000036","E05010605"
"DE723DF",10,445054,333507,"E92000001","E19000001","E18000004","E10000007","E07000036","E05010605"
"DE723DG",10,445166,333530,"E92000001","E19000001","E18000004","E10000007","E07000036","E05010605"
"DE723DH",10,445216,333474,"E92000001","E19000001","E18000004","E10000007","E07000036","E05010605"
"DE723DJ",10,445114,333601,"E92000001","E19000001","E18000004","E10000007","E07000036","E05010605"
"DE723DL",10,444917,333461,"E92000001","E19000001","E18000004","E10000007","E07000036","E05010605"
"DE723DN",10,444966,333408,"E92000001","E19000001","E18000004","E10000007","E07000036","E05010605"
"DE723DP",10,444931,333531,"E92000001","E19000001","E18000004","E10000007","E07000036","E05010605"
"DE723DQ",10,445470,334306,"E92000001","E19000001","E18000004","E10000007","E07000036","E05010605"
"DE723DR",10,445261,333509,"E92000001","E19000001","E18000004","E10000007","E07000036","E05010605"
"DE723DS",10,445265,333322,"E92000001","E19000001","E18000004","E10000007","E07000036","E05010605"
"DE723DT",10,447120,333448,"E92000001","E19000001","E18000004","E10000007","E07000036","E05010605"
"DE723DU",10,445957,333562,"E92000001","E19000001","E18000004","E10000007","E07000036","E05010605"
"DE723DW",10,446040,333575,"E92000001","E19000001","E18000004","E10000007","E07000036","E05010605"
"DE723DX",10,445956,333507,"E92000001","E19000001","E18000004","E10000007","E07000036","E05010605"
"DE723DY",10,445976,333460,"E92000001","E19000001","E18000004","E10000007","E07000036","E05010605"
"DE723DZ",10,446079,333507,"E92000001","E19000001","E18000004","E10000007","E07000036","E05010605"
"DE723EA",10,446317,333621,"E92000001","E19000001","E18000004","E10000007","E07000036","E05010605"
"DE723EB",10,446377,333577,"E92000001","E19000001","E18000004","E10000007","E07000036","E05010605"
"DE723ED",10,446282,333708,"E92000001","E19000001","E18000004","E10000007","E07000036","E05010605"
"DE723EE",10,446375,333822,"E92000001","E19000001","E18000004","E10000007","E07000036","E05010605"
"DE723EF",10,446242,333384,"E92000001","E19000001","E18000004","E10000007","E07000036","E05010605"
"DE723EG",10,446381,333479,"E92000001","E19000001","E18000004","E10000007","E07000036","E05010605"
"DE723EH",10,446194,333813,"E92000001","E19000001","E18000004","E10000007","E07000036","E05010605"
"DE723EJ",10,446198,333767,"E92000001","E19000001","E18000004","E10000007","E07000036","E05010605"
"DE723EL",10,446118,333434,"E92000001","E19000001","E18000004","E10000007","E07000036","E05010605"
"DE723EN",10,441279,333460,"E92000001","E19000001","E18000004","E10000007","E07000039","E05008809"
"DE723EP",10,440646,333025,"E92000001","E19000001","E18000004","E10000007","E07000039","E05008809"
"DE723EQ",10,441072,332564,"E92000001","E19000001","E18000004","E10000007","E07000039","E05008809"
"DE723ER",10,441094,332495,"E92000001","E19000001","E18000004","E10000007","E07000039","E05008809"
"DE723ES",10,442825,332586,"E92000001","E19000001","E18000004","E10000007","E07000039","E05008809"
"DE723ET",10,443374,331827,"E92000001","E19000001","E18000004","E10000007","E07000039","E05008809"
"DE723EU",10,441308,332066,"E92000001","E19000001","E18000004","E10000007","E07000039","E05008809"
"DE723EW",10,440989,331976,"E92000001","E19000001","E18000004","E10000007","E07000039","E05008809"
"DE723EX",10,440900,331978,"E92000001","E19000001","E18000004","E10000007","E07000039","E05008809"
"DE723EY",10,440769,331898,"E92000001","E19000001","E18000004","E10000007","E07000039","E05008809"
"DE723EZ",10,440705,331760,"E92000001","E19000001","E18000004","E10000007","E07000039","E05008809"
"DE723FB",10,439761,331169,"E92000001","E19000001","E18000004","E10000007","E07000039","E05008809"
"DE723FD",10,440884,331880,"E92000001","E19000001","E18000004","E10000007","E07000039","E05008809"
"DE723FE",10,441391,331706,"E92000001","E19000001","E18000004","E10000007","E07000039","E05008809"
"DE723FF",10,442349,331391,"E92000001","E19000001","E18000004","E10000007","E07000039","E05008809"
"DE723FG",10,440943,331916,"E92000001","E19000001","E18000004","E10000007","E07000039","E05008809"
"DE723FH",10,446533,334014,"E92000001","E19000001","E18000004","E10000007","E07000036","E05010605"
"DE723FJ",10,441979,334290,"E92000001","E19000001","E18000004","E10000007","E07000036","E05010617"
"DE723FL",10,441832,334489,"E92000001","E19000001","E18000004","E10000007","E07000036","E05010617"
"DE723FN",10,441994,334426,"E92000001","E19000001","E18000004","E10000007","E07000036","E05010617"
"DE723FP",10,442212,334327,"E92000001","E19000001","E18000004","E10000007","E07000036","E05010617"
"DE723FQ",10,442369,334334,"E92000001","E19000001","E18000004","E10000007","E07000036","E05010617"
"DE723FR",10,442592,334469,"E92000001","E19000001","E18000004","E10000007","E07000036","E05010617"
"DE723FS",10,442659,334403,"E92000001","E19000001","E18000004","E10000007","E07000036","E05010617"
"DE723FT",10,442351,334271,"E92000001","E19000001","E18000004","E10000007","E07000036","E05010617"
"DE723FW",10,441999,334191,"E92000001","E19000001","E18000004","E10000007","E07000036","E05010617"
"DE723FX",10,442573,334785,"E92000001","E19000001","E18000004","E10000007","E07000036","E05010617"
"DE723FY",10,442073,334419,"E92000001","E19000001","E18000004","E10000007","E07000036","E05010617"
"DE723FZ",10,442174,334431,"E92000001","E19000001","E18000004","E10000007","E07000036","E05010617"
"DE723GA",10,442293,334472,"E92000001","E19000001","E18000004","E10000007","E07000036","E05010617"
"DE723GB",10,442128,334507,"E92000001","E19000001","E18000004","E10000007","E07000036","E05010617"
"DE723GD",10,441963,334532,"E92000001","E19000001","E18000004","E10000007","E07000036","E05010617"
"DE723GE",10,441965,334680,"E92000001","E19000001","E18000004","E10000007","E07000036","E05010617"
"DE723GF",10,441841,334745,"E92000001","E19000001","E18000004","E10000007","E07000036","E05010617"
"DE723GG",10,442284,334207,"E92000001","E19000001","E18000004","E10000007","E07000036","E05010617"
"DE723GH",10,442784,332621,"E92000001","E19000001","E18000004","E10000007","E07000039","E05008809"
"DE723GJ",10,442552,334143,"E92000001","E19000001","E18000004","E10000007","E07000036","E05010617"
"DE723GL",10,442281,334132,"E92000001","E19000001","E18000004","E10000007","E07000036","E05010617"
"DE723GN",10,442660,334643,"E92000001","E19000001","E18000004","E10000007","E07000036","E05010617"
"DE723GP",10,442600,334853,"E92000001","E19000001","E18000004","E10000007","E07000036","E05010617"
"DE723GQ",10,442521,334953,"E92000001","E19000001","E18000004","E10000007","E07000036","E05010617"
"DE723GR",10,442556,334689,"E92000001","E19000001","E18000004","E10000007","E07000036","E05010617"
"DE723GS",10,442541,334625,"E92000001","E19000001","E18000004","E10000007","E07000036","E05010617"
"DE723GT",10,442538,334551,"E92000001","E19000001","E18000004","E10000007","E07000036","E05010617"
"DE723GU",10,442047,334353,"E92000001","E19000001","E18000004","E10000007","E07000036","E05010617"
"DE723GW",10,441950,334509,"E92000001","E19000001","E18000004","E10000007","E07000036","E05010617"
"DE723GX",10,442250,334175,"E92000001","E19000001","E18000004","E10000007","E07000036","E05010617"
"DE723GY",10,442324,334282,"E92000001","E19000001","E18000004","E10000007","E07000036","E05010617"
"DE723GZ",10,441011,332508,"E92000001","E19000001","E18000004","E10000007","E07000039","E05008809"
"DE723HA",10,441541,334614,"E92000001","E19000001","E18000004","E10000007","E07000036","E05010617"
"DE723HB",10,441388,334711,"E92000001","E19000001","E18000004","E10000007","E07000036","E05010617"
"DE723HD",10,441728,334596,"E92000001","E19000001","E18000004","E10000007","E07000036","E05010617"
"DE723HE",10,441719,334689,"E92000001","E19000001","E18000004","E10000007","E07000036","E05010617"
"DE723HF",10,441747,334874,"E92000001","E19000001","E18000004","E10000007","E07000036","E05010617"
"DE723HG",10,441893,335169,"E92000001","E19000001","E18000004","E10000007","E07000036","E05010617"
"DE723HH",10,442847,332768,"E92000001","E19000001","E18000004","E10000007","E07000039","E05008809"
"DE723HJ",10,441797,335234,"E92000001","E19000001","E18000004","E10000007","E07000036","E05010617"
"DE723HL",10,445691,333593,"E92000001","E19000001","E18000004","E10000007","E07000036","E05010605"
"DE723HN",10,441651,335436,"E92000001","E19000001","E18000004","E10000007","E07000036","E05010617"
"DE723HP",10,441796,334613,"E92000001","E19000001","E18000004","E10000007","E07000036","E05010617"
"DE723HQ",10,441985,334949,"E92000001","E19000001","E18000004","E10000007","E07000036","E05010617"
"DE723HR",10,442061,334951,"E92000001","E19000001","E18000004","E10000007","E07000036","E05010617"
"DE723HS",10,441835,335146,"E92000001","E19000001","E18000004","E10000007","E07000036","E05010617"
"DE723HT",10,441832,334544,"E92000001","E19000001","E18000004","E10000007","E07000036","E05010617"
"DE723HU",10,441754,334218,"E92000001","E19000001","E18000004","E10000007","E07000036","E05010617"
"DE723HW",10,442464,334596,"E92000001","E19000001","E18000004","E10000007","E07000036","E05010617"
"DE723HX",10,442489,334890,"E92000001","E19000001","E18000004","E10000007","E07000036","E05010617"
"DE723HY",10,442348,335018,"E92000001","E19000001","E18000004","E10000007","E07000036","E05010617"
"DE723HZ",10,442291,335045,"E92000001","E19000001","E18000004","E10000007","E07000036","E05010617"
"DE723JA",10,442327,334551,"E92000001","E19000001","E18000004","E10000007","E07000036","E05010617"
"DE723JB",10,442335,334658,"E92000001","E19000001","E18000004","E10000007","E07000036","E05010617"
"DE723JD",10,442338,334730,"E92000001","E19000001","E18000004","E10000007","E07000036","E05010617"
"DE723JE",10,442200,334738,"E92000001","E19000001","E18000004","E10000007","E07000036","E05010617"
"DE723JF",10,442373,334761,"E92000001","E19000001","E18000004","E10000007","E07000036","E05010617"
"DE723JG",10,442376,334835,"E92000001","E19000001","E18000004","E10000007","E07000036","E05010617"
"DE723JH",10,442477,335024,"E92000001","E19000001","E18000004","E10000007","E07000036","E05010617"
"DE723JJ",10,442366,334917,"E92000001","E19000001","E18000004","E10000007","E07000036","E05010617"
"DE723JL",10,442262,334887,"E92000001","E19000001","E18000004","E10000007","E07000036","E05010617"
"DE723JN",10,442086,334995,"E92000001","E19000001","E18000004","E10000007","E07000036","E05010617"
"DE723JP",10,442201,335068,"E92000001","E19000001","E18000004","E10000007","E07000036","E05010617"
"DE723JQ",10,442111,335068,"E92000001","E19000001","E18000004","E10000007","E07000036","E05010617"
"DE723JR",10,442050,335117,"E92000001","E19000001","E18000004","E10000007","E07000036","E05010617"
"DE723JS",10,442352,334436,"E92000001","E19000001","E18000004","E10000007","E07000036","E05010617"
"DE723JT",10,442448,334425,"E92000001","E19000001","E18000004","E10000007","E07000036","E05010617"
"DE723JU",10,441731,334501,"E92000001","E19000001","E18000004","E10000007","E07000036","E05010617"
"DE723JW",10,441668,334529,"E92000001","E19000001","E18000004","E10000007","E07000036","E05010617"
"DE723JX",10,441748,334418,"E92000001","E19000001","E18000004","E10000007","E07000036","E05010617"
"DE723JZ",10,441841,334325,"E92000001","E19000001","E18000004","E10000007","E07000036","E05010617"
"DE723LA",10,441845,334197,"E92000001","E19000001","E18000004","E10000007","E07000036","E05010617"
"DE723LB",10,441924,334228,"E92000001","E19000001","E18000004","E10000007","E07000036","E05010617"
"DE723LD",10,441946,334323,"E92000001","E19000001","E18000004","E10000007","E07000036","E05010617"
"DE723LE",10,441947,334353,"E92000001","E19000001","E18000004","E10000007","E07000036","E05010617"
"DE723LF",10,441710,334473,"E92000001","E19000001","E18000004","E10000007","E07000036","E05010617"
"DE723LG",10,441647,334405,"E92000001","E19000001","E18000004","E10000007","E07000036","E05010617"
"DE723LH",10,441638,334234,"E92000001","E19000001","E18000004","E10000007","E07000036","E05010617"
"DE723LJ",10,441436,334163,"E92000001","E19000001","E18000004","E10000007","E07000036","E05010617"
"DE723LL",10,441473,334387,"E92000001","E19000001","E18000004","E10000007","E07000036","E05010617"
"DE723LN",10,441273,334478,"E92000001","E19000001","E18000004","E10000007","E07000036","E05010617"
"DE723LP",10,441512,334450,"E92000001","E19000001","E18000004","E10000007","E07000036","E05010617"
"DE723LQ",10,441385,334552,"E92000001","E19000001","E18000004","E10000007","E07000036","E05010617"
"DE723LR",10,441763,334516,"E92000001","E19000001","E18000004","E10000007","E07000036","E05010617"
"DE723LS",10,441559,334534,"E92000001","E19000001","E18000004","E10000007","E07000036","E05010617"
"DE723LT",10,441620,334489,"E92000001","E19000001","E18000004","E10000007","E07000036","E05010617"
"DE723LU",10,442451,334328,"E92000001","E19000001","E18000004","E10000007","E07000036","E05010617"
"DE723LW",10,435996,335424,"E92000001","E19000001","E18000004","","E06000015","E05001770"
"DE723LX",10,442192,334158,"E92000001","E19000001","E18000004","E10000007","E07000036","E05010617"
"DE723LY",10,442204,334096,"E92000001","E19000001","E18000004","E10000007","E07000036","E05010617"
"DE723LZ",10,444213,333263,"E92000001","E19000001","E18000004","E10000007","E07000036","E05010609"
"DE723NA",10,444299,333284,"E92000001","E19000001","E18000004","E10000007","E07000036","E05010609"
"DE723NB",10,444264,333182,"E92000001","E19000001","E18000004","E10000007","E07000036","E05010609"
"DE723ND",10,444184,333145,"E92000001","E19000001","E18000004","E10000007","E07000036","E05010609"
"DE723NE",10,444150,333066,"E92000001","E19000001","E18000004","E10000007","E07000036","E05010609"
"DE723NF",10,444166,332994,"E92000001","E19000001","E18000004","E10000007","E07000036","E05010609"
"DE723NG",10,444250,332961,"E92000001","E19000001","E18000004","E10000007","E07000036","E05010609"
"DE723NH",10,444286,333369,"E92000001","E19000001","E18000004","E10000007","E07000036","E05010609"
"DE723NJ",10,444039,333387,"E92000001","E19000001","E18000004","E10000007","E07000036","E05010609"
"DE723NL",10,442425,334238,"E92000001","E19000001","E18000004","E10000007","E07000036","E05010617"
"DE723NN",10,442139,334143,"E92000001","E19000001","E18000004","E10000007","E07000036","E05010617"
"DE723NP",10,444054,333236,"E92000001","E19000001","E18000004","E10000007","E07000036","E05010609"
"DE723NQ",10,444105,333207,"E92000001","E19000001","E18000004","E10000007","E07000036","E05010609"
"DE723NR",10,444018,333239,"E92000001","E19000001","E18000004","E10000007","E07000036","E05010609"
"DE723NS",10,443810,333272,"E92000001","E19000001","E18000004","E10000007","E07000036","E05010609"
"DE723NT",10,443818,333558,"E92000001","E19000001","E18000004","E10000007","E07000036","E05010609"
"DE723NU",10,443976,333495,"E92000001","E19000001","E18000004","E10000007","E07000036","E05010609"
"DE723NW",10,444156,333393,"E92000001","E19000001","E18000004","E10000007","E07000036","E05010609"
"DE723NX",10,443748,333527,"E92000001","E19000001","E18000004","E10000007","E07000036","E05010609"
"DE723NY",10,443756,333588,"E92000001","E19000001","E18000004","E10000007","E07000036","E05010609"
"DE723NZ",10,443499,333304,"E92000001","E19000001","E18000004","E10000007","E07000036","E05010609"
"DE723PA",10,442973,333886,"E92000001","E19000001","E18000004","E10000007","E07000036","E05010609"
"DE723PB",10,443606,334278,"E92000001","E19000001","E18000004","E10000007","E07000036","E05010609"
"DE723PD",10,443826,334943,"E92000001","E19000001","E18000004","E10000007","E07000036","E05010609"
"DE723PE",10,444250,334140,"E92000001","E19000001","E18000004","E10000007","E07000036","E05010609"
"DE723PF",10,444239,333042,"E92000001","E19000001","E18000004","E10000007","E07000036","E05010609"
"DE723PG",10,444185,332952,"E92000001","E19000001","E18000004","E10000007","E07000036","E05010609"
"DE723PH",10,443903,333286,"E92000001","E19000001","E18000004","E10000007","E07000036","E05010609"
"DE723PJ",10,444225,333078,"E92000001","E19000001","E18000004","E10000007","E07000036","E05010609"
"DE723PL",10,444348,333186,"E92000001","E19000001","E18000004","E10000007","E07000036","E05010609"
"DE723PN",10,444376,333123,"E92000001","E19000001","E18000004","E10000007","E07000036","E05010609"
"DE723PP",10,444406,333075,"E92000001","E19000001","E18000004","E10000007","E07000036","E05010609"
"DE723PQ",10,444420,333050,"E92000001","E19000001","E18000004","E10000007","E07000036","E05010609"
"DE723PR",10,444461,333127,"E92000001","E19000001","E18000004","E10000007","E07000036","E05010609"
"DE723PS",10,444433,333222,"E92000001","E19000001","E18000004","E10000007","E07000036","E05010609"
"DE723PT",10,444548,333290,"E92000001","E19000001","E18000004","E10000007","E07000036","E05010609"
"DE723PU",10,444085,333470,"E92000001","E19000001","E18000004","E10000007","E07000036","E05010609"
"DE723PW",10,444615,333274,"E92000001","E19000001","E18000004","E10000007","E07000036","E05010609"
"DE723PX",10,444509,333262,"E92000001","E19000001","E18000004","E10000007","E07000036","E05010609"
"DE723PY",10,444671,333301,"E92000001","E19000001","E18000004","E10000007","E07000036","E05010609"
"DE723PZ",10,444719,333384,"E92000001","E19000001","E18000004","E10000007","E07000036","E05010609"
"DE723QA",10,444738,333321,"E92000001","E19000001","E18000004","E10000007","E07000036","E05010609"
"DE723QB",10,444684,333245,"E92000001","E19000001","E18000004","E10000007","E07000036","E05010609"
"DE723QD",10,444687,333155,"E92000001","E19000001","E18000004","E10000007","E07000036","E05010609"
"DE723QE",10,444655,333113,"E92000001","E19000001","E18000004","E10000007","E07000036","E05010609"
"DE723QF",10,445426,332637,"E92000001","E19000001","E18000004","E10000007","E07000036","E05010605"
"DE723QG",10,444330,332779,"E92000001","E19000001","E18000004","E10000007","E07000036","E05010609"
"DE723QH",10,444812,332151,"E92000001","E19000001","E18000004","E10000007","E07000036","E05010609"
"DE723QJ",10,444783,331535,"E92000001","E19000001","E18000004","E10000007","E07000036","E05010609"
"DE723QL",10,445996,331712,"E92000001","E19000001","E18000004","E10000007","E07000036","E05010605"
"DE723QN",10,444419,333138,"E92000001","E19000001","E18000004","E10000007","E07000036","E05010609"
"DE723QP",10,444752,333149,"E92000001","E19000001","E18000004","E10000007","E07000036","E05010609"
"DE723QQ",10,444038,333546,"E92000001","E19000001","E18000004","E10000007","E07000036","E05010609"
"DE723QR",10,444325,333369,"E92000001","E19000001","E18000004","E10000007","E07000036","E05010609"
"DE723QS",10,444382,333391,"E92000001","E19000001","E18000004","E10000007","E07000036","E05010609"
"DE723QT",10,442017,334173,"E92000001","E19000001","E18000004","E10000007","E07000036","E05010617"
"DE723QU",10,442009,334113,"E92000001","E19000001","E18000004","E10000007","E07000036","E05010617"
"DE723QW",10,441886,334108,"E92000001","E19000001","E18000004","E10000007","E07000036","E05010617"
"DE723QX",10,444063,333096,"E92000001","E19000001","E18000004","E10000007","E07000036","E05010609"
"DE723QY",10,444592,333101,"E92000001","E19000001","E18000004","E10000007","E07000036","E05010609"
"DE723QZ",10,444077,333145,"E92000001","E19000001","E18000004","E10000007","E07000036","E05010609"
"DE723RA",10,442263,335758,"E92000001","E19000001","E18000004","E10000007","E07000036","E05010617"
"DE723RB",10,442323,335706,"E92000001","E19000001","E18000004","E10000007","E07000036","E05010617"
"DE723RD",10,442507,335470,"E92000001","E19000001","E18000004","E10000007","E07000036","E05010617"
"DE723RE",10,442218,335897,"E92000001","E19000001","E18000004","E10000007","E07000036","E05010617"
"DE723RF",10,442290,335872,"E92000001","E19000001","E18000004","E10000007","E07000036","E05010617"
"DE723RG",10,442315,336043,"E92000001","E19000001","E18000004","E10000007","E07000036","E05010617"
"DE723RH",10,442139,335893,"E92000001","E19000001","E18000004","E10000007","E07000036","E05010617"
"DE723RJ",10,442126,336169,"E92000001","E19000001","E18000004","E10000007","E07000036","E05010617"
"DE723RL",10,442054,335512,"E92000001","E19000001","E18000004","E10000007","E07000036","E05010617"
"DE723RN",10,442188,335691,"E92000001","E19000001","E18000004","E10000007","E07000036","E05010617"
"DE723RP",10,442262,335591,"E92000001","E19000001","E18000004","E10000007","E07000036","E05010617"
"DE723RQ",10,442242,335655,"E92000001","E19000001","E18000004","E10000007","E07000036","E05010617"
"DE723RR",10,442260,335945,"E92000001","E19000001","E18000004","E10000007","E07000036","E05010617"
"DE723RS",10,442169,335951,"E92000001","E19000001","E18000004","E10000007","E07000036","E05010617"
"DE723RT",10,444492,333048,"E92000001","E19000001","E18000004","E10000007","E07000036","E05010609"
"DE723RU",10,443512,335289,"E92000001","E19000001","E18000004","E10000007","E07000036","E05010609"
"DE723RW",10,444293,336362,"E92000001","E19000001","E18000004","E10000007","E07000036","E05010609"
"DE723RX",10,443216,337175,"E92000001","E19000001","E18000004","E10000007","E07000036","E05010617"
"DE723RY",10,442331,337789,"E92000001","E19000001","E18000004","E10000007","E07000036","E05010617"
"DE723RZ",10,442391,336456,"E92000001","E19000001","E18000004","E10000007","E07000036","E05010617"
"DE723SA",10,442354,336715,"E92000001","E19000001","E18000004","E10000007","E07000036","E05010617"
"DE723SB",10,442203,336876,"E92000001","E19000001","E18000004","E10000007","E07000036","E05010617"
"DE723SD",10,444514,334795,"E92000001","E19000001","E18000004","E10000007","E07000036","E05010609"
"DE723SE",10,442284,336411,"E92000001","E19000001","E18000004","E10000007","E07000036","E05010617"
"DE723SF",10,442590,336038,"E92000001","E19000001","E18000004","E10000007","E07000036","E05010617"
"DE723SG",10,442565,336374,"E92000001","E19000001","E18000004","E10000007","E07000036","E05010617"
"DE723SH",10,442404,336513,"E92000001","E19000001","E18000004","E10000007","E07000036","E05010617"
"DE723SJ",10,442440,335961,"E92000001","E19000001","E18000004","E10000007","E07000036","E05010617"
"DE723SL",10,442327,335837,"E92000001","E19000001","E18000004","E10000007","E07000036","E05010617"
"DE723SN",10,442373,335906,"E92000001","E19000001","E18000004","E10000007","E07000036","E05010617"
"DE723SP",10,442190,336254,"E92000001","E19000001","E18000004","E10000007","E07000036","E05010617"
"DE723SQ",10,442184,336326,"E92000001","E19000001","E18000004","E10000007","E07000036","E05010617"
"DE723SR",10,446289,335775,"E92000001","E19000001","E18000004","E10000007","E07000036","E05010609"
"DE723SS",10,445665,335748,"E92000001","E19000001","E18000004","E10000007","E07000036","E05010609"
"DE723ST",10,445041,337302,"E92000001","E19000001","E18000004","E10000007","E07000036","E05010609"
"DE723SU",10,446519,335905,"E92000001","E19000001","E18000004","E10000007","E07000036","E05010609"
"DE723SW",10,446657,336243,"E92000001","E19000001","E18000004","E10000007","E07000036","E05010609"
"DE723SX",10,446907,335838,"E92000001","E19000001","E18000004","E10000007","E07000036","E05010609"
"DE723SY",10,446555,335793,"E92000001","E19000001","E18000004","E10000007","E07000036","E05010609"
"DE723SZ",10,446565,335989,"E92000001","E19000001","E18000004","E10000007","E07000036","E05010609"
"DE723TA",10,446718,336051,"E92000001","E19000001","E18000004","E10000007","E07000036","E05010609"
"DE723TB",10,442550,336186,"E92000001","E19000001","E18000004","E10000007","E07000036","E05010617"
"DE723TD",10,442488,336420,"E92000001","E19000001","E18000004","E10000007","E07000036","E05010617"
"DE723TE",10,442435,336397,"E92000001","E19000001","E18000004","E10000007","E07000036","E05010617"
"DE723TF",10,442475,336303,"E92000001","E19000001","E18000004","E10000007","E07000036","E05010617"
"DE723TG",10,442381,336399,"E92000001","E19000001","E18000004","E10000007","E07000036","E05010617"
"DE723TH",10,442414,336307,"E92000001","E19000001","E18000004","E10000007","E07000036","E05010617"
"DE723TJ",10,442540,336311,"E92000001","E19000001","E18000004","E10000007","E07000036","E05010617"
"DE723TL",10,442339,336196,"E92000001","E19000001","E18000004","E10000007","E07000036","E05010617"
"DE723TN",10,442418,336204,"E92000001","E19000001","E18000004","E10000007","E07000036","E05010617"
"DE723TP",10,441693,334230,"E92000001","E19000001","E18000004","E10000007","E07000036","E05010617"
"DE723TQ",10,440987,332372,"E92000001","E19000001","E18000004","E10000007","E07000039","E05008809"
"DE723TR",10,441102,332526,"E92000001","E19000001","E18000004","E10000007","E07000039","E05008809"
"DE723TS",10,441769,334725,"E92000001","E19000001","E18000004","E10000007","E07000036","E05010617"
"DE723TT",10,445963,334843,"E92000001","E19000001","E18000004","E10000007","E07000036","E05010605"
"DE723TU",10,445902,335145,"E92000001","E19000001","E18000004","E10000007","E07000036","E05010605"
"DE723TW",10,446495,335757,"E92000001","E19000001","E18000004","E10000007","E07000036","E05010609"
"DE723TX",10,446842,335930,"E92000001","E19000001","E18000004","E10000007","E07000036","E05010609"
"DE723TY",10,444723,333181,"E92000001","E19000001","E18000004","E10000007","E07000036","E05010609"
"DE723TZ",10,444720,333139,"E92000001","E19000001","E18000004","E10000007","E07000036","E05010609"
"DE723UA",10,439858,332197,"E92000001","E19000001","E18000004","E10000007","E07000039","E05008809"
"DE723UB",10,445722,333876,"E92000001","E19000001","E18000004","E10000007","E07000036","E05010605"
"DE723UD",10,445649,333809,"E92000001","E19000001","E18000004","E10000007","E07000036","E05010605"
"DE723UE",10,445644,333753,"E92000001","E19000001","E18000004","E10000007","E07000036","E05010605"
"DE723UF",10,445667,333692,"E92000001","E19000001","E18000004","E10000007","E07000036","E05010605"
"DE723UG",10,445740,333726,"E92000001","E19000001","E18000004","E10000007","E07000036","E05010605"
"DE723UH",10,447037,333773,"E92000001","E19000001","E18000004","E10000007","E07000036","E05010605"
"DE723UJ",10,446155,333685,"E92000001","E19000001","E18000004","E10000007","E07000036","E05010605"
"DE723UL",10,439793,332198,"E92000001","E19000001","E18000004","E10000007","E07000039","E05008809"
"DE723UN",10,439797,332055,"E92000001","E19000001","E18000004","E10000007","E07000039","E05008809"
"DE723UP",10,445529,333290,"E92000001","E19000001","E18000004","E10000007","E07000036","E05010605"
"DE723UQ",10,446644,333735,"E92000001","E19000001","E18000004","E10000007","E07000036","E05010605"
"DE723UR",10,441710,334942,"E92000001","E19000001","E18000004","E10000007","E07000036","E05010617"
"DE723US",10,441588,334395,"E92000001","E19000001","E18000004","E10000007","E07000036","E05010617"
"DE723UT",10,445300,333437,"E92000001","E19000001","E18000004","E10000007","E07000036","E05010605"
"DE723UU",10,441722,334214,"E92000001","E19000001","E18000004","E10000007","E07000036","E05010617"
"DE723UX",10,439780,332091,"E92000001","E19000001","E18000004","E10000007","E07000039","E05008809"
"DE723UY",10,439896,332142,"E92000001","E19000001","E18000004","E10000007","E07000039","E05008809"
"DE723WA",10,440866,332033,"E92000001","E19000001","E18000004","E10000007","E07000039","E05008809"
"DE723WB",10,440801,331999,"E92000001","E19000001","E18000004","E10000007","E07000039","E05008809"
"DE723WD",10,440688,331882,"E92000001","E19000001","E18000004","E10000007","E07000039","E05008809"
"DE723WE",10,444194,333402,"E92000001","E19000001","E18000004","E10000007","E07000036","E05010609"
"DE723WF",10,440704,331822,"E92000001","E19000001","E18000004","E10000007","E07000039","E05008809"
"DE723WG",10,442162,334248,"E92000001","E19000001","E18000004","E10000007","E07000036","E05010617"
"DE723WH",10,444640,333349,"E92000001","E19000001","E18000004","E10000007","E07000036","E05010609"
"DE723WJ",10,445921,335476,"E92000001","E19000001","E18000004","E10000007","E07000036","E05010609"
"DE723WL",10,445882,335403,"E92000001","E19000001","E18000004","E10000007","E07000036","E05010609"
"DE723WN",10,445948,335410,"E92000001","E19000001","E18000004","E10000007","E07000036","E05010609"
"DE723WP",10,446018,335414,"E92000001","E19000001","E18000004","E10000007","E07000036","E05010609"
"DE723WQ",10,442698,334351,"E92000001","E19000001","E18000004","E10000007","E07000036","E05010617"
"DE723WR",10,442681,334329,"E92000001","E19000001","E18000004","E10000007","E07000036","E05010617"
"DE723WS",10,442569,334375,"E92000001","E19000001","E18000004","E10000007","E07000036","E05010617"
"DE723WT",10,435996,335424,"E92000001","E19000001","E18000004","","E06000015","E05001770"
"DE723WY",10,435996,335424,"E92000001","E19000001","E18000004","","E06000015","E05001770"
"DE723XB",10,441857,334366,"E92000001","E19000001","E18000004","E10000007","E07000036","E05010617"
"DE723XE",10,444556,333415,"E92000001","E19000001","E18000004","E10000007","E07000036","E05010609"
"DE723XF",10,442113,334328,"E92000001","E19000001","E18000004","E10000007","E07000036","E05010617"
"DE723XG",10,444521,333364,"E92000001","E19000001","E18000004","E10000007","E07000036","E05010609"
"DE723XH",10,446499,333392,"E92000001","E19000001","E18000004","E10000007","E07000036","E05010605"
"DE723XJ",10,446427,333813,"E92000001","E19000001","E18000004","E10000007","E07000036","E05010605"
"DE723XL",10,446455,333990,"E92000001","E19000001","E18000004","E10000007","E07000036","E05010605"
"DE723XP",10,442595,334243,"E92000001","E19000001","E18000004","E10000007","E07000036","E05010617"
"DE723XR",10,442683,334212,"E92000001","E19000001","E18000004","E10000007","E07000036","E05010617"
"DE723XW",10,442560,334242,"E92000001","E19000001","E18000004","E10000007","E07000036","E05010617"
"DE723YA",10,442592,334169,"E92000001","E19000001","E18000004","E10000007","E07000036","E05010617"
"DE723YB",10,442622,334148,"E92000001","E19000001","E18000004","E10000007","E07000036","E05010617"
"DE723YD",10,442480,334191,"E92000001","E19000001","E18000004","E10000007","E07000036","E05010617"
"DE723YN",10,435996,335424,"E92000001","E19000001","E18000004","","E06000015","E05001770"
"DE723YQ",10,443291,334190,"E92000001","E19000001","E18000004","E10000007","E07000036","E05010609"
"DE723ZD",10,435996,335424,"E92000001","E19000001","E18000004","","E06000015","E05001770"
"DE735AA",10,437114,330719,"E92000001","E19000001","E18000004","","E06000015","E05001774"
"DE735AB",10,437258,330621,"E92000001","E19000001","E18000004","","E06000015","E05001774"
"DE735AD",10,436981,330551,"E92000001","E19000001","E18000004","","E06000015","E05001774"
"DE735AE",10,437060,330439,"E92000001","E19000001","E18000004","","E06000015","E05001774"
"DE735AF",10,437061,330386,"E92000001","E19000001","E18000004","","E06000015","E05001774"
"DE735AG",10,437043,330541,"E92000001","E19000001","E18000004","","E06000015","E05001774"
"DE735AH",10,437035,330472,"E92000001","E19000001","E18000004","","E06000015","E05001774"
"DE735AJ",10,436968,330730,"E92000001","E19000001","E18000004","","E06000015","E05001774"
"DE735AL",10,436955,330619,"E92000001","E19000001","E18000004","","E06000015","E05001774"
"DE735AN",10,436941,330681,"E92000001","E19000001","E18000004","","E06000015","E05001774"
"DE735AP",10,437530,329982,"E92000001","E19000001","E18000004","","E06000015","E05001774"
"DE735AQ",10,437024,330733,"E92000001","E19000001","E18000004","","E06000015","E05001774"
"DE735AR",10,437385,330752,"E92000001","E19000001","E18000004","","E06000015","E05001774"
"DE735AS",10,437273,330795,"E92000001","E19000001","E18000004","","E06000015","E05001774"
"DE735AT",10,437392,330842,"E92000001","E19000001","E18000004","","E06000015","E05001774"
"DE735AU",10,437072,330648,"E92000001","E19000001","E18000004","","E06000015","E05001774"
"DE735AW",10,437474,330919,"E92000001","E19000001","E18000004","","E06000015","E05001774"
"DE735AX",10,437414,330604,"E92000001","E19000001","E18000004","","E06000015","E05001774"
"DE735AY",10,437418,330754,"E92000001","E19000001","E18000004","","E06000015","E05001774"
"DE735AZ",10,437177,330674,"E92000001","E19000001","E18000004","","E06000015","E05001774"
"DE735BA",10,437348,330831,"E92000001","E19000001","E18000004","","E06000015","E05001774"
"DE735BB",10,437642,330224,"E92000001","E19000001","E18000004","","E06000015","E05001774"
"DE735BG",10,437153,330140,"E92000001","E19000001","E18000004","","E06000015","E05001774"
"DE735BJ",10,437231,330795,"E92000001","E19000001","E18000004","","E06000015","E05001774"
"DE735BX",10,437337,330992,"E92000001","E19000001","E18000004","","E06000015","E05001774"
"DE735BY",10,437412,330948,"E92000001","E19000001","E18000004","","E06000015","E05001774"
"DE735LB",10,437300,330421,"E92000001","E19000001","E18000004","","E06000015","E05001774"
"DE735NR",10,437832,329650,"E92000001","E19000001","E18000004","","E06000015","E05001774"
"DE735NS",10,437866,329647,"E92000001","E19000001","E18000004","","E06000015","E05001774"
"DE735NT",10,437643,329735,"E92000001","E19000001","E18000004","","E06000015","E05001774"
"DE735NU",10,437593,329806,"E92000001","E19000001","E18000004","","E06000015","E05001774"
"DE735NW",10,437504,329733,"E92000001","E19000001","E18000004","","E06000015","E05001774"
"DE735NX",10,437533,329684,"E92000001","E19000001","E18000004","","E06000015","E05001774"
"DE735NY",10,437330,330314,"E92000001","E19000001","E18000004","","E06000015","E05001774"
"DE735PY",10,437505,330507,"E92000001","E19000001","E18000004","","E06000015","E05001774"
"DE735PZ",10,437425,330446,"E92000001","E19000001","E18000004","","E06000015","E05001774"
"DE735QA",10,437554,330362,"E92000001","E19000001","E18000004","","E06000015","E05001774"
"DE735QB",10,437324,330520,"E92000001","E19000001","E18000004","","E06000015","E05001774"
"DE735QD",10,437645,330299,"E92000001","E19000001","E18000004","","E06000015","E05001774"
"DE735QE",10,437723,330344,"E92000001","E19000001","E18000004","","E06000015","E05001774"
"DE735QF",10,437567,330509,"E92000001","E19000001","E18000004","","E06000015","E05001774"
"DE735QG",10,437645,330458,"E92000001","E19000001","E18000004","","E06000015","E05001774"
"DE735QH",10,437475,330255,"E92000001","E19000001","E18000004","","E06000015","E05001774"
"DE735QJ",10,437505,330281,"E92000001","E19000001","E18000004","","E06000015","E05001774"
"DE735QL",10,437506,330619,"E92000001","E19000001","E18000004","","E06000015","E05001774"
"DE735QN",10,437650,330496,"E92000001","E19000001","E18000004","","E06000015","E05001774"
"DE735QP",10,437613,330544,"E92000001","E19000001","E18000004","","E06000015","E05001774"
"DE735QQ",10,437561,330276,"E92000001","E19000001","E18000004","","E06000015","E05001774"
"DE735QR",10,437640,330460,"E92000001","E19000001","E18000004","","E06000015","E05001774"
"DE735QW",10,437555,330440,"E92000001","E19000001","E18000004","","E06000015","E05001774"
"DE735SA",10,437866,330309,"E92000001","E19000001","E18000004","","E06000015","E05001774"
"DE735SB",10,437694,330831,"E92000001","E19000001","E18000004","","E06000015","E05001774"
"DE735SD",10,437786,330498,"E92000001","E19000001","E18000004","","E06000015","E05001774"
"DE735SE",10,437530,331186,"E92000001","E19000001","E18000004","","E06000015","E05001774"
"DE735SF",10,437417,331182,"E92000001","E19000001","E18000004","","E06000015","E05001774"
"DE735SG",10,437478,331095,"E92000001","E19000001","E18000004","","E06000015","E05001774"
"DE735SH",10,437498,331032,"E92000001","E19000001","E18000004","","E06000015","E05001774"
"DE735SJ",10,437579,330904,"E92000001","E19000001","E18000004","","E06000015","E05001774"
"DE735SL",10,437508,330749,"E92000001","E19000001","E18000004","","E06000015","E05001774"
"DE735SN",10,437588,330727,"E92000001","E19000001","E18000004","","E06000015","E05001774"
"DE735SP",10,437432,330679,"E92000001","E19000001","E18000004","","E06000015","E05001774"
"DE735SQ",10,437565,330644,"E92000001","E19000001","E18000004","","E06000015","E05001774"
"DE735SR",10,436951,330813,"E92000001","E19000001","E18000004","","E06000015","E05001774"
"DE735SU",10,437699,330157,"E92000001","E19000001","E18000004","","E06000015","E05001774"
"DE735SX",10,437718,330442,"E92000001","E19000001","E18000004","","E06000015","E05001774"
"DE735SY",10,437561,330201,"E92000001","E19000001","E18000004","","E06000015","E05001774"
"DE735SZ",10,437661,330062,"E92000001","E19000001","E18000004","","E06000015","E05001774"
"DE735TA",10,437578,330062,"E92000001","E19000001","E18000004","","E06000015","E05001774"
"DE735TS",10,437319,329992,"E92000001","E19000001","E18000004","","E06000015","E05001774"
"DE735UA",10,437893,330251,"E92000001","E19000001","E18000004","","E06000015","E05001774"
"DE735UB",10,437858,330031,"E92000001","E19000001","E18000004","","E06000015","E05001774"
"DE735UD",10,437893,329812,"E92000001","E19000001","E18000004","","E06000015","E05001774"
"DE735UE",10,437883,329561,"E92000001","E19000001","E18000004","","E06000015","E05001774"
"DE735UH",10,437806,329505,"E92000001","E19000001","E18000004","E10000007","E07000039","E05008809"
"DE735UJ",10,437799,329537,"E92000001","E19000001","E18000004","E10000007","E07000039","E05008809"
"DE735WD",10,437459,329925,"E92000001","E19000001","E18000004","","E06000015","E05001774"
"DE735WE",10,437371,329876,"E92000001","E19000001","E18000004","","E06000015","E05001774"
"DE735WG",10,437089,330582,"E92000001","E19000001","E18000004","","E06000015","E05001774"
"DE735WH",10,437179,330433,"E92000001","E19000001","E18000004","","E06000015","E05001774"
"DE735WQ",10,437101,330298,"E92000001","E19000001","E18000004","","E06000015","E05001774"
"DE735WR",10,437474,329837,"E92000001","E19000001","E18000004","","E06000015","E05001774"
"DE735WS",10,437608,329900,"E92000001","E19000001","E18000004","","E06000015","E05001774"
"DE735WT",10,437293,329951,"E92000001","E19000001","E18000004","","E06000015","E05001774"
"DE735WU",10,437248,330043,"E92000001","E19000001","E18000004","","E06000015","E05001774"
"DE735WW",10,437432,330001,"E92000001","E19000001","E18000004","","E06000015","E05001774"
"DE735WX",10,437208,330241,"E92000001","E19000001","E18000004","","E06000015","E05001774"
"DE735WY",10,437277,330296,"E92000001","E19000001","E18000004","","E06000015","E05001774"
"DE735WZ",10,437371,330180,"E92000001","E19000001","E18000004","","E06000015","E05001774"
"DE735XA",10,437665,330806,"E92000001","E19000001","E18000004","","E06000015","E05001774"
"DE735XB",10,437700,330749,"E92000001","E19000001","E18000004","","E06000015","E05001774"
"DE735XD",10,437189,330175,"E92000001","E19000001","E18000004","","E06000015","E05001774"
"DE735XE",10,437187,330169,"E92000001","E19000001","E18000004","","E06000015","E05001774"
"DE735XP",10,437267,330230,"E92000001","E19000001","E18000004","","E06000015","E05001774"
"DE735XU",10,437220,330484,"E92000001","E19000001","E18000004","","E06000015","E05001774"
"DE735YD",10,437225,330277,"E92000001","E19000001","E18000004","","E06000015","E05001774"
"DE735YE",10,437128,330549,"E92000001","E19000001","E18000004","","E06000015","E05001774"
"DE735YF",10,437175,330490,"E92000001","E19000001","E18000004","","E06000015","E05001774"
"DE735YH",10,437270,330530,"E92000001","E19000001","E18000004","","E06000015","E05001774"
"DE735YJ",10,437224,330545,"E92000001","E19000001","E18000004","","E06000015","E05001774"
"DE736NB",10,438630,330873,"E92000001","E19000001","E18000004","","E06000015","E05001774"
"DE736NE",10,438355,331058,"E92000001","E19000001","E18000004","","E06000015","E05001774"
"DE736NG",10,438513,329971,"E92000001","E19000001","E18000004","","E06000015","E05001774"
"DE736NJ",10,438733,330802,"E92000001","E19000001","E18000004","","E06000015","E05001774"
"DE736NL",10,438401,330939,"E92000001","E19000001","E18000004","","E06000015","E05001774"
"DE736NN",10,438345,330983,"E92000001","E19000001","E18000004","","E06000015","E05001774"
"DE736NQ",10,438693,330661,"E92000001","E19000001","E18000004","","E06000015","E05001774"
"DE736PA",10,438162,331218,"E92000001","E19000001","E18000004","","E06000015","E05001774"
"DE736PB",10,438190,331192,"E92000001","E19000001","E18000004","","E06000015","E05001774"
"DE736PD",10,438342,330847,"E92000001","E19000001","E18000004","","E06000015","E05001774"
"DE736PE",10,438185,331111,"E92000001","E19000001","E18000004","","E06000015","E05001774"
"DE736PF",10,438234,331098,"E92000001","E19000001","E18000004","","E06000015","E05001774"
"DE736PG",10,438346,330796,"E92000001","E19000001","E18000004","","E06000015","E05001774"
"DE736PH",10,438079,331174,"E92000001","E19000001","E18000004","","E06000015","E05001774"
"DE736PJ",10,438058,331190,"E92000001","E19000001","E18000004","","E06000015","E05001774"
"DE736PL",10,438397,330867,"E92000001","E19000001","E18000004","","E06000015","E05001774"
"DE736PN",10,438602,330807,"E92000001","E19000001","E18000004","","E06000015","E05001774"
"DE736PP",10,438569,330946,"E92000001","E19000001","E18000004","","E06000015","E05001774"
"DE736PQ",10,438531,330647,"E92000001","E19000001","E18000004","","E06000015","E05001774"
"DE736PR",10,438453,330465,"E92000001","E19000001","E18000004","","E06000015","E05001774"
"DE736PS",10,438439,330518,"E92000001","E19000001","E18000004","","E06000015","E05001774"
"DE736PT",10,438046,331075,"E92000001","E19000001","E18000004","","E06000015","E05001774"
"DE736PU",10,438508,330730,"E92000001","E19000001","E18000004","","E06000015","E05001774"
"DE736PW",10,438470,330663,"E92000001","E19000001","E18000004","","E06000015","E05001774"
"DE736PX",10,438094,331276,"E92000001","E19000001","E18000004","","E06000015","E05001774"
"DE736PY",10,437911,330364,"E92000001","E19000001","E18000004","","E06000015","E05001774"
"DE736PZ",10,437949,330489,"E92000001","E19000001","E18000004","","E06000015","E05001774"
"DE736QA",10,437825,330534,"E92000001","E19000001","E18000004","","E06000015","E05001774"
"DE736QB",10,438377,330517,"E92000001","E19000001","E18000004","","E06000015","E05001774"
"DE736QS",10,438526,330571,"E92000001","E19000001","E18000004","","E06000015","E05001774"
"DE736QT",10,438598,330583,"E92000001","E19000001","E18000004","","E06000015","E05001774"
"DE736QU",10,438592,330640,"E92000001","E19000001","E18000004","","E06000015","E05001774"
"DE736QX",10,438355,330736,"E92000001","E19000001","E18000004","","E06000015","E05001774"
"DE736QY",10,438349,330589,"E92000001","E19000001","E18000004","","E06000015","E05001774"
"DE736QZ",10,438355,330668,"E92000001","E19000001","E18000004","","E06000015","E05001774"
"DE736RA",10,437914,330343,"E92000001","E19000001","E18000004","","E06000015","E05001774"
"DE736RB",10,437978,330407,"E92000001","E19000001","E18000004","","E06000015","E05001774"
"DE736RD",10,437923,330542,"E92000001","E19000001","E18000004","","E06000015","E05001774"
"DE736RE",10,437886,330552,"E92000001","E19000001","E18000004","","E06000015","E05001774"
"DE736RF",10,437758,330875,"E92000001","E19000001","E18000004","","E06000015","E05001774"
"DE736RG",10,437859,331007,"E92000001","E19000001","E18000004","","E06000015","E05001774"
"DE736RH",10,437705,330995,"E92000001","E19000001","E18000004","","E06000015","E05001774"
"DE736RJ",10,437847,331184,"E92000001","E19000001","E18000004","","E06000015","E05001774"
"DE736RL",10,437854,331138,"E92000001","E19000001","E18000004","","E06000015","E05001774"
"DE736RN",10,437849,331054,"E92000001","E19000001","E18000004","","E06000015","E05001774"
"DE736RP",10,437922,331094,"E92000001","E19000001","E18000004","","E06000015","E05001774"
"DE736RQ",10,437609,331151,"E92000001","E19000001","E18000004","","E06000015","E05001774"
"DE736RR",10,437647,331156,"E92000001","E19000001","E18000004","","E06000015","E05001774"
"DE736RS",10,437749,331294,"E92000001","E19000001","E18000004","","E06000015","E05001774"
"DE736RT",10,437865,331301,"E92000001","E19000001","E18000004","","E06000015","E05001774"
"DE736RU",10,437609,331285,"E92000001","E19000001","E18000004","","E06000015","E05001774"
"DE736RW",10,437651,331366,"E92000001","E19000001","E18000004","","E06000015","E05001774"
"DE736RX",10,438088,330808,"E92000001","E19000001","E18000004","","E06000015","E05001774"
"DE736RY",10,437972,330768,"E92000001","E19000001","E18000004","","E06000015","E05001774"
"DE736RZ",10,437998,331337,"E92000001","E19000001","E18000004","","E06000015","E05001774"
"DE736SA",10,437748,330973,"E92000001","E19000001","E18000004","","E06000015","E05001774"
"DE736SB",10,437740,331465,"E92000001","E19000001","E18000004","","E06000015","E05001774"
"DE736SD",10,437850,330907,"E92000001","E19000001","E18000004","","E06000015","E05001774"
"DE736SS",10,437907,330810,"E92000001","E19000001","E18000004","","E06000015","E05001774"
"DE736ST",10,437965,331203,"E92000001","E19000001","E18000004","","E06000015","E05001774"
"DE736SW",10,438428,330764,"E92000001","E19000001","E18000004","","E06000015","E05001774"
"DE736TA",10,438128,330510,"E92000001","E19000001","E18000004","","E06000015","E05001774"
"DE736TB",10,438066,330394,"E92000001","E19000001","E18000004","","E06000015","E05001774"
"DE736TD",10,438024,330301,"E92000001","E19000001","E18000004","","E06000015","E05001774"
"DE736TE",10,438225,330250,"E92000001","E19000001","E18000004","","E06000015","E05001774"
"DE736TF",10,438163,330524,"E92000001","E19000001","E18000004","","E06000015","E05001774"
"DE736TG",10,438306,330398,"E92000001","E19000001","E18000004","","E06000015","E05001774"
"DE736TH",10,438300,330366,"E92000001","E19000001","E18000004","","E06000015","E05001774"
"DE736TJ",10,438238,330313,"E92000001","E19000001","E18000004","","E06000015","E05001774"
"DE736TL",10,438333,330342,"E92000001","E19000001","E18000004","","E06000015","E05001774"
"DE736TN",10,438277,330533,"E92000001","E19000001","E18000004","","E06000015","E05001774"
"DE736TQ",10,438963,330905,"E92000001","E19000001","E18000004","E10000007","E07000039","E05008809"
"DE736TR",10,438474,330393,"E92000001","E19000001","E18000004","","E06000015","E05001774"
"DE736TS",10,438125,330343,"E92000001","E19000001","E18000004","","E06000015","E05001774"
"DE736TT",10,438656,330380,"E92000001","E19000001","E18000004","E10000007","E07000039","E05008809"
"DE736TU",10,437999,330254,"E92000001","E19000001","E18000004","","E06000015","E05001774"
"DE736TW",10,438241,330511,"E92000001","E19000001","E18000004","","E06000015","E05001774"
"DE736TX",10,438078,329848,"E92000001","E19000001","E18000004","","E06000015","E05001774"
"DE736TY",10,438130,329845,"E92000001","E19000001","E18000004","","E06000015","E05001774"
"DE736TZ",10,438272,330201,"E92000001","E19000001","E18000004","","E06000015","E05001774"
"DE736UA",10,437936,330231,"E92000001","E19000001","E18000004","","E06000015","E05001774"
"DE736UB",10,438080,329970,"E92000001","E19000001","E18000004","","E06000015","E05001774"
"DE736UD",10,437961,329795,"E92000001","E19000001","E18000004","","E06000015","E05001774"
"DE736UE",10,438015,329751,"E92000001","E19000001","E18000004","","E06000015","E05001774"
"DE736UF",10,437934,330244,"E92000001","E19000001","E18000004","","E06000015","E05001774"
"DE736UG",10,438201,329841,"E92000001","E19000001","E18000004","","E06000015","E05001774"
"DE736UH",10,438125,329688,"E92000001","E19000001","E18000004","","E06000015","E05001774"
"DE736UJ",10,438246,329747,"E92000001","E19000001","E18000004","","E06000015","E05001774"
"DE736UL",10,438369,329820,"E92000001","E19000001","E18000004","","E06000015","E05001774"
"DE736UN",10,438212,329783,"E92000001","E19000001","E18000004","","E06000015","E05001774"
"DE736UP",10,438282,329917,"E92000001","E19000001","E18000004","","E06000015","E05001774"
"DE736UQ",10,438231,329944,"E92000001","E19000001","E18000004","","E06000015","E05001774"
"DE736UR",10,438323,329988,"E92000001","E19000001","E18000004","","E06000015","E05001774"
"DE736US",10,438266,330007,"E92000001","E19000001","E18000004","","E06000015","E05001774"
"DE736UT",10,438136,330317,"E92000001","E19000001","E18000004","","E06000015","E05001774"
"DE736UU",10,438145,330173,"E92000001","E19000001","E18000004","","E06000015","E05001774"
"DE736UW",10,438062,330060,"E92000001","E19000001","E18000004","","E06000015","E05001774"
"DE736UX",10,438369,330010,"E92000001","E19000001","E18000004","","E06000015","E05001774"
"DE736UY",10,438065,329762,"E92000001","E19000001","E18000004","","E06000015","E05001774"
"DE736UZ",10,438102,330014,"E92000001","E19000001","E18000004","","E06000015","E05001774"
"DE736WA",10,438335,330044,"E92000001","E19000001","E18000004","","E06000015","E05001774"
"DE736WB",10,438010,329626,"E92000001","E19000001","E18000004","E10000007","E07000039","E05008809"
"DE736WD",10,438423,331143,"E92000001","E19000001","E18000004","","E06000015","E05001774"
"DE736WE",10,438384,331121,"E92000001","E19000001","E18000004","","E06000015","E05001774"
"DE736WJ",10,438351,330024,"E92000001","E19000001","E18000004","","E06000015","E05001774"
"DE736WL",10,438442,329983,"E92000001","E19000001","E18000004","","E06000015","E05001774"
"DE736WN",10,438543,330807,"E92000001","E19000001","E18000004","","E06000015","E05001774"
"DE736WP",10,438634,330772,"E92000001","E19000001","E18000004","","E06000015","E05001774"
"DE736WQ",10,438346,331214,"E92000001","E19000001","E18000004","","E06000015","E05001774"
"DE736WX",50,438335,330044,"E92000001","E19000001","E18000004","","E06000015","E05001774"
"DE736WY",50,438335,330044,"E92000001","E19000001","E18000004","","E06000015","E05001774"
"DE736WZ",10,435996,335424,"E92000001","E19000001","E18000004","","E06000015","E05001770"
"DE736XA",50,437898,330667,"E92000001","E19000001","E18000004","","E06000015","E05001774"
"DE736XD",10,437898,330667,"E92000001","E19000001","E18000004","","E06000015","E05001774"
"DE736XE",10,438002,330666,"E92000001","E19000001","E18000004","","E06000015","E05001774"
"DE736XF",10,438104,330690,"E92000001","E19000001","E18000004","","E06000015","E05001774"
"DE736XG",10,438161,330752,"E92000001","E19000001","E18000004","","E06000015","E05001774"
"DE736XH",10,438261,330851,"E92000001","E19000001","E18000004","","E06000015","E05001774"
"DE736XJ",10,438203,331005,"E92000001","E19000001","E18000004","","E06000015","E05001774"
"DE736XL",10,438026,330875,"E92000001","E19000001","E18000004","","E06000015","E05001774"
"DE736XN",10,438084,330958,"E92000001","E19000001","E18000004","","E06000015","E05001774"
"DE736XQ",10,438206,330844,"E92000001","E19000001","E18000004","","E06000015","E05001774"
"DE736XW",10,437986,330983,"E92000001","E19000001","E18000004","","E06000015","E05001774"
"DE737FT",10,433384,331299,"E92000001","E19000001","E18000004","E10000007","E07000039","E05008820"
"DE737FW",10,431904,329623,"E92000001","E19000001","E18000004","E10000007","E07000039","E05008820"
"DE737FX",10,436760,328572,"E92000001","E19000001","E18000004","E10000007","E07000039","E05008809"
"DE737FY",10,434569,329452,"E92000001","E19000001","E18000004","E10000007","E07000039","E05008809"
"DE737FZ",10,432487,331042,"E92000001","E19000001","E18000004","E10000007","E07000039","E05008820"
"DE737GA",10,432846,329021,"E92000001","E19000001","E18000004","E10000007","E07000039","E05008820"
"DE737GB",10,432305,329936,"E92000001","E19000001","E18000004","E10000007","E07000039","E05008820"
"DE737GD",10,437087,327306,"E92000001","E19000001","E18000004","E10000007","E07000039","E05008815"
"DE737GE",10,436303,326327,"E92000001","E19000001","E18000004","E10000007","E07000039","E05008815"
"DE737GF",10,435163,328478,"E92000001","E19000001","E18000004","E10000007","E07000039","E05008809"
"DE737GG",10,437181,328510,"E92000001","E19000001","E18000004","E10000007","E07000039","E05008809"
"DE737GH",10,436792,327238,"E92000001","E19000001","E18000004","E10000007","E07000039","E05008815"
"DE737GJ",10,436740,327116,"E92000001","E19000001","E18000004","E10000007","E07000039","E05008815"
"DE737GL",10,434315,326652,"E92000001","E19000001","E18000004","E10000007","E07000039","E05008818"
"DE737GN",10,436898,329114,"E92000001","E19000001","E18000004","E10000007","E07000039","E05008809"
"DE737GP",10,435253,328652,"E92000001","E19000001","E18000004","E10000007","E07000039","E05008809"
"DE737GQ",10,436431,329425,"E92000001","E19000001","E18000004","E10000007","E07000039","E05008809"
"DE737GR",10,436787,328696,"E92000001","E19000001","E18000004","E10000007","E07000039","E05008809"
"DE737GS",10,437643,328912,"E92000001","E19000001","E18000004","E10000007","E07000039","E05008809"
"DE737GT",10,437174,328526,"E92000001","E19000001","E18000004","E10000007","E07000039","E05008809"
"DE737GU",10,437071,328556,"E92000001","E19000001","E18000004","E10000007","E07000039","E05008809"
"DE737GW",10,436935,328620,"E92000001","E19000001","E18000004","E10000007","E07000039","E05008809"
"DE737GY",10,434853,323345,"E92000001","E19000001","E18000004","E10000007","E07000039","E05008818"
"DE737GZ",10,435641,321911,"E92000001","E19000001","E18000004","E10000007","E07000039","E05008818"
"DE737HA",10,435000,328571,"E92000001","E19000001","E18000004","E10000007","E07000039","E05008809"
"DE737HB",10,435517,328324,"E92000001","E19000001","E18000004","E10000007","E07000039","E05008809"
"DE737HD",10,435343,328415,"E92000001","E19000001","E18000004","E10000007","E07000039","E05008809"
"DE737HE",10,435425,328487,"E92000001","E19000001","E18000004","E10000007","E07000039","E05008809"
"DE737HF",10,435699,328598,"E92000001","E19000001","E18000004","E10000007","E07000039","E05008809"
"DE737HG",10,435346,328602,"E92000001","E19000001","E18000004","E10000007","E07000039","E05008809"
"DE737HH",10,435464,328843,"E92000001","E19000001","E18000004","E10000007","E07000039","E05008809"
"DE737HJ",10,432801,328778,"E92000001","E19000001","E18000004","E10000007","E07000039","E05008820"
"DE737HL",10,432604,330066,"E92000001","E19000001","E18000004","E10000007","E07000039","E05008820"
"DE737HN",10,433716,329667,"E92000001","E19000001","E18000004","E10000007","E07000039","E05008809"
"DE737HP",10,435471,328385,"E92000001","E19000001","E18000004","E10000007","E07000039","E05008809"
"DE737HQ",10,435415,328436,"E92000001","E19000001","E18000004","E10000007","E07000039","E05008809"
"DE737HR",10,435626,328344,"E92000001","E19000001","E18000004","E10000007","E07000039","E05008809"
"DE737HS",10,437350,327181,"E92000001","E19000001","E18000004","E10000007","E07000039","E05008815"
"DE737HT",10,437241,327256,"E92000001","E19000001","E18000004","E10000007","E07000039","E05008815"
"DE737HU",10,436905,327259,"E92000001","E19000001","E18000004","E10000007","E07000039","E05008815"
"DE737HW",10,434984,326977,"E92000001","E19000001","E18000004","E10000007","E07000039","E05008818"
"DE737HX",10,437574,327312,"E92000001","E19000001","E18000004","E10000007","E07000039","E05008815"
"DE737HY",10,437146,327127,"E92000001","E19000001","E18000004","E10000007","E07000039","E05008815"
"DE737HZ",10,435743,329137,"E92000001","E19000001","E18000004","E10000007","E07000039","E05008809"
"DE737JA",10,436770,328619,"E92000001","E19000001","E18000004","E10000007","E07000039","E05008809"
"DE737JB",10,437168,328757,"E92000001","E19000001","E18000004","E10000007","E07000039","E05008809"
"DE737JD",10,434340,321377,"E92000001","E19000001","E18000004","E10000007","E07000039","E05008818"
"DE737JE",10,435322,323984,"E92000001","E19000001","E18000004","E10000007","E07000039","E05008818"
"DE737JF",10,435634,324039,"E92000001","E19000001","E18000004","E10000007","E07000039","E05008818"
"DE737JG",10,435024,323893,"E92000001","E19000001","E18000004","E10000007","E07000039","E05008818"
"DE737JH",10,435022,323674,"E92000001","E19000001","E18000004","E10000007","E07000039","E05008818"
"DE737JJ",10,434881,323187,"E92000001","E19000001","E18000004","E10000007","E07000039","E05008818"
"DE737JL",10,435133,328609,"E92000001","E19000001","E18000004","E10000007","E07000039","E05008809"
"DE737JN",10,435066,321952,"E92000001","E19000001","E18000004","E10000007","E07000039","E05008818"
"DE737JP",10,434444,323377,"E92000001","E19000001","E18000004","E10000007","E07000039","E05008818"
"DE737JQ",10,434716,325402,"E92000001","E19000001","E18000004","E10000007","E07000039","E05008818"
"DE737JR",10,434999,323809,"E92000001","E19000001","E18000004","E10000007","E07000039","E05008818"
"DE737JS",10,435264,323862,"E92000001","E19000001","E18000004","E10000007","E07000039","E05008818"
"DE737JT",10,436138,324083,"E92000001","E19000001","E18000004","E10000007","E07000039","E05008818"
"DE737JU",10,435153,323988,"E92000001","E19000001","E18000004","E10000007","E07000039","E05008818"
"DE737JW",10,435302,324019,"E92000001","E19000001","E18000004","E10000007","E07000039","E05008818"
"DE737JX",10,435331,324078,"E92000001","E19000001","E18000004","E10000007","E07000039","E05008818"
"DE737JY",10,435422,324063,"E92000001","E19000001","E18000004","E10000007","E07000039","E05008818"
"DE737JZ",10,435556,323959,"E92000001","E19000001","E18000004","E10000007","E07000039","E05008818"
"DE737LA",10,436105,324111,"E92000001","E19000001","E18000004","E10000007","E07000039","E05008818"
"DE737LB",10,435280,323995,"E92000001","E19000001","E18000004","E10000007","E07000039","E05008818"
"DE737LD",10,436570,323529,"E92000001","E19000001","E18000004","E10000007","E07000039","E05008818"
"DE737LE",10,435731,323166,"E92000001","E19000001","E18000004","E10000007","E07000039","E05008818"
"DE737LF",10,435045,323972,"E92000001","E19000001","E18000004","E10000007","E07000039","E05008818"
"DE737LG",10,434730,321724,"E92000001","E19000001","E18000004","E10000007","E07000039","E05008818"
"DE737LH",10,436461,324320,"E92000001","E19000001","E18000004","E10000007","E07000039","E05008815"
"DE737LJ",10,434827,329909,"E92000001","E19000001","E18000004","E10000007","E07000039","E05008809"
"DE737LL",10,436702,324321,"E92000001","E19000001","E18000004","E10000007","E07000039","E05008815"
"DE737LN",10,435110,323858,"E92000001","E19000001","E18000004","E10000007","E07000039","E05008818"
"DE737NA",10,435381,328565,"E92000001","E19000001","E18000004","E10000007","E07000039","E05008809"
"DE737NF",10,436897,325195,"E92000001","E19000001","E18000004","E10000007","E07000039","E05008815"
"DE737NH",10,435455,329048,"E92000001","E19000001","E18000004","E10000007","E07000039","E05008809"
"DE737NZ",10,435471,323938,"E92000001","E19000001","E18000004","E10000007","E07000039","E05008818"
"DE737UD",10,438080,329152,"E92000001","E19000001","E18000004","E10000007","E07000039","E05008809"
"DE738AA",10,439086,324804,"E92000001","E19000001","E18000004","E10000007","E07000039","E05008815"
"DE738AB",10,439794,324220,"E92000001","E19000001","E18000004","E10000007","E07000039","E05008815"
"DE738AD",10,440300,324642,"E92000001","E19000001","E18000004","E10000018","E07000134","E05010127"
"DE738AE",10,440277,324542,"E92000001","E19000001","E18000004","E10000018","E07000134","E05010127"
"DE738AF",10,440485,324777,"E92000001","E19000001","E18000004","E10000018","E07000134","E05010127"
"DE738AG",10,440743,324797,"E92000001","E19000001","E18000004","E10000018","E07000134","E05010127"
"DE738AH",10,440460,324657,"E92000001","E19000001","E18000004","E10000018","E07000134","E05010127"
"DE738AJ",10,441017,323424,"E92000001","E19000001","E18000004","E10000018","E07000134","E05010127"
"DE738AL",10,441143,323055,"E92000001","E19000001","E18000004","E10000018","E07000134","E05010127"
"DE738AN",10,440569,322945,"E92000001","E19000001","E18000004","E10000018","E07000134","E05010127"
"DE738AP",10,440573,322972,"E92000001","E19000001","E18000004","E10000018","E07000134","E05010127"
"DE738AQ",10,440902,322744,"E92000001","E19000001","E18000004","E10000018","E07000134","E05010127"
"DE738AR",10,440629,322759,"E92000001","E19000001","E18000004","E10000018","E07000134","E05010127"
"DE738AS",10,440391,322942,"E92000001","E19000001","E18000004","E10000018","E07000134","E05010127"
"DE738AT",10,440357,323108,"E92000001","E19000001","E18000004","E10000018","E07000134","E05010127"
"DE738AU",10,440448,323011,"E92000001","E19000001","E18000004","E10000018","E07000134","E05010127"
"DE738AW",10,440590,322985,"E92000001","E19000001","E18000004","E10000018","E07000134","E05010127"
"DE738AX",10,440512,322900,"E92000001","E19000001","E18000004","E10000018","E07000134","E05010127"
"DE738AY",10,440335,322790,"E92000001","E19000001","E18000004","E10000018","E07000134","E05010127"
"DE738AZ",10,440164,322696,"E92000001","E19000001","E18000004","E10000018","E07000134","E05010127"
"DE738BA",10,441726,323270,"E92000001","E19000001","E18000004","E10000018","E07000134","E05010127"
"DE738BB",10,442022,323421,"E92000001","E19000001","E18000004","E10000018","E07000134","E05010127"
"DE738BD",10,441893,323159,"E92000001","E19000001","E18000004","E10000018","E07000134","E05010127"
"DE738BE",10,441993,323024,"E92000001","E19000001","E18000004","E10000018","E07000134","E05010127"
"DE738BF",10,438908,325155,"E92000001","E19000001","E18000004","E10000007","E07000039","E05008815"
"DE738BG",10,442102,321774,"E92000001","E19000001","E18000004","E10000018","E07000134","E05010127"
"DE738BH",10,438852,322307,"E92000001","E19000001","E18000004","E10000018","E07000134","E05010127"
"DE738BJ",10,438517,322896,"E92000001","E19000001","E18000004","E10000007","E07000039","E05008815"
"DE738BL",10,440439,324883,"E92000001","E19000001","E18000004","E10000018","E07000134","E05010127"
"DE738BN",10,440385,322679,"E92000001","E19000001","E18000004","E10000018","E07000134","E05010127"
"DE738BP",10,440470,322925,"E92000001","E19000001","E18000004","E10000018","E07000134","E05010127"
"DE738BQ",10,439344,325869,"E92000001","E19000001","E18000004","E10000007","E07000039","E05008815"
"DE738BR",10,440483,325885,"E92000001","E19000001","E18000004","E10000007","E07000039","E05008815"
"DE738BS",10,439396,326024,"E92000001","E19000001","E18000004","E10000007","E07000039","E05008815"
"DE738BT",10,439037,326401,"E92000001","E19000001","E18000004","E10000007","E07000039","E05008815"
"DE738BU",10,438919,326356,"E92000001","E19000001","E18000004","E10000007","E07000039","E05008815"
"DE738BW",10,439085,326005,"E92000001","E19000001","E18000004","E10000007","E07000039","E05008815"
"DE738BX",10,438859,326200,"E92000001","E19000001","E18000004","E10000007","E07000039","E05008815"
"DE738BY",10,440426,322982,"E92000001","E19000001","E18000004","E10000018","E07000134","E05010127"
"DE738BZ",10,438649,326010,"E92000001","E19000001","E18000004","E10000007","E07000039","E05008815"
"DE738DA",10,438667,326077,"E92000001","E19000001","E18000004","E10000007","E07000039","E05008815"
"DE738DB",10,438719,326002,"E92000001","E19000001","E18000004","E10000007","E07000039","E05008815"
"DE738DD",10,438368,326377,"E92000001","E19000001","E18000004","E10000007","E07000039","E05008815"
"DE738DE",10,437993,326099,"E92000001","E19000001","E18000004","E10000007","E07000039","E05008815"
"DE738DF",10,437652,326250,"E92000001","E19000001","E18000004","E10000007","E07000039","E05008815"
"DE738DG",10,437532,325323,"E92000001","E19000001","E18000004","E10000007","E07000039","E05008815"
"DE738DH",10,437071,324505,"E92000001","E19000001","E18000004","E10000007","E07000039","E05008815"
"DE738DJ",10,437851,324846,"E92000001","E19000001","E18000004","E10000007","E07000039","E05008815"
"DE738DL",10,438074,324614,"E92000001","E19000001","E18000004","E10000007","E07000039","E05008815"
"DE738DN",10,438426,324264,"E92000001","E19000001","E18000004","E10000007","E07000039","E05008815"
"DE738DP",10,438597,325857,"E92000001","E19000001","E18000004","E10000007","E07000039","E05008815"
"DE738DQ",10,438530,325899,"E92000001","E19000001","E18000004","E10000007","E07000039","E05008815"
"DE738DR",10,438498,325762,"E92000001","E19000001","E18000004","E10000007","E07000039","E05008815"
"DE738DS",10,438602,325200,"E92000001","E19000001","E18000004","E10000007","E07000039","E05008815"
"DE738DT",10,438597,325246,"E92000001","E19000001","E18000004","E10000007","E07000039","E05008815"
"DE738DU",10,440871,322925,"E92000001","E19000001","E18000004","E10000018","E07000134","E05010127"
"DE738DW",10,438740,325214,"E92000001","E19000001","E18000004","E10000007","E07000039","E05008815"
"DE738DX",10,438742,325216,"E92000001","E19000001","E18000004","E10000007","E07000039","E05008815"
"DE738DY",10,438840,325291,"E92000001","E19000001","E18000004","E10000007","E07000039","E05008815"
"DE738DZ",10,438633,325283,"E92000001","E19000001","E18000004","E10000007","E07000039","E05008815"
"DE738EA",10,438762,325520,"E92000001","E19000001","E18000004","E10000007","E07000039","E05008815"
"DE738EB",10,438897,325550,"E92000001","E19000001","E18000004","E10000007","E07000039","E05008815"
"DE738ED",10,438934,325674,"E92000001","E19000001","E18000004","E10000007","E07000039","E05008815"
"DE738EE",10,437007,324262,"E92000001","E19000001","E18000004","E10000007","E07000039","E05008815"
"DE738EF",10,438539,325061,"E92000001","E19000001","E18000004","E10000007","E07000039","E05008815"
"DE738EG",10,438668,325631,"E92000001","E19000001","E18000004","E10000007","E07000039","E05008815"
"DE738EH",10,438613,325313,"E92000001","E19000001","E18000004","E10000007","E07000039","E05008815"
"DE738EJ",10,438744,325109,"E92000001","E19000001","E18000004","E10000007","E07000039","E05008815"
"DE738EL",10,439264,325148,"E92000001","E19000001","E18000004","E10000007","E07000039","E05008815"
"DE738EN",10,438949,325048,"E92000001","E19000001","E18000004","E10000007","E07000039","E05008815"
"DE738EP",10,438759,324964,"E92000001","E19000001","E18000004","E10000007","E07000039","E05008815"
"DE738EQ",10,438519,325061,"E92000001","E19000001","E18000004","E10000007","E07000039","E05008815"
"DE738ER",10,438689,325052,"E92000001","E19000001","E18000004","E10000007","E07000039","E05008815"
"DE738ES",10,438241,324993,"E92000001","E19000001","E18000004","E10000007","E07000039","E05008815"
"DE738ET",10,438822,325112,"E92000001","E19000001","E18000004","E10000007","E07000039","E05008815"
"DE738EU",10,438273,325152,"E92000001","E19000001","E18000004","E10000007","E07000039","E05008815"
"DE738EW",10,438331,325194,"E92000001","E19000001","E18000004","E10000007","E07000039","E05008815"
"DE738EX",10,438243,325111,"E92000001","E19000001","E18000004","E10000007","E07000039","E05008815"
"DE738EY",10,438288,325246,"E92000001","E19000001","E18000004","E10000007","E07000039","E05008815"
"DE738EZ",10,438435,325008,"E92000001","E19000001","E18000004","E10000007","E07000039","E05008815"
"DE738FA",10,438588,325553,"E92000001","E19000001","E18000004","E10000007","E07000039","E05008815"
"DE738FB",10,438302,325296,"E92000001","E19000001","E18000004","E10000007","E07000039","E05008815"
"DE738FD",10,438887,325466,"E92000001","E19000001","E18000004","E10000007","E07000039","E05008815"
"DE738FE",10,438562,325388,"E92000001","E19000001","E18000004","E10000007","E07000039","E05008815"
"DE738FF",10,438595,325408,"E92000001","E19000001","E18000004","E10000007","E07000039","E05008815"
"DE738FG",10,438599,325685,"E92000001","E19000001","E18000004","E10000007","E07000039","E05008815"
"DE738FH",10,438524,325645,"E92000001","E19000001","E18000004","E10000007","E07000039","E05008815"
"DE738FJ",10,438570,325725,"E92000001","E19000001","E18000004","E10000007","E07000039","E05008815"
"DE738FL",10,438398,325680,"E92000001","E19000001","E18000004","E10000007","E07000039","E05008815"
"DE738FN",10,438399,325828,"E92000001","E19000001","E18000004","E10000007","E07000039","E05008815"
"DE738FP",10,438326,325922,"E92000001","E19000001","E18000004","E10000007","E07000039","E05008815"
"DE738FQ",10,438319,325509,"E92000001","E19000001","E18000004","E10000007","E07000039","E05008815"
"DE738FR",10,438336,325490,"E92000001","E19000001","E18000004","E10000007","E07000039","E05008815"
"DE738FS",10,438281,325353,"E92000001","E19000001","E18000004","E10000007","E07000039","E05008815"
"DE738FT",10,438135,325377,"E92000001","E19000001","E18000004","E10000007","E07000039","E05008815"
"DE738FU",10,440733,322971,"E92000001","E19000001","E18000004","E10000018","E07000134","E05010127"
"DE738FW",10,440817,323027,"E92000001","E19000001","E18000004","E10000018","E07000134","E05010127"
"DE738FX",10,438032,325335,"E92000001","E19000001","E18000004","E10000007","E07000039","E05008815"
"DE738FY",10,438111,325332,"E92000001","E19000001","E18000004","E10000007","E07000039","E05008815"
"DE738FZ",10,438379,325417,"E92000001","E19000001","E18000004","E10000007","E07000039","E05008815"
"DE738GA",10,438443,325470,"E92000001","E19000001","E18000004","E10000007","E07000039","E05008815"
"DE738GB",10,438430,325386,"E92000001","E19000001","E18000004","E10000007","E07000039","E05008815"
"DE738GD",10,438389,325250,"E92000001","E19000001","E18000004","E10000007","E07000039","E05008815"
"DE738GE",10,438481,325323,"E92000001","E19000001","E18000004","E10000007","E07000039","E05008815"
"DE738GF",10,438541,325114,"E92000001","E19000001","E18000004","E10000007","E07000039","E05008815"
"DE738GG",10,438539,325286,"E92000001","E19000001","E18000004","E10000007","E07000039","E05008815"
"DE738GH",10,438370,325180,"E92000001","E19000001","E18000004","E10000007","E07000039","E05008815"
"DE738GJ",10,438494,325139,"E92000001","E19000001","E18000004","E10000007","E07000039","E05008815"
"DE738GL",10,438845,325421,"E92000001","E19000001","E18000004","E10000007","E07000039","E05008815"
"DE738GP",10,438068,325486,"E92000001","E19000001","E18000004","E10000007","E07000039","E05008815"
"DE738GQ",10,438453,325186,"E92000001","E19000001","E18000004","E10000007","E07000039","E05008815"
"DE738GR",10,438737,325329,"E92000001","E19000001","E18000004","E10000007","E07000039","E05008815"
"DE738GS",10,438233,325599,"E92000001","E19000001","E18000004","E10000007","E07000039","E05008815"
"DE738GT",10,438272,325611,"E92000001","E19000001","E18000004","E10000007","E07000039","E05008815"
"DE738GU",10,438284,325727,"E92000001","E19000001","E18000004","E10000007","E07000039","E05008815"
"DE738GW",10,438223,325797,"E92000001","E19000001","E18000004","E10000007","E07000039","E05008815"
"DE738GX",10,438319,325633,"E92000001","E19000001","E18000004","E10000007","E07000039","E05008815"
"DE738GY",10,438235,325647,"E92000001","E19000001","E18000004","E10000007","E07000039","E05008815"
"DE738GZ",10,438369,325657,"E92000001","E19000001","E18000004","E10000007","E07000039","E05008815"
"DE738HA",10,440303,324512,"E92000001","E19000001","E18000004","E10000018","E07000134","E05010127"
"DE738HB",10,438067,325522,"E92000001","E19000001","E18000004","E10000007","E07000039","E05008815"
"DE738HD",10,440626,324696,"E92000001","E19000001","E18000004","E10000018","E07000134","E05010127"
"DE738HE",10,438750,326114,"E92000001","E19000001","E18000004","E10000007","E07000039","E05008815"
"DE738HF",10,440461,323631,"E92000001","E19000001","E18000004","E10000018","E07000134","E05010127"
"DE738HG",10,441837,323257,"E92000001","E19000001","E18000004","E10000018","E07000134","E05010127"
"DE738HH",10,441828,323186,"E92000001","E19000001","E18000004","E10000018","E07000134","E05010127"
"DE738HJ",10,439638,325791,"E92000001","E19000001","E18000004","E10000007","E07000039","E05008815"
"DE738HL",10,439476,326507,"E92000001","E19000001","E18000004","E10000007","E07000039","E05008815"
"DE738HN",10,439007,325736,"E92000001","E19000001","E18000004","E10000007","E07000039","E05008815"
"DE738HP",10,438719,325821,"E92000001","E19000001","E18000004","E10000007","E07000039","E05008815"
"DE738HQ",10,441920,323265,"E92000001","E19000001","E18000004","E10000018","E07000134","E05010127"
"DE738HR",10,438047,325295,"E92000001","E19000001","E18000004","E10000007","E07000039","E05008815"
"DE738HS",10,437440,324654,"E92000001","E19000001","E18000004","E10000007","E07000039","E05008815"
"DE738HT",10,436856,324486,"E92000001","E19000001","E18000004","E10000007","E07000039","E05008815"
"DE738HU",10,437201,324465,"E92000001","E19000001","E18000004","E10000007","E07000039","E05008815"
"DE738HW",10,438640,325256,"E92000001","E19000001","E18000004","E10000007","E07000039","E05008815"
"DE738HX",10,438708,325192,"E92000001","E19000001","E18000004","E10000007","E07000039","E05008815"
"DE738HY",10,438763,325254,"E92000001","E19000001","E18000004","E10000007","E07000039","E05008815"
"DE738HZ",10,440285,322743,"E92000001","E19000001","E18000004","E10000018","E07000134","E05010127"
"DE738JB",10,438971,325359,"E92000001","E19000001","E18000004","E10000007","E07000039","E05008815"
"DE738JD",10,440744,322887,"E92000001","E19000001","E18000004","E10000018","E07000134","E05010127"
"DE738JE",10,438748,325670,"E92000001","E19000001","E18000004","E10000007","E07000039","E05008815"
"DE738JG",10,439007,325077,"E92000001","E19000001","E18000004","E10000007","E07000039","E05008815"
"DE738JH",10,438896,325024,"E92000001","E19000001","E18000004","E10000007","E07000039","E05008815"
"DE738JJ",10,438606,325254,"E92000001","E19000001","E18000004","E10000007","E07000039","E05008815"
"DE738JL",10,438450,325261,"E92000001","E19000001","E18000004","E10000007","E07000039","E05008815"
"DE738JN",10,438244,325781,"E92000001","E19000001","E18000004","E10000007","E07000039","E05008815"
"DE738JP",10,438598,326333,"E92000001","E19000001","E18000004","E10000007","E07000039","E05008815"
"DE738JQ",10,439029,325637,"E92000001","E19000001","E18000004","E10000007","E07000039","E05008815"
"DE738JR",10,438600,325351,"E92000001","E19000001","E18000004","E10000007","E07000039","E05008815"
"DE738JS",10,439087,325513,"E92000001","E19000001","E18000004","E10000007","E07000039","E05008815"
"DE738JU",10,440599,322941,"E92000001","E19000001","E18000004","E10000018","E07000134","E05010127"
"DE738JW",50,438426,326053,"E92000001","E19000001","E18000004","E10000007","E07000039","E05008815"
"DE738JX",10,440536,322791,"E92000001","E19000001","E18000004","E10000018","E07000134","E05010127"
"DE738JY",50,440599,322940,"E92000001","E19000001","E18000004","E10000018","E07000134","E05010127"
"DE738JZ",50,440518,322773,"E92000001","E19000001","E18000004","E10000018","E07000134","E05010127"
"DE738LA",50,439032,325594,"E92000001","E19000001","E18000004","E10000007","E07000039","E05008815"
"DE738LB",50,439032,325594,"E92000001","E19000001","E18000004","E10000007","E07000039","E05008815"
"DE738LE",10,439032,325594,"E92000001","E19000001","E18000004","E10000007","E07000039","E05008815"
"DE738LG",10,440191,324346,"E92000001","E19000001","E18000004","E10000018","E07000134","E05010127"
"DE738LH",10,439104,325601,"E92000001","E19000001","E18000004","E10000007","E07000039","E05008815"
"DE738LJ",10,438473,325955,"E92000001","E19000001","E18000004","E10000007","E07000039","E05008815"
"DE738LN",10,438726,325055,"E92000001","E19000001","E18000004","E10000007","E07000039","E05008815"
"DE738LP",10,438622,325512,"E92000001","E19000001","E18000004","E10000007","E07000039","E05008815"
"DE738LQ",10,438741,325237,"E92000001","E19000001","E18000004","E10000007","E07000039","E05008815"
"DE738LR",10,438790,325820,"E92000001","E19000001","E18000004","E10000007","E07000039","E05008815"
"DE738LS",10,440706,322841,"E92000001","E19000001","E18000004","E10000018","E07000134","E05010127"
"DE738LT",10,438186,325705,"E92000001","E19000001","E18000004","E10000007","E07000039","E05008815"
"DE738LU",10,440245,322618,"E92000001","E19000001","E18000004","E10000018","E07000134","E05010127"
"DE738LW",10,438948,325110,"E92000001","E19000001","E18000004","E10000007","E07000039","E05008815"
"DE738LX",10,438132,325550,"E92000001","E19000001","E18000004","E10000007","E07000039","E05008815"
"DE738LY",10,438164,325569,"E92000001","E19000001","E18000004","E10000007","E07000039","E05008815"
"DE738LZ",10,438936,325752,"E92000001","E19000001","E18000004","E10000007","E07000039","E05008815"
"DE738ND",10,440574,322781,"E92000001","E19000001","E18000004","E10000018","E07000134","E05010127"
"DE738SR",10,438878,325270,"E92000001","E19000001","E18000004","E10000007","E07000039","E05008815"
"DE738XS",10,435996,335424,"E92000001","E19000001","E18000004","","E06000015","E05001770"
"DE738YG",10,438001,325441,"E92000001","E19000001","E18000004","E10000007","E07000039","E05008815"
"DE738YL",10,440552,322903,"E92000001","E19000001","E18000004","E10000018","E07000134","E05010127"
"DE742AA",10,448287,327351,"E92000001","E19000001","E18000004","E10000018","E07000134","E05010106"
"DE742AB",10,446590,327845,"E92000001","E19000001","E18000004","E10000018","E07000134","E05010106"
"DE742AD",10,444262,327173,"E92000001","E19000001","E18000004","E10000018","E07000134","E05010102"
"DE742AE",10,445242,324484,"E92000001","E19000001","E18000004","E10000018","E07000134","E05010116"
"DE742AF",10,443597,327848,"E92000001","E19000001","E18000004","E10000018","E07000134","E05010102"
"DE742AG",10,448286,327239,"E92000001","E19000001","E18000004","E10000018","E07000134","E05010106"
"DE742AH",10,445692,324494,"E92000001","E19000001","E18000004","E10000018","E07000134","E05010116"
"DE742AJ",10,443548,327478,"E92000001","E19000001","E18000004","E10000018","E07000134","E05010102"
"DE742AN",10,443501,322701,"E92000001","E19000001","E18000004","E10000018","E07000134","E05010127"
"DE742AP",10,443690,327580,"E92000001","E19000001","E18000004","E10000018","E07000134","E05010102"
"DE742AQ",10,448251,327256,"E92000001","E19000001","E18000004","E10000018","E07000134","E05010106"
"DE742AU",10,443642,327585,"E92000001","E19000001","E18000004","E10000018","E07000134","E05010102"
"DE742AW",10,447934,326677,"E92000001","E19000001","E18000004","E10000018","E07000134","E05010115"
"DE742AY",10,447974,326958,"E92000001","E19000001","E18000004","E10000018","E07000134","E05010115"
"DE742AZ",10,447976,327010,"E92000001","E19000001","E18000004","E10000018","E07000134","E05010115"
"DE742BY",50,435996,335424,"E92000001","E19000001","E18000004","","E06000015","E05001770"
"DE742BZ",10,435996,335424,"E92000001","E19000001","E18000004","","E06000015","E05001770"
"DE742DA",10,448438,326733,"E92000001","E19000001","E18000004","E10000018","E07000134","E05010115"
"DE742DB",10,448485,326755,"E92000001","E19000001","E18000004","E10000018","E07000134","E05010115"
"DE742DD",10,448573,326631,"E92000001","E19000001","E18000004","E10000018","E07000134","E05010115"
"DE742DE",10,448120,326877,"E92000001","E19000001","E18000004","E10000018","E07000134","E05010115"
"DE742DF",10,448319,326840,"E92000001","E19000001","E18000004","E10000018","E07000134","E05010115"
"DE742DG",10,448183,326986,"E92000001","E19000001","E18000004","E10000018","E07000134","E05010115"
"DE742DH",10,448183,326750,"E92000001","E19000001","E18000004","E10000018","E07000134","E05010115"
"DE742DJ",10,447903,326759,"E92000001","E19000001","E18000004","E10000018","E07000134","E05010115"
"DE742DL",10,446877,326653,"E92000001","E19000001","E18000004","E10000018","E07000134","E05010115"
"DE742DN",10,448061,326592,"E92000001","E19000001","E18000004","E10000018","E07000134","E05010115"
"DE742DP",10,447981,326539,"E92000001","E19000001","E18000004","E10000018","E07000134","E05010115"
"DE742DQ",10,448306,326608,"E92000001","E19000001","E18000004","E10000018","E07000134","E05010115"
"DE742DR",10,448242,326538,"E92000001","E19000001","E18000004","E10000018","E07000134","E05010115"
"DE742DS",10,448208,326625,"E92000001","E19000001","E18000004","E10000018","E07000134","E05010115"
"DE742DT",10,448269,326386,"E92000001","E19000001","E18000004","E10000018","E07000134","E05010115"
"DE742DU",10,448075,326107,"E92000001","E19000001","E18000004","E10000018","E07000134","E05010115"
"DE742DW",10,448449,326422,"E92000001","E19000001","E18000004","E10000018","E07000134","E05010115"
"DE742DX",10,448369,326372,"E92000001","E19000001","E18000004","E10000018","E07000134","E05010115"
"DE742DY",10,448376,326325,"E92000001","E19000001","E18000004","E10000018","E07000134","E05010115"
"DE742DZ",10,448608,326389,"E92000001","E19000001","E18000004","E10000018","E07000134","E05010115"
"DE742EA",10,448626,326412,"E92000001","E19000001","E18000004","E10000018","E07000134","E05010115"
"DE742EB",10,448558,326373,"E92000001","E19000001","E18000004","E10000018","E07000134","E05010115"
"DE742ED",10,448720,326717,"E92000001","E19000001","E18000004","E10000018","E07000134","E05010106"
"DE742EE",10,448755,326640,"E92000001","E19000001","E18000004","E10000018","E07000134","E05010115"
"DE742EF",10,444828,327787,"E92000001","E19000001","E18000004","E10000018","E07000134","E05010100"
"DE742EG",10,448693,326585,"E92000001","E19000001","E18000004","E10000018","E07000134","E05010115"
"DE742EH",10,448764,326833,"E92000001","E19000001","E18000004","E10000018","E07000134","E05010106"
"DE742EJ",10,448874,326768,"E92000001","E19000001","E18000004","E10000018","E07000134","E05010106"
"DE742EL",10,448724,326798,"E92000001","E19000001","E18000004","E10000018","E07000134","E05010106"
"DE742EN",10,448529,326856,"E92000001","E19000001","E18000004","E10000018","E07000134","E05010115"
"DE742EP",10,444846,327751,"E92000001","E19000001","E18000004","E10000018","E07000134","E05010100"
"DE742ER",10,448298,327118,"E92000001","E19000001","E18000004","E10000018","E07000134","E05010106"
"DE742ES",10,448339,327068,"E92000001","E19000001","E18000004","E10000018","E07000134","E05010106"
"DE742ET",10,448217,327116,"E92000001","E19000001","E18000004","E10000018","E07000134","E05010106"
"DE742EU",10,448801,326512,"E92000001","E19000001","E18000004","E10000018","E07000134","E05010106"
"DE742EW",10,448747,326560,"E92000001","E19000001","E18000004","E10000018","E07000134","E05010115"
"DE742EX",10,448672,326119,"E92000001","E19000001","E18000004","E10000018","E07000134","E05010115"
"DE742EY",10,449170,325436,"E92000001","E19000001","E18000004","E10000018","E07000134","E05010106"
"DE742EZ",10,448636,326480,"E92000001","E19000001","E18000004","E10000018","E07000134","E05010115"
"DE742FA",10,447810,326819,"E92000001","E19000001","E18000004","E10000018","E07000134","E05010115"
"DE742FB",10,448257,326753,"E92000001","E19000001","E18000004","E10000018","E07000134","E05010115"
"DE742FD",10,448148,326460,"E92000001","E19000001","E18000004","E10000018","E07000134","E05010115"
"DE742FE",10,448692,326470,"E92000001","E19000001","E18000004","E10000018","E07000134","E05010115"
"DE742FF",10,448664,326900,"E92000001","E19000001","E18000004","E10000018","E07000134","E05010106"
"DE742FG",10,448673,327011,"E92000001","E19000001","E18000004","E10000018","E07000134","E05010106"
"DE742FH",10,448736,327015,"E92000001","E19000001","E18000004","E10000018","E07000134","E05010106"
"DE742FJ",10,448466,327113,"E92000001","E19000001","E18000004","E10000018","E07000134","E05010106"
"DE742FL",10,448598,327275,"E92000001","E19000001","E18000004","E10000018","E07000134","E05010106"
"DE742FN",10,448411,327053,"E92000001","E19000001","E18000004","E10000018","E07000134","E05010106"
"DE742FP",10,448490,327035,"E92000001","E19000001","E18000004","E10000018","E07000134","E05010106"
"DE742FQ",10,448823,327198,"E92000001","E19000001","E18000004","E10000018","E07000134","E05010106"
"DE742FR",10,449091,327211,"E92000001","E19000001","E18000004","E10000018","E07000134","E05010106"
"DE742FS",10,449493,327369,"E92000001","E19000001","E18000004","E10000024","E07000176","E05009720"
"DE742FT",10,449045,327145,"E92000001","E19000001","E18000004","E10000018","E07000134","E05010106"
"DE742FW",10,449106,327093,"E92000001","E19000001","E18000004","E10000018","E07000134","E05010106"
"DE742FX",10,448944,327035,"E92000001","E19000001","E18000004","E10000018","E07000134","E05010106"
"DE742FY",10,448893,326966,"E92000001","E19000001","E18000004","E10000018","E07000134","E05010106"
"DE742FZ",10,448888,327051,"E92000001","E19000001","E18000004","E10000018","E07000134","E05010106"
"DE742GA",10,448671,327602,"E92000001","E19000001","E18000004","E10000018","E07000134","E05010106"
"DE742GB",10,448278,328105,"E92000001","E19000001","E18000004","E10000018","E07000134","E05010106"
"DE742GD",10,449041,326877,"E92000001","E19000001","E18000004","E10000018","E07000134","E05010106"
"DE742GE",10,450040,326840,"E92000001","E19000001","E18000004","E10000024","E07000176","E05009720"
"DE742GF",10,447983,327124,"E92000001","E19000001","E18000004","E10000018","E07000134","E05010115"
"DE742GG",10,448608,326586,"E92000001","E19000001","E18000004","E10000018","E07000134","E05010115"
"DE742GH",10,448466,326948,"E92000001","E19000001","E18000004","E10000018","E07000134","E05010106"
"DE742GJ",10,448542,327012,"E92000001","E19000001","E18000004","E10000018","E07000134","E05010106"
"DE742GL",10,444848,327872,"E92000001","E19000001","E18000004","E10000018","E07000134","E05010100"
"DE742GN",10,444890,327875,"E92000001","E19000001","E18000004","E10000018","E07000134","E05010100"
"DE742GP",10,444831,327952,"E92000001","E19000001","E18000004","E10000018","E07000134","E05010100"
"DE742GQ",10,448536,326944,"E92000001","E19000001","E18000004","E10000018","E07000134","E05010106"
"DE742GR",10,442192,327345,"E92000001","E19000001","E18000004","E10000018","E07000134","E05010102"
"DE742GT",10,435996,335424,"E92000001","E19000001","E18000004","","E06000015","E05001770"
"DE742GW",50,444857,327915,"E92000001","E19000001","E18000004","E10000018","E07000134","E05010100"
"DE742GY",10,435996,335424,"E92000001","E19000001","E18000004","","E06000015","E05001770"
"DE742HA",10,443268,327861,"E92000001","E19000001","E18000004","E10000018","E07000134","E05010102"
"DE742HB",10,435996,335424,"E92000001","E19000001","E18000004","","E06000015","E05001770"
"DE742HJ",10,443350,328325,"E92000001","E19000001","E18000004","E10000018","E07000134","E05010102"
"DE742HL",10,443155,327894,"E92000001","E19000001","E18000004","E10000018","E07000134","E05010102"
"DE742HN",10,446161,325652,"E92000001","E19000001","E18000004","E10000018","E07000134","E05010116"
"DE742HP",10,444923,327941,"E92000001","E19000001","E18000004","E10000018","E07000134","E05010100"
"DE742HQ",10,448684,326371,"E92000001","E19000001","E18000004","E10000018","E07000134","E05010115"
"DE742HR",10,448555,326304,"E92000001","E19000001","E18000004","E10000018","E07000134","E05010115"
"DE742HS",10,448222,326284,"E92000001","E19000001","E18000004","E10000018","E07000134","E05010115"
"DE742HT",10,448285,326254,"E92000001","E19000001","E18000004","E10000018","E07000134","E05010115"
"DE742HU",10,447872,326881,"E92000001","E19000001","E18000004","E10000018","E07000134","E05010115"
"DE742HX",10,444790,327312,"E92000001","E19000001","E18000004","E10000018","E07000134","E05010100"
"DE742HY",10,448398,326611,"E92000001","E19000001","E18000004","E10000018","E07000134","E05010115"
"DE742HZ",10,444799,328378,"E92000001","E19000001","E18000004","E10000018","E07000134","E05010101"
"DE742JA",10,444654,327273,"E92000001","E19000001","E18000004","E10000018","E07000134","E05010100"
"DE742JB",10,444574,327308,"E92000001","E19000001","E18000004","E10000018","E07000134","E05010100"
"DE742JD",10,444583,327318,"E92000001","E19000001","E18000004","E10000018","E07000134","E05010100"
"DE742JE",10,444522,327501,"E92000001","E19000001","E18000004","E10000018","E07000134","E05010101"
"DE742JF",10,444220,327246,"E92000001","E19000001","E18000004","E10000018","E07000134","E05010102"
"DE742JG",10,443737,327337,"E92000001","E19000001","E18000004","E10000018","E07000134","E05010102"
"DE742JH",10,444651,327322,"E92000001","E19000001","E18000004","E10000018","E07000134","E05010100"
"DE742JJ",10,444404,327318,"E92000001","E19000001","E18000004","E10000018","E07000134","E05010101"
"DE742JL",10,443925,327440,"E92000001","E19000001","E18000004","E10000018","E07000134","E05010101"
"DE742JN",10,443640,327212,"E92000001","E19000001","E18000004","E10000018","E07000134","E05010102"
"DE742JP",10,443722,327262,"E92000001","E19000001","E18000004","E10000018","E07000134","E05010102"
"DE742JQ",10,443751,327171,"E92000001","E19000001","E18000004","E10000018","E07000134","E05010102"
"DE742JR",10,443917,327118,"E92000001","E19000001","E18000004","E10000018","E07000134","E05010102"
"DE742JS",10,444009,327180,"E92000001","E19000001","E18000004","E10000018","E07000134","E05010102"
"DE742JT",10,443873,327244,"E92000001","E19000001","E18000004","E10000018","E07000134","E05010102"
"DE742JU",10,443807,327445,"E92000001","E19000001","E18000004","E10000018","E07000134","E05010101"
"DE742JW",10,443548,327157,"E92000001","E19000001","E18000004","E10000018","E07000134","E05010102"
"DE742JX",10,444149,327475,"E92000001","E19000001","E18000004","E10000018","E07000134","E05010101"
"DE742JY",10,444329,327369,"E92000001","E19000001","E18000004","E10000018","E07000134","E05010101"
"DE742JZ",10,444141,327373,"E92000001","E19000001","E18000004","E10000018","E07000134","E05010101"
"DE742LA",10,444662,327365,"E92000001","E19000001","E18000004","E10000018","E07000134","E05010100"
"DE742LB",10,444728,327446,"E92000001","E19000001","E18000004","E10000018","E07000134","E05010100"
"DE742LD",10,444843,327557,"E92000001","E19000001","E18000004","E10000018","E07000134","E05010100"
"DE742LE",10,444796,327406,"E92000001","E19000001","E18000004","E10000018","E07000134","E05010100"
"DE742LF",10,444731,327297,"E92000001","E19000001","E18000004","E10000018","E07000134","E05010100"
"DE742LG",10,444740,327381,"E92000001","E19000001","E18000004","E10000018","E07000134","E05010100"
"DE742LH",10,444673,327197,"E92000001","E19000001","E18000004","E10000018","E07000134","E05010100"
"DE742LJ",10,444607,327177,"E92000001","E19000001","E18000004","E10000018","E07000134","E05010100"
"DE742LN",10,444705,327125,"E92000001","E19000001","E18000004","E10000018","E07000134","E05010100"
"DE742LP",10,444726,327037,"E92000001","E19000001","E18000004","E10000018","E07000134","E05010100"
"DE742LQ",10,444639,327036,"E92000001","E19000001","E18000004","E10000018","E07000134","E05010100"
"DE742LR",10,444613,326961,"E92000001","E19000001","E18000004","E10000018","E07000134","E05010100"
"DE742LS",10,444654,326823,"E92000001","E19000001","E18000004","E10000018","E07000134","E05010100"
"DE742LT",10,444618,326905,"E92000001","E19000001","E18000004","E10000018","E07000134","E05010100"
"DE742LU",10,444525,326862,"E92000001","E19000001","E18000004","E10000018","E07000134","E05010100"
"DE742LW",10,444567,326791,"E92000001","E19000001","E18000004","E10000018","E07000134","E05010100"
"DE742LX",10,444723,326793,"E92000001","E19000001","E18000004","E10000018","E07000134","E05010100"
"DE742LY",10,444785,326790,"E92000001","E19000001","E18000004","E10000018","E07000134","E05010100"
"DE742LZ",10,444597,326687,"E92000001","E19000001","E18000004","E10000018","E07000134","E05010100"
"DE742NA",10,444797,326943,"E92000001","E19000001","E18000004","E10000018","E07000134","E05010100"
"DE742NB",10,444588,326831,"E92000001","E19000001","E18000004","E10000018","E07000134","E05010100"
"DE742ND",10,444477,326977,"E92000001","E19000001","E18000004","E10000018","E07000134","E05010100"
"DE742NE",10,444419,326918,"E92000001","E19000001","E18000004","E10000018","E07000134","E05010100"
"DE742NF",10,444472,326866,"E92000001","E19000001","E18000004","E10000018","E07000134","E05010100"
"DE742NG",10,444507,327036,"E92000001","E19000001","E18000004","E10000018","E07000134","E05010100"
"DE742NH",10,444732,327568,"E92000001","E19000001","E18000004","E10000018","E07000134","E05010100"
"DE742NJ",10,444759,327828,"E92000001","E19000001","E18000004","E10000018","E07000134","E05010100"
"DE742NL",10,444823,328213,"E92000001","E19000001","E18000004","E10000018","E07000134","E05010100"
"DE742NN",10,444677,328712,"E92000001","E19000001","E18000004","E10000018","E07000134","E05010101"
"DE742NP",10,444582,328333,"E92000001","E19000001","E18000004","E10000018","E07000134","E05010101"
"DE742NQ",10,444568,327757,"E92000001","E19000001","E18000004","E10000018","E07000134","E05010101"
"DE742NR",10,444667,327536,"E92000001","E19000001","E18000004","E10000018","E07000134","E05010101"
"DE742NS",10,444539,327382,"E92000001","E19000001","E18000004","E10000018","E07000134","E05010101"
"DE742NT",10,444818,328108,"E92000001","E19000001","E18000004","E10000018","E07000134","E05010100"
"DE742NU",10,444780,328025,"E92000001","E19000001","E18000004","E10000018","E07000134","E05010100"
"DE742NW",10,444764,328479,"E92000001","E19000001","E18000004","E10000018","E07000134","E05010101"
"DE742NX",10,444744,328147,"E92000001","E19000001","E18000004","E10000018","E07000134","E05010101"
"DE742NY",10,444386,326815,"E92000001","E19000001","E18000004","E10000018","E07000134","E05010100"
"DE742NZ",10,443972,327015,"E92000001","E19000001","E18000004","E10000018","E07000134","E05010102"
"DE742PA",10,444823,327467,"E92000001","E19000001","E18000004","E10000018","E07000134","E05010100"
"DE742PB",10,444875,327378,"E92000001","E19000001","E18000004","E10000018","E07000134","E05010100"
"DE742PD",10,444893,327502,"E92000001","E19000001","E18000004","E10000018","E07000134","E05010100"
"DE742PE",10,444935,327504,"E92000001","E19000001","E18000004","E10000018","E07000134","E05010100"
"DE742PF",10,445095,327525,"E92000001","E19000001","E18000004","E10000018","E07000134","E05010100"
"DE742PG",10,445017,327409,"E92000001","E19000001","E18000004","E10000018","E07000134","E05010100"
"DE742PH",10,445104,327433,"E92000001","E19000001","E18000004","E10000018","E07000134","E05010100"
"DE742PJ",10,445014,327235,"E92000001","E19000001","E18000004","E10000018","E07000134","E05010100"
"DE742PL",10,444903,327309,"E92000001","E19000001","E18000004","E10000018","E07000134","E05010100"
"DE742PN",10,444889,327193,"E92000001","E19000001","E18000004","E10000018","E07000134","E05010100"
"DE742PP",10,444318,327051,"E92000001","E19000001","E18000004","E10000018","E07000134","E05010102"
"DE742PQ",10,444186,326711,"E92000001","E19000001","E18000004","E10000018","E07000134","E05010100"
"DE742PR",10,444039,326445,"E92000001","E19000001","E18000004","E10000018","E07000134","E05010100"
"DE742PS",10,444247,326394,"E92000001","E19000001","E18000004","E10000018","E07000134","E05010100"
"DE742PT",10,445507,328014,"E92000001","E19000001","E18000004","E10000018","E07000134","E05010106"
"DE742PU",10,445355,325270,"E92000001","E19000001","E18000004","E10000018","E07000134","E05010116"
"DE742PW",10,444946,324427,"E92000001","E19000001","E18000004","E10000018","E07000134","E05010116"
"DE742PX",10,445610,328219,"E92000001","E19000001","E18000004","E10000018","E07000134","E05010106"
"DE742PY",10,444543,328200,"E92000001","E19000001","E18000004","E10000018","E07000134","E05010101"
"DE742PZ",10,444134,327540,"E92000001","E19000001","E18000004","E10000018","E07000134","E05010101"
"DE742QB",10,445309,325260,"E92000001","E19000001","E18000004","E10000018","E07000134","E05010116"
"DE742QD",10,445334,324747,"E92000001","E19000001","E18000004","E10000018","E07000134","E05010116"
"DE742QE",10,445530,324518,"E92000001","E19000001","E18000004","E10000018","E07000134","E05010116"
"DE742QF",10,445288,324362,"E92000001","E19000001","E18000004","E10000018","E07000134","E05010116"
"DE742QG",10,444503,322240,"E92000001","E19000001","E18000004","E10000018","E07000134","E05010116"
"DE742QH",10,445315,324109,"E92000001","E19000001","E18000004","E10000018","E07000134","E05010116"
"DE742QJ",10,445126,324549,"E92000001","E19000001","E18000004","E10000018","E07000134","E05010116"
"DE742QL",10,444887,324427,"E92000001","E19000001","E18000004","E10000018","E07000134","E05010116"
"DE742QN",10,444982,324337,"E92000001","E19000001","E18000004","E10000018","E07000134","E05010116"
"DE742QP",10,445195,324327,"E92000001","E19000001","E18000004","E10000018","E07000134","E05010116"
"DE742QQ",10,443300,323508,"E92000001","E19000001","E18000004","E10000018","E07000134","E05010127"
"DE742QR",10,444585,328077,"E92000001","E19000001","E18000004","E10000018","E07000134","E05010101"
"DE742QS",10,445013,324471,"E92000001","E19000001","E18000004","E10000018","E07000134","E05010116"
"DE742QT",10,445092,324343,"E92000001","E19000001","E18000004","E10000018","E07000134","E05010116"
"DE742QU",10,444403,327436,"E92000001","E19000001","E18000004","E10000018","E07000134","E05010101"
"DE742QW",10,444110,327419,"E92000001","E19000001","E18000004","E10000018","E07000134","E05010101"
"DE742QX",10,444905,328214,"E92000001","E19000001","E18000004","E10000018","E07000134","E05010100"
"DE742QY",10,444003,327412,"E92000001","E19000001","E18000004","E10000018","E07000134","E05010101"
"DE742QZ",10,444315,327420,"E92000001","E19000001","E18000004","E10000018","E07000134","E05010101"
"DE742RA",10,445388,327589,"E92000001","E19000001","E18000004","E10000018","E07000134","E05010106"
"DE742RB",10,445574,327946,"E92000001","E19000001","E18000004","E10000018","E07000134","E05010106"
"DE742RD",10,445495,328286,"E92000001","E19000001","E18000004","E10000018","E07000134","E05010106"
"DE742RE",10,445717,328431,"E92000001","E19000001","E18000004","E10000018","E07000134","E05010106"
"DE742RF",10,445678,328121,"E92000001","E19000001","E18000004","E10000018","E07000134","E05010106"
"DE742RG",10,447453,330085,"E92000001","E19000001","E18000004","E10000018","E07000134","E05010106"
"DE742RH",10,446764,328050,"E92000001","E19000001","E18000004","E10000018","E07000134","E05010106"
"DE742RJ",10,446567,328114,"E92000001","E19000001","E18000004","E10000018","E07000134","E05010106"
"DE742RL",10,442596,325042,"E92000001","E19000001","E18000004","E10000018","E07000134","E05010127"
"DE742RN",10,441885,325186,"E92000001","E19000001","E18000004","E10000018","E07000134","E05010127"
"DE742RP",10,442324,326107,"E92000001","E19000001","E18000004","E10000018","E07000134","E05010102"
"DE742RQ",10,442180,326915,"E92000001","E19000001","E18000004","E10000018","E07000134","E05010102"
"DE742RR",10,441774,327469,"E92000001","E19000001","E18000004","E10000018","E07000134","E05010102"
"DE742RS",10,442198,327299,"E92000001","E19000001","E18000004","E10000018","E07000134","E05010102"
"DE742RT",10,444178,327550,"E92000001","E19000001","E18000004","E10000018","E07000134","E05010101"
"DE742RU",10,445703,327867,"E92000001","E19000001","E18000004","E10000018","E07000134","E05010106"
"DE742RW",10,445238,324395,"E92000001","E19000001","E18000004","E10000018","E07000134","E05010116"
"DE742RX",10,444163,327097,"E92000001","E19000001","E18000004","E10000018","E07000134","E05010102"
"DE742RY",10,444090,327072,"E92000001","E19000001","E18000004","E10000018","E07000134","E05010102"
"DE742RZ",10,444106,327677,"E92000001","E19000001","E18000004","E10000018","E07000134","E05010101"
"DE742SA",10,445268,325610,"E92000001","E19000001","E18000004","E10000018","E07000134","E05010106"
"DE742SD",10,444908,324682,"E92000001","E19000001","E18000004","E10000018","E07000134","E05010116"
"DE742SF",10,445651,327754,"E92000001","E19000001","E18000004","E10000018","E07000134","E05010106"
"DE742SG",10,442054,326877,"E92000001","E19000001","E18000004","E10000018","E07000134","E05010102"
"DE742SH",10,445689,325484,"E92000001","E19000001","E18000004","E10000018","E07000134","E05010116"
"DE742SJ",10,445372,324689,"E92000001","E19000001","E18000004","E10000018","E07000134","E05010116"
"DE742SL",10,446865,327862,"E92000001","E19000001","E18000004","E10000018","E07000134","E05010106"
"DE742SP",10,444230,327677,"E92000001","E19000001","E18000004","E10000018","E07000134","E05010101"
"DE742SQ",10,445552,328177,"E92000001","E19000001","E18000004","E10000018","E07000134","E05010106"
"DE742SR",10,444381,327572,"E92000001","E19000001","E18000004","E10000018","E07000134","E05010101"
"DE742SS",10,444291,327570,"E92000001","E19000001","E18000004","E10000018","E07000134","E05010101"
"DE742ST",10,444161,327712,"E92000001","E19000001","E18000004","E10000018","E07000134","E05010101"
"DE742SU",10,444436,327606,"E92000001","E19000001","E18000004","E10000018","E07000134","E05010101"
"DE742SW",10,444182,327029,"E92000001","E19000001","E18000004","E10000018","E07000134","E05010102"
"DE742SX",10,444425,327398,"E92000001","E19000001","E18000004","E10000018","E07000134","E05010101"
"DE742SY",10,445224,324367,"E92000001","E19000001","E18000004","E10000018","E07000134","E05010116"
"DE742SZ",10,445493,327845,"E92000001","E19000001","E18000004","E10000018","E07000134","E05010106"
"DE742TA",10,448180,326825,"E92000001","E19000001","E18000004","E10000018","E07000134","E05010115"
"DE742TB",10,448374,326922,"E92000001","E19000001","E18000004","E10000018","E07000134","E05010115"
"DE742TD",10,448020,326870,"E92000001","E19000001","E18000004","E10000018","E07000134","E05010115"
"DE742TE",10,447951,326876,"E92000001","E19000001","E18000004","E10000018","E07000134","E05010115"
"DE742TF",10,446755,327977,"E92000001","E19000001","E18000004","E10000018","E07000134","E05010106"
"DE742TG",10,445624,325748,"E92000001","E19000001","E18000004","E10000018","E07000134","E05010106"
"DE742TH",10,444962,327617,"E92000001","E19000001","E18000004","E10000018","E07000134","E05010100"
"DE742TJ",10,445521,328151,"E92000001","E19000001","E18000004","E10000018","E07000134","E05010106"
"DE742TN",10,446721,325135,"E92000001","E19000001","E18000004","E10000018","E07000134","E05010116"
"DE742TP",10,444454,327133,"E92000001","E19000001","E18000004","E10000018","E07000134","E05010100"
"DE742TQ",10,446337,325480,"E92000001","E19000001","E18000004","E10000018","E07000134","E05010116"
"DE742TR",10,443799,325617,"E92000001","E19000001","E18000004","E10000018","E07000134","E05010100"
"DE742TS",10,444667,327773,"E92000001","E19000001","E18000004","E10000018","E07000134","E05010101"
"DE742TT",10,444760,324434,"E92000001","E19000001","E18000004","E10000018","E07000134","E05010116"
"DE742TU",10,446505,325516,"E92000001","E19000001","E18000004","E10000018","E07000134","E05010116"
"DE742TW",10,444863,328721,"E92000001","E19000001","E18000004","E10000018","E07000134","E05010101"
"DE742TX",10,448162,326662,"E92000001","E19000001","E18000004","E10000018","E07000134","E05010115"
"DE742TZ",10,446538,325625,"E92000001","E19000001","E18000004","E10000018","E07000134","E05010116"
"DE742UA",10,443506,327434,"E92000001","E19000001","E18000004","E10000018","E07000134","E05010102"
"DE742UB",10,444527,328696,"E92000001","E19000001","E18000004","E10000018","E07000134","E05010101"
"DE742UD",10,444814,328713,"E92000001","E19000001","E18000004","E10000018","E07000134","E05010101"
"DE742UE",10,443536,327544,"E92000001","E19000001","E18000004","E10000018","E07000134","E05010102"
"DE742UF",10,443567,327582,"E92000001","E19000001","E18000004","E10000018","E07000134","E05010102"
"DE742UG",10,444676,328779,"E92000001","E19000001","E18000004","E10000018","E07000134","E05010101"
"DE742UH",10,444667,328779,"E92000001","E19000001","E18000004","E10000018","E07000134","E05010101"
"DE742UJ",10,443534,327688,"E92000001","E19000001","E18000004","E10000018","E07000134","E05010102"
"DE742UL",10,443711,327781,"E92000001","E19000001","E18000004","E10000018","E07000134","E05010102"
"DE742UN",10,443768,327586,"E92000001","E19000001","E18000004","E10000018","E07000134","E05010101"
"DE742UP",10,443805,327520,"E92000001","E19000001","E18000004","E10000018","E07000134","E05010101"
"DE742UQ",10,443552,327731,"E92000001","E19000001","E18000004","E10000018","E07000134","E05010102"
"DE742UR",10,443728,327584,"E92000001","E19000001","E18000004","E10000018","E07000134","E05010101"
"DE742US",10,444381,328585,"E92000001","E19000001","E18000004","E10000018","E07000134","E05010101"
"DE742UT",10,444326,328382,"E92000001","E19000001","E18000004","E10000018","E07000134","E05010101"
"DE742UU",10,444768,327945,"E92000001","E19000001","E18000004","E10000018","E07000134","E05010100"
"DE742UW",10,443823,327636,"E92000001","E19000001","E18000004","E10000018","E07000134","E05010101"
"DE742UX",10,443580,327768,"E92000001","E19000001","E18000004","E10000018","E07000134","E05010102"
"DE742UY",10,443701,327832,"E92000001","E19000001","E18000004","E10000018","E07000134","E05010102"
"DE742UZ",10,446333,325595,"E92000001","E19000001","E18000004","E10000018","E07000134","E05010116"
"DE742WA",10,443632,327669,"E92000001","E19000001","E18000004","E10000018","E07000134","E05010102"
"DE742XA",10,444097,327601,"E92000001","E19000001","E18000004","E10000018","E07000134","E05010101"
"DE742XB",10,444065,327689,"E92000001","E19000001","E18000004","E10000018","E07000134","E05010101"
"DE742XD",10,443933,327660,"E92000001","E19000001","E18000004","E10000018","E07000134","E05010101"
"DE742XE",10,443913,327850,"E92000001","E19000001","E18000004","E10000018","E07000134","E05010101"
"DE742XG",10,444039,327831,"E92000001","E19000001","E18000004","E10000018","E07000134","E05010101"
"DE742XH",10,444289,327733,"E92000001","E19000001","E18000004","E10000018","E07000134","E05010101"
"DE742XJ",10,444574,327601,"E92000001","E19000001","E18000004","E10000018","E07000134","E05010101"
"DE742XQ",10,443901,327650,"E92000001","E19000001","E18000004","E10000018","E07000134","E05010101"
"DE742XR",10,435996,335424,"E92000001","E19000001","E18000004","","E06000015","E05001770"
"DE742YD",10,435996,335424,"E92000001","E19000001","E18000004","","E06000015","E05001770"
"DE742YJ",10,435996,335424,"E92000001","E19000001","E18000004","","E06000015","E05001770"
"DE742YW",10,447315,329098,"E92000001","E19000001","E18000004","E10000018","E07000134","E05010106"
"DE742YX",10,446614,328001,"E92000001","E19000001","E18000004","E10000018","E07000134","E05010106"
"DE742YZ",10,447389,327915,"E92000001","E19000001","E18000004","E10000018","E07000134","E05010106"
"DE742ZN",10,435996,335424,"E92000001","E19000001","E18000004","","E06000015","E05001770"
"DE742ZS",10,435996,335424,"E92000001","E19000001","E18000004","","E06000015","E05001770"
"DE757AA",10,443484,346477,"E92000001","E19000001","E18000004","E10000007","E07000032","E05003292"
"DE757AB",10,442513,347583,"E92000001","E19000001","E18000004","E10000007","E07000032","E05003290"
"DE757AE",10,442417,347088,"E92000001","E19000001","E18000004","E10000007","E07000032","E05003290"
"DE757AF",10,443425,346421,"E92000001","E19000001","E18000004","E10000007","E07000032","E05003292"
"DE757AG",10,443631,346399,"E92000001","E19000001","E18000004","E10000007","E07000032","E05008522"
"DE757AH",10,443698,346453,"E92000001","E19000001","E18000004","E10000007","E07000032","E05003292"
"DE757AJ",10,443865,346608,"E92000001","E19000001","E18000004","E10000007","E07000032","E05003292"
"DE757AL",10,444179,346846,"E92000001","E19000001","E18000004","E10000007","E07000032","E05003292"
"DE757AN",10,443717,346579,"E92000001","E19000001","E18000004","E10000007","E07000032","E05003292"
"DE757AP",10,443789,346473,"E92000001","E19000001","E18000004","E10000007","E07000032","E05003292"
"DE757AQ",10,444038,346758,"E92000001","E19000001","E18000004","E10000007","E07000032","E05003292"
"DE757AR",10,443780,346710,"E92000001","E19000001","E18000004","E10000007","E07000032","E05003292"
"DE757AS",10,443796,346668,"E92000001","E19000001","E18000004","E10000007","E07000032","E05003292"
"DE757AT",10,443982,346866,"E92000001","E19000001","E18000004","E10000007","E07000032","E05003292"
"DE757AU",10,444095,346696,"E92000001","E19000001","E18000004","E10000007","E07000032","E05003292"
"DE757AW",10,443929,346571,"E92000001","E19000001","E18000004","E10000007","E07000032","E05003292"
"DE757AX",10,443957,346461,"E92000001","E19000001","E18000004","E10000007","E07000032","E05003292"
"DE757AY",10,444206,346659,"E92000001","E19000001","E18000004","E10000007","E07000032","E05003292"
"DE757AZ",10,442993,346326,"E92000001","E19000001","E18000004","E10000007","E07000032","E05003292"
"DE757BA",10,444257,346478,"E92000001","E19000001","E18000004","E10000007","E07000032","E05008522"
"DE757BB",10,444314,346678,"E92000001","E19000001","E18000004","E10000007","E07000032","E05008522"
"DE757BD",10,444309,346746,"E92000001","E19000001","E18000004","E10000007","E07000032","E05008522"
"DE757BE",10,444377,346594,"E92000001","E19000001","E18000004","E10000007","E07000032","E05008522"
"DE757BG",10,444321,346865,"E92000001","E19000001","E18000004","E10000007","E07000032","E05008522"
"DE757BH",10,444005,345467,"E92000001","E19000001","E18000004","E10000007","E07000032","E05008522"
"DE757BJ",10,443624,346698,"E92000001","E19000001","E18000004","E10000007","E07000032","E05003292"
"DE757BL",10,443591,345578,"E92000001","E19000001","E18000004","E10000007","E07000032","E05008522"
"DE757BN",10,443913,346033,"E92000001","E19000001","E18000004","E10000007","E07000032","E05008522"
"DE757BP",10,443984,345822,"E92000001","E19000001","E18000004","E10000007","E07000032","E05008522"
"DE757BQ",10,444034,345981,"E92000001","E19000001","E18000004","E10000007","E07000032","E05008522"
"DE757BR",10,443840,345830,"E92000001","E19000001","E18000004","E10000007","E07000032","E05008522"
"DE757BS",10,443814,345630,"E92000001","E19000001","E18000004","E10000007","E07000032","E05008522"
"DE757BT",10,444019,345539,"E92000001","E19000001","E18000004","E10000007","E07000032","E05008522"
"DE757BU",10,444012,345579,"E92000001","E19000001","E18000004","E10000007","E07000032","E05008522"
"DE757BW",10,443834,345490,"E92000001","E19000001","E18000004","E10000007","E07000032","E05008522"
"DE757BX",10,443780,345496,"E92000001","E19000001","E18000004","E10000007","E07000032","E05008522"
"DE757BY",10,443790,345262,"E92000001","E19000001","E18000004","E10000007","E07000032","E05008522"
"DE757BZ",10,443513,345664,"E92000001","E19000001","E18000004","E10000007","E07000032","E05008522"
"DE757DA",10,443574,345406,"E92000001","E19000001","E18000004","E10000007","E07000032","E05008522"
"DE757DB",10,443680,345178,"E92000001","E19000001","E18000004","E10000007","E07000032","E05008522"
"DE757DD",10,443671,345386,"E92000001","E19000001","E18000004","E10000007","E07000032","E05008522"
"DE757DE",10,443692,345464,"E92000001","E19000001","E18000004","E10000007","E07000032","E05008522"
"DE757DF",10,443681,345277,"E92000001","E19000001","E18000004","E10000007","E07000032","E05008522"
"DE757DG",10,443701,345203,"E92000001","E19000001","E18000004","E10000007","E07000032","E05008522"
"DE757DH",10,443394,345563,"E92000001","E19000001","E18000004","E10000007","E07000032","E05008522"
"DE757DJ",10,443499,345305,"E92000001","E19000001","E18000004","E10000007","E07000032","E05008522"
"DE757DL",10,443503,345364,"E92000001","E19000001","E18000004","E10000007","E07000032","E05008522"
"DE757DN",10,443477,345536,"E92000001","E19000001","E18000004","E10000007","E07000032","E05008522"
"DE757DP",10,443813,345682,"E92000001","E19000001","E18000004","E10000007","E07000032","E05008522"
"DE757DQ",10,444071,345426,"E92000001","E19000001","E18000004","E10000007","E07000032","E05008522"
"DE757DR",10,443678,346215,"E92000001","E19000001","E18000004","E10000007","E07000032","E05008522"
"DE757DS",10,443687,346060,"E92000001","E19000001","E18000004","E10000007","E07000032","E05003292"
"DE757DT",10,443728,346086,"E92000001","E19000001","E18000004","E10000007","E07000032","E05008522"
"DE757DU",10,443574,345384,"E92000001","E19000001","E18000004","E10000007","E07000032","E05008522"
"DE757DW",10,443868,345841,"E92000001","E19000001","E18000004","E10000007","E07000032","E05008522"
"DE757DX",10,443626,346098,"E92000001","E19000001","E18000004","E10000007","E07000032","E05003292"
"DE757DY",10,443857,345138,"E92000001","E19000001","E18000004","E10000007","E07000032","E05008522"
"DE757EA",10,443838,346049,"E92000001","E19000001","E18000004","E10000007","E07000032","E05008522"
"DE757EB",10,443448,346316,"E92000001","E19000001","E18000004","E10000007","E07000032","E05003292"
"DE757ED",10,443405,346364,"E92000001","E19000001","E18000004","E10000007","E07000032","E05003292"
"DE757EE",10,442966,345940,"E92000001","E19000001","E18000004","E10000007","E07000032","E05008524"
"DE757EF",10,443383,346171,"E92000001","E19000001","E18000004","E10000007","E07000032","E05003292"
"DE757EG",10,443456,346417,"E92000001","E19000001","E18000004","E10000007","E07000032","E05003292"
"DE757EL",10,443291,345987,"E92000001","E19000001","E18000004","E10000007","E07000032","E05003292"
"DE757EN",10,443167,346117,"E92000001","E19000001","E18000004","E10000007","E07000032","E05003292"
"DE757EP",10,443122,346142,"E92000001","E19000001","E18000004","E10000007","E07000032","E05003292"
"DE757EQ",10,443661,345897,"E92000001","E19000001","E18000004","E10000007","E07000032","E05008522"
"DE757ER",10,443262,345935,"E92000001","E19000001","E18000004","E10000007","E07000032","E05003292"
"DE757ES",10,443474,345823,"E92000001","E19000001","E18000004","E10000007","E07000032","E05008522"
"DE757ET",10,443279,346552,"E92000001","E19000001","E18000004","E10000007","E07000032","E05003292"
"DE757EU",10,442605,346836,"E92000001","E19000001","E18000004","E10000007","E07000032","E05003290"
"DE757EW",10,442644,346788,"E92000001","E19000001","E18000004","E10000007","E07000032","E05003290"
"DE757EX",10,443096,346669,"E92000001","E19000001","E18000004","E10000007","E07000032","E05003292"
"DE757EZ",10,443205,346635,"E92000001","E19000001","E18000004","E10000007","E07000032","E05003290"
"DE757FB",30,443529,345797,"E92000001","E19000001","E18000004","E10000007","E07000032","E05008522"
"DE757FD",10,443047,346681,"E92000001","E19000001","E18000004","E10000007","E07000032","E05003292"
"DE757FE",10,443054,346640,"E92000001","E19000001","E18000004","E10000007","E07000032","E05003292"
"DE757FF",10,442971,346834,"E92000001","E19000001","E18000004","E10000007","E07000032","E05003290"
"DE757FG",10,442883,347049,"E92000001","E19000001","E18000004","E10000007","E07000032","E05003290"
"DE757FH",10,442889,346830,"E92000001","E19000001","E18000004","E10000007","E07000032","E05003290"
"DE757FJ",10,442871,346702,"E92000001","E19000001","E18000004","E10000007","E07000032","E05003292"
"DE757FL",10,442866,346668,"E92000001","E19000001","E18000004","E10000007","E07000032","E05003292"
"DE757FN",10,442791,346713,"E92000001","E19000001","E18000004","E10000007","E07000032","E05003292"
"DE757FP",10,442687,346732,"E92000001","E19000001","E18000004","E10000007","E07000032","E05003290"
"DE757FQ",10,442325,346727,"E92000001","E19000001","E18000004","E10000007","E07000032","E05003290"
"DE757FR",10,442554,346846,"E92000001","E19000001","E18000004","E10000007","E07000032","E05003290"
"DE757FS",10,442763,346784,"E92000001","E19000001","E18000004","E10000007","E07000032","E05003290"
"DE757FT",10,442875,346758,"E92000001","E19000001","E18000004","E10000007","E07000032","E05003292"
"DE757FW",10,442752,347043,"E92000001","E19000001","E18000004","E10000007","E07000032","E05003290"
"DE757FX",10,442808,346939,"E92000001","E19000001","E18000004","E10000007","E07000032","E05003290"
"DE757FY",10,443005,346980,"E92000001","E19000001","E18000004","E10000007","E07000032","E05003290"
"DE757FZ",10,442972,347041,"E92000001","E19000001","E18000004","E10000007","E07000032","E05003290"
"DE757GA",10,442458,346998,"E92000001","E19000001","E18000004","E10000007","E07000032","E05003290"
"DE757GB",10,442459,346891,"E92000001","E19000001","E18000004","E10000007","E07000032","E05003290"
"DE757GD",10,443359,346399,"E92000001","E19000001","E18000004","E10000007","E07000032","E05003292"
"DE757GE",10,443302,346414,"E92000001","E19000001","E18000004","E10000007","E07000032","E05003292"
"DE757GF",10,443150,346322,"E92000001","E19000001","E18000004","E10000007","E07000032","E05003292"
"DE757GG",10,443150,346353,"E92000001","E19000001","E18000004","E10000007","E07000032","E05003292"
"DE757GH",10,442919,347157,"E92000001","E19000001","E18000004","E10000007","E07000032","E05003290"
"DE757GJ",10,442915,347098,"E92000001","E19000001","E18000004","E10000007","E07000032","E05003290"
"DE757GL",10,442980,346289,"E92000001","E19000001","E18000004","E10000007","E07000032","E05003292"
"DE757GN",10,443035,346367,"E92000001","E19000001","E18000004","E10000007","E07000032","E05003292"
"DE757GP",10,442999,346233,"E92000001","E19000001","E18000004","E10000007","E07000032","E05003292"
"DE757GQ",10,442942,346207,"E92000001","E19000001","E18000004","E10000007","E07000032","E05003292"
"DE757GR",10,442989,346020,"E92000001","E19000001","E18000004","E10000007","E07000032","E05003292"
"DE757GS",10,442849,346147,"E92000001","E19000001","E18000004","E10000007","E07000032","E05003292"
"DE757GT",10,443028,346043,"E92000001","E19000001","E18000004","E10000007","E07000032","E05003292"
"DE757GU",10,442848,346091,"E92000001","E19000001","E18000004","E10000007","E07000032","E05003292"
"DE757GW",10,443113,346194,"E92000001","E19000001","E18000004","E10000007","E07000032","E05003292"
"DE757GX",10,443095,345667,"E92000001","E19000001","E18000004","E10000007","E07000032","E05008524"
"DE757GY",10,442921,345947,"E92000001","E19000001","E18000004","E10000007","E07000032","E05008524"
"DE757GZ",10,442916,346050,"E92000001","E19000001","E18000004","E10000007","E07000032","E05003292"
"DE757HA",10,443768,346407,"E92000001","E19000001","E18000004","E10000007","E07000032","E05003292"
"DE757HB",10,444116,346336,"E92000001","E19000001","E18000004","E10000007","E07000032","E05003292"
"DE757HD",10,444315,346381,"E92000001","E19000001","E18000004","E10000007","E07000032","E05008522"
"DE757HE",10,444172,346280,"E92000001","E19000001","E18000004","E10000007","E07000032","E05008522"
"DE757HF",10,444046,346162,"E92000001","E19000001","E18000004","E10000007","E07000032","E05008522"
"DE757HG",10,444493,346496,"E92000001","E19000001","E18000004","E10000007","E07000032","E05008522"
"DE757HH",10,444574,346230,"E92000001","E19000001","E18000004","E10000007","E07000032","E05008522"
"DE757HJ",10,444629,346285,"E92000001","E19000001","E18000004","E10000007","E07000032","E05008522"
"DE757HL",10,444862,346126,"E92000001","E19000001","E18000004","E10000007","E07000032","E05008522"
"DE757HN",10,445003,346230,"E92000001","E19000001","E18000004","E10000007","E07000032","E05008522"
"DE757HP",10,444924,346212,"E92000001","E19000001","E18000004","E10000007","E07000032","E05008522"
"DE757HQ",10,444565,346093,"E92000001","E19000001","E18000004","E10000007","E07000032","E05008522"
"DE757HR",10,444776,346062,"E92000001","E19000001","E18000004","E10000007","E07000032","E05008522"
"DE757HS",10,444285,346120,"E92000001","E19000001","E18000004","E10000007","E07000032","E05008522"
"DE757HT",10,445467,346025,"E92000001","E19000001","E18000004","E10000007","E07000032","E05003295"
"DE757HU",10,444125,346264,"E92000001","E19000001","E18000004","E10000007","E07000032","E05008522"
"DE757HW",10,444548,346512,"E92000001","E19000001","E18000004","E10000007","E07000032","E05008522"
"DE757HX",10,444641,346613,"E92000001","E19000001","E18000004","E10000007","E07000032","E05008522"
"DE757HY",10,444595,346689,"E92000001","E19000001","E18000004","E10000007","E07000032","E05008522"
"DE757HZ",10,444574,346319,"E92000001","E19000001","E18000004","E10000007","E07000032","E05008522"
"DE757JA",10,444589,345372,"E92000001","E19000001","E18000004","E10000007","E07000032","E05008524"
"DE757JB",10,444846,345010,"E92000001","E19000001","E18000004","E10000007","E07000032","E05008524"
"DE757JD",10,445110,344740,"E92000001","E19000001","E18000004","E10000007","E07000032","E05008524"
"DE757JE",10,445522,344459,"E92000001","E19000001","E18000004","E10000007","E07000032","E05008524"
"DE757JF",10,445761,344874,"E92000001","E19000001","E18000004","E10000007","E07000032","E05008524"
"DE757JG",10,444239,345184,"E92000001","E19000001","E18000004","E10000007","E07000032","E05008524"
"DE757JH",10,444431,344870,"E92000001","E19000001","E18000004","E10000007","E07000032","E05008524"
"DE757JJ",10,443627,344261,"E92000001","E19000001","E18000004","E10000007","E07000032","E05008524"
"DE757JL",10,444979,344723,"E92000001","E19000001","E18000004","E10000007","E07000032","E05008524"
"DE757JN",10,442307,347836,"E92000001","E19000001","E18000004","E10000007","E07000032","E05003290"
"DE757JP",10,442951,344700,"E92000001","E19000001","E18000004","E10000007","E07000032","E05008524"
"DE757JQ",10,444197,344868,"E92000001","E19000001","E18000004","E10000007","E07000032","E05008524"
"DE757JR",10,444230,345514,"E92000001","E19000001","E18000004","E10000007","E07000032","E05008524"
"DE757JS",10,444507,344633,"E92000001","E19000001","E18000004","E10000007","E07000032","E05008524"
"DE757JT",10,442651,347278,"E92000001","E19000001","E18000004","E10000007","E07000032","E05003290"
"DE757JU",10,444169,345488,"E92000001","E19000001","E18000004","E10000007","E07000032","E05008524"
"DE757JW",10,442699,347037,"E92000001","E19000001","E18000004","E10000007","E07000032","E05003290"
"DE757JX",10,442677,347082,"E92000001","E19000001","E18000004","E10000007","E07000032","E05003290"
"DE757JY",10,442544,347191,"E92000001","E19000001","E18000004","E10000007","E07000032","E05003290"
"DE757JZ",10,442501,347192,"E92000001","E19000001","E18000004","E10000007","E07000032","E05003290"
"DE757LA",10,441910,348292,"E92000001","E19000001","E18000004","E10000007","E07000032","E05003290"
"DE757LB",10,442215,347747,"E92000001","E19000001","E18000004","E10000007","E07000032","E05003290"
"DE757LD",10,442436,347851,"E92000001","E19000001","E18000004","E10000007","E07000032","E05003290"
"DE757LE",10,442318,347679,"E92000001","E19000001","E18000004","E10000007","E07000032","E05003290"
"DE757LF",10,442206,347910,"E92000001","E19000001","E18000004","E10000007","E07000032","E05003290"
"DE757LG",10,442022,348223,"E92000001","E19000001","E18000004","E10000007","E07000032","E05003290"
"DE757LH",10,442329,347979,"E92000001","E19000001","E18000004","E10000007","E07000032","E05003290"
"DE757LJ",10,442367,347957,"E92000001","E19000001","E18000004","E10000007","E07000032","E05003290"
"DE757LL",10,442298,348066,"E92000001","E19000001","E18000004","E10000007","E07000032","E05003290"
"DE757LN",10,441926,348212,"E92000001","E19000001","E18000004","E10000007","E07000032","E05003290"
"DE757LP",10,441886,348132,"E92000001","E19000001","E18000004","E10000007","E07000032","E05003290"
"DE757LQ",10,442167,347870,"E92000001","E19000001","E18000004","E10000007","E07000032","E05003290"
"DE757LR",10,442104,347886,"E92000001","E19000001","E18000004","E10000007","E07000032","E05003290"
"DE757LS",10,442384,347768,"E92000001","E19000001","E18000004","E10000007","E07000032","E05003290"
"DE757LT",10,442482,347943,"E92000001","E19000001","E18000004","E10000007","E07000032","E05003290"
"DE757LU",10,442430,347914,"E92000001","E19000001","E18000004","E10000007","E07000032","E05003290"
"DE757LW",10,442238,347694,"E92000001","E19000001","E18000004","E10000007","E07000032","E05003290"
"DE757LX",10,444125,345673,"E92000001","E19000001","E18000004","E10000007","E07000032","E05008522"
"DE757LY",10,444357,345443,"E92000001","E19000001","E18000004","E10000007","E07000032","E05008524"
"DE757LZ",10,444161,345684,"E92000001","E19000001","E18000004","E10000007","E07000032","E05008522"
"DE757NA",10,444133,345732,"E92000001","E19000001","E18000004","E10000007","E07000032","E05008522"
"DE757NB",10,444103,345921,"E92000001","E19000001","E18000004","E10000007","E07000032","E05008522"
"DE757ND",10,442289,347746,"E92000001","E19000001","E18000004","E10000007","E07000032","E05003290"
"DE757NE",10,444179,345953,"E92000001","E19000001","E18000004","E10000007","E07000032","E05008522"
"DE757NF",10,444130,345893,"E92000001","E19000001","E18000004","E10000007","E07000032","E05008522"
"DE757NG",10,444166,345870,"E92000001","E19000001","E18000004","E10000007","E07000032","E05008522"
"DE757NH",10,444211,346030,"E92000001","E19000001","E18000004","E10000007","E07000032","E05008522"
"DE757NJ",10,444145,345839,"E92000001","E19000001","E18000004","E10000007","E07000032","E05008522"
"DE757NL",10,444334,345961,"E92000001","E19000001","E18000004","E10000007","E07000032","E05008522"
"DE757NN",10,442423,347606,"E92000001","E19000001","E18000004","E10000007","E07000032","E05003290"
"DE757NP",10,444798,346362,"E92000001","E19000001","E18000004","E10000007","E07000032","E05008522"
"DE757NQ",10,444845,346335,"E92000001","E19000001","E18000004","E10000007","E07000032","E05008522"
"DE757NR",10,443277,346511,"E92000001","E19000001","E18000004","E10000007","E07000032","E05003292"
"DE757NS",10,443387,346425,"E92000001","E19000001","E18000004","E10000007","E07000032","E05003292"
"DE757NU",10,444881,346400,"E92000001","E19000001","E18000004","E10000007","E07000032","E05008522"
"DE757NX",10,444660,346406,"E92000001","E19000001","E18000004","E10000007","E07000032","E05008522"
"DE757NZ",10,443316,346503,"E92000001","E19000001","E18000004","E10000007","E07000032","E05003292"
"DE757PA",10,443257,346519,"E92000001","E19000001","E18000004","E10000007","E07000032","E05003292"
"DE757PB",10,444699,346421,"E92000001","E19000001","E18000004","E10000007","E07000032","E05008522"
"DE757PE",10,443333,346671,"E92000001","E19000001","E18000004","E10000007","E07000032","E05003290"
"DE757PF",10,444661,346357,"E92000001","E19000001","E18000004","E10000007","E07000032","E05008522"
"DE757PG",10,443285,346820,"E92000001","E19000001","E18000004","E10000007","E07000032","E05003290"
"DE757PH",10,444891,346240,"E92000001","E19000001","E18000004","E10000007","E07000032","E05008522"
"DE757PJ",10,443205,346927,"E92000001","E19000001","E18000004","E10000007","E07000032","E05003290"
"DE757PL",10,443171,346825,"E92000001","E19000001","E18000004","E10000007","E07000032","E05003290"
"DE757PN",10,443105,346849,"E92000001","E19000001","E18000004","E10000007","E07000032","E05003290"
"DE757PP",10,443073,346919,"E92000001","E19000001","E18000004","E10000007","E07000032","E05003290"
"DE757PQ",10,443329,347120,"E92000001","E19000001","E18000004","E10000007","E07000032","E05003290"
"DE757PR",10,443438,347070,"E92000001","E19000001","E18000004","E10000007","E07000032","E05003290"
"DE757PS",10,443443,347010,"E92000001","E19000001","E18000004","E10000007","E07000032","E05003290"
"DE757PT",10,443339,346904,"E92000001","E19000001","E18000004","E10000007","E07000032","E05003290"
"DE757PU",10,443534,346914,"E92000001","E19000001","E18000004","E10000007","E07000032","E05003290"
"DE757PW",10,443375,346710,"E92000001","E19000001","E18000004","E10000007","E07000032","E05003290"
"DE757PX",10,443399,346823,"E92000001","E19000001","E18000004","E10000007","E07000032","E05003290"
"DE757PY",10,443342,346616,"E92000001","E19000001","E18000004","E10000007","E07000032","E05003290"
"DE757PZ",10,443535,346735,"E92000001","E19000001","E18000004","E10000007","E07000032","E05003292"
"DE757QA",10,443502,346734,"E92000001","E19000001","E18000004","E10000007","E07000032","E05003290"
"DE757QB",10,443449,346812,"E92000001","E19000001","E18000004","E10000007","E07000032","E05003290"
"DE757QD",10,443158,346422,"E92000001","E19000001","E18000004","E10000007","E07000032","E05003292"
"DE757QE",10,443091,346378,"E92000001","E19000001","E18000004","E10000007","E07000032","E05003292"
"DE757QF",10,443224,346439,"E92000001","E19000001","E18000004","E10000007","E07000032","E05003292"
"DE757QG",10,443144,346471,"E92000001","E19000001","E18000004","E10000007","E07000032","E05003292"
"DE757QH",10,443026,346488,"E92000001","E19000001","E18000004","E10000007","E07000032","E05003292"
"DE757QJ",10,442962,346379,"E92000001","E19000001","E18000004","E10000007","E07000032","E05003292"
"DE757QL",10,442763,346289,"E92000001","E19000001","E18000004","E10000007","E07000032","E05003292"
"DE757QN",10,443164,346484,"E92000001","E19000001","E18000004","E10000007","E07000032","E05003292"
"DE757QP",10,442524,346142,"E92000001","E19000001","E18000004","E10000007","E07000032","E05008524"
"DE757QQ",10,442899,346454,"E92000001","E19000001","E18000004","E10000007","E07000032","E05003292"
"DE757QR",10,442967,346616,"E92000001","E19000001","E18000004","E10000007","E07000032","E05003292"
"DE757QS",10,442906,346592,"E92000001","E19000001","E18000004","E10000007","E07000032","E05003292"
"DE757QT",10,442932,346560,"E92000001","E19000001","E18000004","E10000007","E07000032","E05003292"
"DE757QU",10,442715,346553,"E92000001","E19000001","E18000004","E10000007","E07000032","E05003292"
"DE757QW",10,442809,346450,"E92000001","E19000001","E18000004","E10000007","E07000032","E05003292"
"DE757QX",10,442657,346331,"E92000001","E19000001","E18000004","E10000007","E07000032","E05003292"
"DE757QY",10,442275,346057,"E92000001","E19000001","E18000004","E10000007","E07000032","E05008524"
"DE757QZ",10,442495,346061,"E92000001","E19000001","E18000004","E10000007","E07000032","E05008524"
"DE757RA",10,442304,346155,"E92000001","E19000001","E18000004","E10000007","E07000032","E05008524"
"DE757RD",10,442491,346441,"E92000001","E19000001","E18000004","E10000007","E07000032","E05003292"
"DE757RF",10,444970,346312,"E92000001","E19000001","E18000004","E10000007","E07000032","E05008522"
"DE757RG",10,442850,345919,"E92000001","E19000001","E18000004","E10000007","E07000032","E05008524"
"DE757RH",10,444960,346262,"E92000001","E19000001","E18000004","E10000007","E07000032","E05008522"
"DE757RJ",10,442799,345949,"E92000001","E19000001","E18000004","E10000007","E07000032","E05008524"
"DE757RL",10,442433,346421,"E92000001","E19000001","E18000004","E10000007","E07000032","E05008524"
"DE757RN",10,442177,347537,"E92000001","E19000001","E18000004","E10000007","E07000032","E05003290"
"DE757RP",10,441983,347627,"E92000001","E19000001","E18000004","E10000007","E07000032","E05003290"
"DE757RQ",10,442140,347634,"E92000001","E19000001","E18000004","E10000007","E07000032","E05003290"
"DE757RR",10,442162,347587,"E92000001","E19000001","E18000004","E10000007","E07000032","E05003290"
"DE757RS",10,442117,347714,"E92000001","E19000001","E18000004","E10000007","E07000032","E05003290"
"DE757RT",10,441980,347490,"E92000001","E19000001","E18000004","E10000007","E07000032","E05003290"
"DE757RU",10,441943,347649,"E92000001","E19000001","E18000004","E10000007","E07000032","E05003290"
"DE757RW",10,442103,347782,"E92000001","E19000001","E18000004","E10000007","E07000032","E05003290"
"DE757RX",10,441878,347727,"E92000001","E19000001","E18000004","E10000007","E07000032","E05003290"
"DE757RY",10,445019,346304,"E92000001","E19000001","E18000004","E10000007","E07000032","E05008522"
"DE757RZ",10,442379,345936,"E92000001","E19000001","E18000004","E10000007","E07000032","E05008524"
"DE757SA",10,442555,346447,"E92000001","E19000001","E18000004","E10000007","E07000032","E05003292"
"DE757SB",10,442642,346428,"E92000001","E19000001","E18000004","E10000007","E07000032","E05003292"
"DE757SD",10,443019,346625,"E92000001","E19000001","E18000004","E10000007","E07000032","E05003292"
"DE757SE",10,442410,346346,"E92000001","E19000001","E18000004","E10000007","E07000032","E05008524"
"DE757SF",10,442357,346438,"E92000001","E19000001","E18000004","E10000007","E07000032","E05008524"
"DE757SG",10,442530,345771,"E92000001","E19000001","E18000004","E10000007","E07000032","E05008524"
"DE757SJ",10,442596,345843,"E92000001","E19000001","E18000004","E10000007","E07000032","E05008524"
"DE757SL",10,443620,346932,"E92000001","E19000001","E18000004","E10000007","E07000032","E05003290"
"DE757SN",10,442445,346489,"E92000001","E19000001","E18000004","E10000007","E07000032","E05008524"
"DE757SP",10,442555,345642,"E92000001","E19000001","E18000004","E10000007","E07000032","E05008524"
"DE757SR",10,443681,346798,"E92000001","E19000001","E18000004","E10000007","E07000032","E05003292"
"DE757SS",10,443597,346753,"E92000001","E19000001","E18000004","E10000007","E07000032","E05003292"
"DE757ST",10,443618,346604,"E92000001","E19000001","E18000004","E10000007","E07000032","E05003292"
"DE757SU",10,443843,346928,"E92000001","E19000001","E18000004","E10000007","E07000032","E05003292"
"DE757SW",10,442574,345517,"E92000001","E19000001","E18000004","E10000007","E07000032","E05008524"
"DE757SX",10,443753,346928,"E92000001","E19000001","E18000004","E10000007","E07000032","E05003292"
"DE757SY",10,442462,345955,"E92000001","E19000001","E18000004","E10000007","E07000032","E05008524"
"DE757SZ",10,442616,346521,"E92000001","E19000001","E18000004","E10000007","E07000032","E05003292"
"DE757TA",10,442555,347590,"E92000001","E19000001","E18000004","E10000007","E07000032","E05003290"
"DE757TB",10,444134,346435,"E92000001","E19000001","E18000004","E10000007","E07000032","E05003292"
"DE757TD",10,443129,347079,"E92000001","E19000001","E18000004","E10000007","E07000032","E05003290"
"DE757TE",10,443091,347041,"E92000001","E19000001","E18000004","E10000007","E07000032","E05003290"
"DE757TG",10,442440,346696,"E92000001","E19000001","E18000004","E10000007","E07000032","E05008524"
"DE757TH",10,444316,346191,"E92000001","E19000001","E18000004","E10000007","E07000032","E05008522"
"DE757TJ",10,442504,346688,"E92000001","E19000001","E18000004","E10000007","E07000032","E05008524"
"DE757TL",10,444414,346225,"E92000001","E19000001","E18000004","E10000007","E07000032","E05008522"
"DE757TN",10,444455,346137,"E92000001","E19000001","E18000004","E10000007","E07000032","E05008522"
"DE757TP",10,442437,346581,"E92000001","E19000001","E18000004","E10000007","E07000032","E05008524"
"DE757TQ",10,444100,346448,"E92000001","E19000001","E18000004","E10000007","E07000032","E05003292"
"DE757TR",10,443827,346797,"E92000001","E19000001","E18000004","E10000007","E07000032","E05003292"
"DE757TS",10,443737,346795,"E92000001","E19000001","E18000004","E10000007","E07000032","E05003292"
"DE757TT",10,444303,346277,"E92000001","E19000001","E18000004","E10000007","E07000032","E05008522"
"DE757TU",10,442677,346515,"E92000001","E19000001","E18000004","E10000007","E07000032","E05003292"
"DE757TW",10,444458,346237,"E92000001","E19000001","E18000004","E10000007","E07000032","E05008522"
"DE757TX",10,442522,346501,"E92000001","E19000001","E18000004","E10000007","E07000032","E05003292"
"DE757TY",10,442381,346555,"E92000001","E19000001","E18000004","E10000007","E07000032","E05008524"
"DE757TZ",10,442414,346657,"E92000001","E19000001","E18000004","E10000007","E07000032","E05008524"
"DE757UA",10,444727,346305,"E92000001","E19000001","E18000004","E10000007","E07000032","E05008522"
"DE757UB",10,442562,346303,"E92000001","E19000001","E18000004","E10000007","E07000032","E05003292"
"DE757UD",10,442600,346268,"E92000001","E19000001","E18000004","E10000007","E07000032","E05003292"
"DE757UE",10,442614,346230,"E92000001","E19000001","E18000004","E10000007","E07000032","E05003292"
"DE757UG",10,444969,346399,"E92000001","E19000001","E18000004","E10000007","E07000032","E05008522"
"DE757UJ",10,444989,346423,"E92000001","E19000001","E18000004","E10000007","E07000032","E05008522"
"DE757UL",10,443780,345357,"E92000001","E19000001","E18000004","E10000007","E07000032","E05008522"
"DE757UN",10,443834,345292,"E92000001","E19000001","E18000004","E10000007","E07000032","E05008522"
"DE757UP",10,443873,345194,"E92000001","E19000001","E18000004","E10000007","E07000032","E05008522"
"DE757UQ",10,444824,346283,"E92000001","E19000001","E18000004","E10000007","E07000032","E05008522"
"DE757UR",10,442364,346201,"E92000001","E19000001","E18000004","E10000007","E07000032","E05008524"
"DE757US",10,443873,346853,"E92000001","E19000001","E18000004","E10000007","E07000032","E05003292"
"DE757UT",10,443757,346842,"E92000001","E19000001","E18000004","E10000007","E07000032","E05003292"
"DE757UU",10,443333,346965,"E92000001","E19000001","E18000004","E10000007","E07000032","E05003290"
"DE757UW",10,443482,346072,"E92000001","E19000001","E18000004","E10000007","E07000032","E05003292"
"DE757UX",10,443562,346176,"E92000001","E19000001","E18000004","E10000007","E07000032","E05003292"
"DE757UY",10,443544,346070,"E92000001","E19000001","E18000004","E10000007","E07000032","E05003292"
"DE757UZ",10,443468,345969,"E92000001","E19000001","E18000004","E10000007","E07000032","E05003292"
"DE757WA",10,442591,346684,"E92000001","E19000001","E18000004","E10000007","E07000032","E05003290"
"DE757WD",10,442777,346347,"E92000001","E19000001","E18000004","E10000007","E07000032","E05003292"
"DE757WE",10,444655,346057,"E92000001","E19000001","E18000004","E10000007","E07000032","E05008522"
"DE757WF",10,444257,346253,"E92000001","E19000001","E18000004","E10000007","E07000032","E05008522"
"DE757WG",10,443260,346481,"E92000001","E19000001","E18000004","E10000007","E07000032","E05003292"
"DE757WH",10,443724,346474,"E92000001","E19000001","E18000004","E10000007","E07000032","E05003292"
"DE757WJ",10,442271,346892,"E92000001","E19000001","E18000004","E10000007","E07000032","E05003290"
"DE757WL",10,442271,346892,"E92000001","E19000001","E18000004","E10000007","E07000032","E05003290"
"DE757WN",10,442983,347070,"E92000001","E19000001","E18000004","E10000007","E07000032","E05003290"
"DE757WP",50,442591,346684,"E92000001","E19000001","E18000004","E10000007","E07000032","E05003290"
"DE757WZ",10,445905,342226,"E92000001","E19000001","E18000004","E10000007","E07000036","E05010614"
"DE757XB",10,442450,346255,"E92000001","E19000001","E18000004","E10000007","E07000032","E05008524"
"DE757XD",10,442480,346194,"E92000001","E19000001","E18000004","E10000007","E07000032","E05008524"
"DE757XE",10,442480,346150,"E92000001","E19000001","E18000004","E10000007","E07000032","E05008524"
"DE757XT",10,444083,345478,"E92000001","E19000001","E18000004","E10000007","E07000032","E05008522"
"DE757YR",10,444175,346991,"E92000001","E19000001","E18000004","E10000007","E07000032","E05003292"
"DE757YS",10,444213,346882,"E92000001","E19000001","E18000004","E10000007","E07000032","E05003292"
"DE757YT",10,444185,346926,"E92000001","E19000001","E18000004","E10000007","E07000032","E05003292"
"DE757YU",10,444079,346943,"E92000001","E19000001","E18000004","E10000007","E07000032","E05003292"
"DE757YX",10,444039,347022,"E92000001","E19000001","E18000004","E10000007","E07000032","E05003292"
"DE757YY",10,444125,346989,"E92000001","E19000001","E18000004","E10000007","E07000032","E05003292"
"DE757ZA",10,445905,342226,"E92000001","E19000001","E18000004","E10000007","E07000036","E05010614"
"DE757ZL",10,445905,342226,"E92000001","E19000001","E18000004","E10000007","E07000036","E05010614"
"DE759AB",10,445905,342226,"E92000001","E19000001","E18000004","E10000007","E07000036","E05010614"
"DE759AR",10,445905,342226,"E92000001","E19000001","E18000004","E10000007","E07000036","E05010614"
"DE759AY",10,445905,342226,"E92000001","E19000001","E18000004","E10000007","E07000036","E05010614"
"DE759BD",10,445905,342226,"E92000001","E19000001","E18000004","E10000007","E07000036","E05010614"
"DE993AA",10,435996,335424,"E92000001","E19000001","E18000004","","E06000015","E05001770"
"DE993AB",10,435996,335424,"E92000001","E19000001","E18000004","","E06000015","E05001770"
"DE993GG",10,436732,335523,"E92000001","E19000001","E18000004","","E06000015","E05001769"
